File Created:,Mon Jul 29 20:07:20 2024
Heat Source Version:,9.0.0b26
Simulation Name:,WFK23
User Text:,Westfork Kickapoo
Output:,Solar Radiation Flux Received by Substrate (watts/square meter)
""
Datetime,23.500,23.400,23.300,23.200,23.100,23.000,22.900,22.800,22.700,22.600,22.500,22.400,22.300,22.200,22.100,22.000,21.900,21.800,21.700,21.600,21.500,21.400,21.300,21.200,21.100,21.000,20.900,20.800,20.700,20.600,20.500,20.400,20.300,20.200,20.100,20.000,19.900,19.800,19.700,19.600,19.500,19.400,19.300,19.200,19.100,19.000,18.900,18.800,18.700,18.600,18.500,18.400,18.300,18.200,18.100,18.000,17.900,17.800,17.700,17.600,17.500,17.400,17.300,17.200,17.100,17.000,16.900,16.800,16.700,16.600,16.500,16.400,16.300,16.200,16.100,16.000,15.900,15.800,15.700,15.600,15.500,15.400,15.300,15.200,15.100,15.000,14.900,14.800,14.700,14.600,14.500,14.400,14.300,14.200,14.100,14.000,13.900,13.800,13.700,13.600,13.500,13.400,13.300,13.200,13.100,13.000,12.900,12.800,12.700,12.600,12.500,12.400,12.300,12.200,12.100,12.000,11.900,11.800,11.700,11.600,11.500,11.400,11.300,11.200,11.100,11.000,10.900,10.800,10.700,10.600,10.500,10.400,10.300,10.200,10.100,10.000,9.900,9.800,9.700,9.600,9.500,9.400,9.300,9.200,9.100,9.000,8.900,8.800,8.700,8.600,8.500,8.400,8.300,8.200,8.100,8.000,7.900,7.800,7.700,7.600,7.500,7.400,7.300,7.200,7.100,7.000,6.900,6.800,6.700,6.600,6.500,6.400,6.300,6.200,6.100,6.000,5.900,5.800,5.700,5.600,5.500,5.400,5.300,5.200,5.100,5.000,4.900,4.800,4.700,4.600,4.500,4.400,4.300,4.200,4.100,4.000,3.900,3.800,3.700,3.600,3.500,3.400,3.300,3.200,3.100,3.000,2.900,2.800,2.700,2.600,2.500,2.400,2.300,2.200,2.100,2.000,1.900,1.800,1.700,1.600,1.500,1.400,1.300,1.200,1.100,1.000,0.900,0.800,0.700,0.600,0.500,0.400,0.300,0.200,0.100,0.000
45108.0000000,0.0000,0.0000,0.0000,0.0000,0.0000,0.0000,0.0000,0.0000,0.0000,0.0000,0.0000,0.0000,0.0000,0.0000,0.0000,0.0000,0.0000,0.0000,0.0000,0.0000,0.0000,0.0000,0.0000,0.0000,0.0000,0.0000,0.0000,0.0000,0.0000,0.0000,0.0000,0.0000,0.0000,0.0000,0.0000,0.0000,0.0000,0.0000,0.0000,0.0000,0.0000,0.0000,0.0000,0.0000,0.0000,0.0000,0.0000,0.0000,0.0000,0.0000,0.0000,0.0000,0.0000,0.0000,0.0000,0.0000,0.0000,0.0000,0.0000,0.0000,0.0000,0.0000,0.0000,0.0000,0.0000,0.0000,0.0000,0.0000,0.0000,0.0000,0.0000,0.0000,0.0000,0.0000,0.0000,0.0000,0.0000,0.0000,0.0000,0.0000,0.0000,0.0000,0.0000,0.0000,0.0000,0.0000,0.0000,0.0000,0.0000,0.0000,0.0000,0.0000,0.0000,0.0000,0.0000,0.0000,0.0000,0.0000,0.0000,0.0000,0.0000,0.0000,0.0000,0.0000,0.0000,0.0000,0.0000,0.0000,0.0000,0.0000,0.0000,0.0000,0.0000,0.0000,0.0000,0.0000,0.0000,0.0000,0.0000,0.0000,0.0000,0.0000,0.0000,0.0000,0.0000,0.0000,0.0000,0.0000,0.0000,0.0000,0.0000,0.0000,0.0000,0.0000,0.0000,0.0000,0.0000,0.0000,0.0000,0.0000,0.0000,0.0000,0.0000,0.0000,0.0000,0.0000,0.0000,0.0000,0.0000,0.0000,0.0000,0.0000,0.0000,0.0000,0.0000,0.0000,0.0000,0.0000,0.0000,0.0000,0.0000,0.0000,0.0000,0.0000,0.0000,0.0000,0.0000,0.0000,0.0000,0.0000,0.0000,0.0000,0.0000,0.0000,0.0000,0.0000,0.0000,0.0000,0.0000,0.0000,0.0000,0.0000,0.0000,0.0000,0.0000,0.0000,0.0000,0.0000,0.0000,0.0000,0.0000,0.0000,0.0000,0.0000,0.0000,0.0000,0.0000,0.0000,0.0000,0.0000,0.0000,0.0000,0.0000,0.0000,0.0000,0.0000,0.0000,0.0000,0.0000,0.0000,0.0000,0.0000,0.0000,0.0000,0.0000,0.0000,0.0000,0.0000,0.0000,0.0000,0.0000,0.0000,0.0000,0.0000,0.0000,0.0000,0.0000,0.0000,0.0000,0.0000,0.0000,0.0000,0.0000,0.0000,0.0000,0.0000
45108.0416667,0.0000,0.0000,0.0000,0.0000,0.0000,0.0000,0.0000,0.0000,0.0000,0.0000,0.0000,0.0000,0.0000,0.0000,0.0000,0.0000,0.0000,0.0000,0.0000,0.0000,0.0000,0.0000,0.0000,0.0000,0.0000,0.0000,0.0000,0.0000,0.0000,0.0000,0.0000,0.0000,0.0000,0.0000,0.0000,0.0000,0.0000,0.0000,0.0000,0.0000,0.0000,0.0000,0.0000,0.0000,0.0000,0.0000,0.0000,0.0000,0.0000,0.0000,0.0000,0.0000,0.0000,0.0000,0.0000,0.0000,0.0000,0.0000,0.0000,0.0000,0.0000,0.0000,0.0000,0.0000,0.0000,0.0000,0.0000,0.0000,0.0000,0.0000,0.0000,0.0000,0.0000,0.0000,0.0000,0.0000,0.0000,0.0000,0.0000,0.0000,0.0000,0.0000,0.0000,0.0000,0.0000,0.0000,0.0000,0.0000,0.0000,0.0000,0.0000,0.0000,0.0000,0.0000,0.0000,0.0000,0.0000,0.0000,0.0000,0.0000,0.0000,0.0000,0.0000,0.0000,0.0000,0.0000,0.0000,0.0000,0.0000,0.0000,0.0000,0.0000,0.0000,0.0000,0.0000,0.0000,0.0000,0.0000,0.0000,0.0000,0.0000,0.0000,0.0000,0.0000,0.0000,0.0000,0.0000,0.0000,0.0000,0.0000,0.0000,0.0000,0.0000,0.0000,0.0000,0.0000,0.0000,0.0000,0.0000,0.0000,0.0000,0.0000,0.0000,0.0000,0.0000,0.0000,0.0000,0.0000,0.0000,0.0000,0.0000,0.0000,0.0000,0.0000,0.0000,0.0000,0.0000,0.0000,0.0000,0.0000,0.0000,0.0000,0.0000,0.0000,0.0000,0.0000,0.0000,0.0000,0.0000,0.0000,0.0000,0.0000,0.0000,0.0000,0.0000,0.0000,0.0000,0.0000,0.0000,0.0000,0.0000,0.0000,0.0000,0.0000,0.0000,0.0000,0.0000,0.0000,0.0000,0.0000,0.0000,0.0000,0.0000,0.0000,0.0000,0.0000,0.0000,0.0000,0.0000,0.0000,0.0000,0.0000,0.0000,0.0000,0.0000,0.0000,0.0000,0.0000,0.0000,0.0000,0.0000,0.0000,0.0000,0.0000,0.0000,0.0000,0.0000,0.0000,0.0000,0.0000,0.0000,0.0000,0.0000,0.0000,0.0000,0.0000,0.0000,0.0000,0.0000,0.0000,0.0000,0.0000,0.0000,0.0000,0.0000,0.0000
45108.0833333,0.0000,0.0000,0.0000,0.0000,0.0000,0.0000,0.0000,0.0000,0.0000,0.0000,0.0000,0.0000,0.0000,0.0000,0.0000,0.0000,0.0000,0.0000,0.0000,0.0000,0.0000,0.0000,0.0000,0.0000,0.0000,0.0000,0.0000,0.0000,0.0000,0.0000,0.0000,0.0000,0.0000,0.0000,0.0000,0.0000,0.0000,0.0000,0.0000,0.0000,0.0000,0.0000,0.0000,0.0000,0.0000,0.0000,0.0000,0.0000,0.0000,0.0000,0.0000,0.0000,0.0000,0.0000,0.0000,0.0000,0.0000,0.0000,0.0000,0.0000,0.0000,0.0000,0.0000,0.0000,0.0000,0.0000,0.0000,0.0000,0.0000,0.0000,0.0000,0.0000,0.0000,0.0000,0.0000,0.0000,0.0000,0.0000,0.0000,0.0000,0.0000,0.0000,0.0000,0.0000,0.0000,0.0000,0.0000,0.0000,0.0000,0.0000,0.0000,0.0000,0.0000,0.0000,0.0000,0.0000,0.0000,0.0000,0.0000,0.0000,0.0000,0.0000,0.0000,0.0000,0.0000,0.0000,0.0000,0.0000,0.0000,0.0000,0.0000,0.0000,0.0000,0.0000,0.0000,0.0000,0.0000,0.0000,0.0000,0.0000,0.0000,0.0000,0.0000,0.0000,0.0000,0.0000,0.0000,0.0000,0.0000,0.0000,0.0000,0.0000,0.0000,0.0000,0.0000,0.0000,0.0000,0.0000,0.0000,0.0000,0.0000,0.0000,0.0000,0.0000,0.0000,0.0000,0.0000,0.0000,0.0000,0.0000,0.0000,0.0000,0.0000,0.0000,0.0000,0.0000,0.0000,0.0000,0.0000,0.0000,0.0000,0.0000,0.0000,0.0000,0.0000,0.0000,0.0000,0.0000,0.0000,0.0000,0.0000,0.0000,0.0000,0.0000,0.0000,0.0000,0.0000,0.0000,0.0000,0.0000,0.0000,0.0000,0.0000,0.0000,0.0000,0.0000,0.0000,0.0000,0.0000,0.0000,0.0000,0.0000,0.0000,0.0000,0.0000,0.0000,0.0000,0.0000,0.0000,0.0000,0.0000,0.0000,0.0000,0.0000,0.0000,0.0000,0.0000,0.0000,0.0000,0.0000,0.0000,0.0000,0.0000,0.0000,0.0000,0.0000,0.0000,0.0000,0.0000,0.0000,0.0000,0.0000,0.0000,0.0000,0.0000,0.0000,0.0000,0.0000,0.0000,0.0000,0.0000,0.0000,0.0000,0.0000,0.0000,0.0000
45108.1250000,0.0000,0.0000,0.0000,0.0000,0.0000,0.0000,0.0000,0.0000,0.0000,0.0000,0.0000,0.0000,0.0000,0.0000,0.0000,0.0000,0.0000,0.0000,0.0000,0.0000,0.0000,0.0000,0.0000,0.0000,0.0000,0.0000,0.0000,0.0000,0.0000,0.0000,0.0000,0.0000,0.0000,0.0000,0.0000,0.0000,0.0000,0.0000,0.0000,0.0000,0.0000,0.0000,0.0000,0.0000,0.0000,0.0000,0.0000,0.0000,0.0000,0.0000,0.0000,0.0000,0.0000,0.0000,0.0000,0.0000,0.0000,0.0000,0.0000,0.0000,0.0000,0.0000,0.0000,0.0000,0.0000,0.0000,0.0000,0.0000,0.0000,0.0000,0.0000,0.0000,0.0000,0.0000,0.0000,0.0000,0.0000,0.0000,0.0000,0.0000,0.0000,0.0000,0.0000,0.0000,0.0000,0.0000,0.0000,0.0000,0.0000,0.0000,0.0000,0.0000,0.0000,0.0000,0.0000,0.0000,0.0000,0.0000,0.0000,0.0000,0.0000,0.0000,0.0000,0.0000,0.0000,0.0000,0.0000,0.0000,0.0000,0.0000,0.0000,0.0000,0.0000,0.0000,0.0000,0.0000,0.0000,0.0000,0.0000,0.0000,0.0000,0.0000,0.0000,0.0000,0.0000,0.0000,0.0000,0.0000,0.0000,0.0000,0.0000,0.0000,0.0000,0.0000,0.0000,0.0000,0.0000,0.0000,0.0000,0.0000,0.0000,0.0000,0.0000,0.0000,0.0000,0.0000,0.0000,0.0000,0.0000,0.0000,0.0000,0.0000,0.0000,0.0000,0.0000,0.0000,0.0000,0.0000,0.0000,0.0000,0.0000,0.0000,0.0000,0.0000,0.0000,0.0000,0.0000,0.0000,0.0000,0.0000,0.0000,0.0000,0.0000,0.0000,0.0000,0.0000,0.0000,0.0000,0.0000,0.0000,0.0000,0.0000,0.0000,0.0000,0.0000,0.0000,0.0000,0.0000,0.0000,0.0000,0.0000,0.0000,0.0000,0.0000,0.0000,0.0000,0.0000,0.0000,0.0000,0.0000,0.0000,0.0000,0.0000,0.0000,0.0000,0.0000,0.0000,0.0000,0.0000,0.0000,0.0000,0.0000,0.0000,0.0000,0.0000,0.0000,0.0000,0.0000,0.0000,0.0000,0.0000,0.0000,0.0000,0.0000,0.0000,0.0000,0.0000,0.0000,0.0000,0.0000,0.0000,0.0000,0.0000,0.0000,0.0000,0.0000
45108.1666667,0.0000,0.0000,0.0000,0.0000,0.0000,0.0000,0.0000,0.0000,0.0000,0.0000,0.0000,0.0000,0.0000,0.0000,0.0000,0.0000,0.0000,0.0000,0.0000,0.0000,0.0000,0.0000,0.0000,0.0000,0.0000,0.0000,0.0000,0.0000,0.0000,0.0000,0.0000,0.0000,0.0000,0.0000,0.0000,0.0000,0.0000,0.0000,0.0000,0.0000,0.0000,0.0000,0.0000,0.0000,0.0000,0.0000,0.0000,0.0000,0.0000,0.0000,0.0000,0.0000,0.0000,0.0000,0.0000,0.0000,0.0000,0.0000,0.0000,0.0000,0.0000,0.0000,0.0000,0.0000,0.0000,0.0000,0.0000,0.0000,0.0000,0.0000,0.0000,0.0000,0.0000,0.0000,0.0000,0.0000,0.0000,0.0000,0.0000,0.0000,0.0000,0.0000,0.0000,0.0000,0.0000,0.0000,0.0000,0.0000,0.0000,0.0000,0.0000,0.0000,0.0000,0.0000,0.0000,0.0000,0.0000,0.0000,0.0000,0.0000,0.0000,0.0000,0.0000,0.0000,0.0000,0.0000,0.0000,0.0000,0.0000,0.0000,0.0000,0.0000,0.0000,0.0000,0.0000,0.0000,0.0000,0.0000,0.0000,0.0000,0.0000,0.0000,0.0000,0.0000,0.0000,0.0000,0.0000,0.0000,0.0000,0.0000,0.0000,0.0000,0.0000,0.0000,0.0000,0.0000,0.0000,0.0000,0.0000,0.0000,0.0000,0.0000,0.0000,0.0000,0.0000,0.0000,0.0000,0.0000,0.0000,0.0000,0.0000,0.0000,0.0000,0.0000,0.0000,0.0000,0.0000,0.0000,0.0000,0.0000,0.0000,0.0000,0.0000,0.0000,0.0000,0.0000,0.0000,0.0000,0.0000,0.0000,0.0000,0.0000,0.0000,0.0000,0.0000,0.0000,0.0000,0.0000,0.0000,0.0000,0.0000,0.0000,0.0000,0.0000,0.0000,0.0000,0.0000,0.0000,0.0000,0.0000,0.0000,0.0000,0.0000,0.0000,0.0000,0.0000,0.0000,0.0000,0.0000,0.0000,0.0000,0.0000,0.0000,0.0000,0.0000,0.0000,0.0000,0.0000,0.0000,0.0000,0.0000,0.0000,0.0000,0.0000,0.0000,0.0000,0.0000,0.0000,0.0000,0.0000,0.0000,0.0000,0.0000,0.0000,0.0000,0.0000,0.0000,0.0000,0.0000,0.0000,0.0000,0.0000,0.0000,0.0000,0.0000,0.0000
45108.2083333,0.0000,0.0000,0.0000,0.0000,0.0000,0.0000,0.0000,0.0000,0.0000,0.0000,0.0000,0.0000,0.0000,0.0000,0.0000,0.0000,0.0000,0.0000,0.0000,0.0000,0.0000,0.0000,0.0000,0.0000,0.0000,0.0000,0.0000,0.0000,0.0000,0.0000,0.0000,0.0000,0.0000,0.0000,0.0000,0.0000,0.0000,0.0000,0.0000,0.0000,0.0000,0.0000,0.0000,0.0000,0.0000,0.0000,0.0000,0.0000,0.0000,0.0000,0.0000,0.0000,0.0000,0.0000,0.0000,0.0000,0.0000,0.0000,0.0000,0.0000,0.0000,0.0000,0.0000,0.0000,0.0000,0.0000,0.0000,0.0000,0.0000,0.0000,0.0000,0.0000,0.0000,0.0000,0.0000,0.0000,0.0000,0.0000,0.0000,0.0000,0.0000,0.0000,0.0000,0.0000,0.0000,0.0000,0.0000,0.0000,0.0000,0.0000,0.0000,0.0000,0.0000,0.0000,0.0000,0.0000,0.0000,0.0000,0.0000,0.0000,0.0000,0.0000,0.0000,0.0000,0.0000,0.0000,0.0000,0.0000,0.0000,0.0000,0.0000,0.0000,0.0000,0.0000,0.0000,0.0000,0.0000,0.0000,0.0000,0.0000,0.0000,0.0000,0.0000,0.0000,0.0000,0.0000,0.0000,0.0000,0.0000,0.0000,0.0000,0.0000,0.0000,0.0000,0.0000,0.0000,0.0000,0.0000,0.0000,0.0000,0.0000,0.0000,0.0000,0.0000,0.0000,0.0000,0.0000,0.0000,0.0000,0.0000,0.0000,0.0000,0.0000,0.0000,0.0000,0.0000,0.0000,0.0000,0.0000,0.0000,0.0000,0.0000,0.0000,0.0000,0.0000,0.0000,0.0000,0.0000,0.0000,0.0000,0.0000,0.0000,0.0000,0.0000,0.0000,0.0000,0.0000,0.0000,0.0000,0.0000,0.0000,0.0000,0.0000,0.0000,0.0000,0.0000,0.0000,0.0000,0.0000,0.0000,0.0000,0.0000,0.0000,0.0000,0.0000,0.0000,0.0000,0.0000,0.0000,0.0000,0.0000,0.0000,0.0000,0.0000,0.0000,0.0000,0.0000,0.0000,0.0000,0.0000,0.0000,0.0000,0.0000,0.0000,0.0000,0.0000,0.0000,0.0000,0.0000,0.0000,0.0000,0.0000,0.0000,0.0000,0.0000,0.0000,0.0000,0.0000,0.0000,0.0000,0.0000,0.0000,0.0000,0.0000,0.0000,0.0000
45108.2500000,0.3030,0.6947,0.9268,0.8847,1.5339,1.1869,1.0661,0.5304,1.0457,1.0866,0.9820,0.8848,0.5795,0.8415,0.7664,0.7883,1.0161,0.9374,0.6802,0.4791,1.1076,0.4614,0.4409,0.7221,0.7630,1.5692,0.7312,0.2727,0.9116,0.2999,0.5824,0.3861,0.5005,0.7750,0.7568,0.6501,1.0238,1.0515,0.3723,1.3803,1.2083,1.2713,0.7339,0.9817,2.0685,1.0199,0.7943,0.8801,0.4890,0.6735,1.0305,0.9575,1.0898,1.1778,0.4559,0.4552,0.5493,0.8482,1.5086,1.1602,1.2143,0.9209,0.4055,0.3655,0.5633,0.4919,0.8046,0.7757,-0.2662,0.1455,0.7098,0.6900,0.5719,0.1592,0.7588,1.0063,0.8177,0.9668,0.6746,1.0676,2.2605,1.9837,1.4307,1.1370,0.9032,0.9377,1.4566,1.0914,1.2686,1.0939,1.1956,1.5073,1.6821,1.2384,0.6192,0.8194,0.9860,1.4974,1.1715,0.9967,1.0978,1.2842,0.9435,0.9998,1.4641,1.8702,1.5467,1.4606,0.7167,1.3847,0.8049,0.3549,1.0212,0.8566,1.0111,0.8621,0.6530,1.1477,0.9359,0.9635,0.2003,0.9196,0.5189,0.8635,0.7193,0.9390,0.9885,1.3581,0.8281,0.2987,0.5484,0.4930,0.5548,0.6576,0.9574,0.6580,0.6596,0.9581,0.6851,0.5701,0.3662,0.8620,0.6067,0.6950,0.9550,0.2486,0.4065,1.2188,0.7828,0.5919,0.5562,0.1989,0.3609,0.2499,0.5703,1.1128,1.2771,1.1894,1.0970,0.6561,1.6543,1.2397,1.2518,1.5608,1.8627,1.1646,1.3957,0.8639,0.7773,0.6874,0.1758,0.4100,0.4562,0.8913,0.8689,1.1762,0.8123,0.8873,0.7397,1.7247,1.4171,1.0624,0.9443,1.1864,0.9396,1.2379,1.1313,1.1403,1.1492,1.1580,1.1670,1.1722,1.1812,1.1902,1.1994,1.2086,1.2180,1.2275,1.2371,1.2469,1.2569,1.2670,1.2774,1.2879,1.2986,1.3095,1.3206,1.3320,1.3435,1.3553,1.3673,1.3795,1.3920,1.4047,1.4176,1.4308,1.4442,1.4579,1.4718,1.4860,1.5004,1.5151,1.5300,1.5452,1.5605,1.5761,1.5919,1.6079,1.6241,1.6405,1.6570,1.6737,1.6905,1.7074,1.7120,1.7294
45108.2916667,0.9972,2.2860,3.0500,2.9117,5.0484,3.9380,3.5090,1.7459,3.4523,3.5818,3.2366,2.9151,1.9189,2.7777,2.5228,2.5947,3.4775,3.0895,2.2420,1.5769,3.6458,1.5189,1.4514,2.4324,2.5616,5.2092,2.4091,0.8979,3.0210,0.9933,1.9213,1.2734,1.8964,2.7320,2.4921,2.1409,3.3955,3.4967,1.3305,4.5593,3.9795,4.1924,2.4172,3.2335,6.8135,3.3595,2.6162,2.8990,1.6107,2.2184,3.4294,3.1920,3.6649,3.8952,1.5017,1.5243,1.8094,2.8114,4.9841,3.8470,4.0479,3.0403,1.3359,1.2041,2.2417,1.6208,2.6511,2.5561,-0.8772,0.4782,2.3474,2.2904,1.9056,0.5235,2.5401,3.3315,2.7125,3.2154,2.2897,3.5186,7.5053,6.5664,4.7480,4.3178,2.9778,3.0914,4.8020,3.5981,4.1821,3.6063,3.9417,4.9689,5.5462,4.0831,2.0414,2.7077,3.2510,4.9376,3.8680,3.3302,3.6346,4.2349,3.1112,3.3764,4.8600,7.4079,6.1136,5.9227,2.7155,5.2951,2.9932,1.1721,3.4089,2.8428,3.3593,2.8939,2.1645,3.7988,3.0974,3.1981,0.6608,3.1055,1.7190,2.8601,2.3729,3.1952,3.2716,4.5034,2.7428,0.9863,1.8207,1.6499,1.8883,2.8963,3.1880,2.2586,2.2058,3.5255,2.8521,1.8811,1.2085,2.8752,2.0204,2.2932,3.1513,0.8202,1.3430,4.0220,2.5977,1.9662,1.8470,0.6563,1.1919,0.8460,1.8932,3.6772,4.2313,3.9253,3.6298,2.1653,5.4596,4.0914,4.4314,5.1680,6.2306,3.8550,4.6663,2.8790,2.6045,2.4004,0.5804,1.5741,1.5072,2.9685,2.8769,4.0787,2.7063,2.9393,2.4550,5.7102,4.6957,3.5120,3.1441,3.9434,3.1100,4.0931,3.7409,3.7714,3.8142,3.8312,3.8617,3.8799,3.9104,3.9414,3.9730,4.0048,4.0372,4.0702,4.0914,4.1391,4.1743,4.2104,4.2474,4.2852,4.3240,4.3638,4.4047,4.4466,4.5741,4.5284,4.5733,4.6195,4.6671,4.7160,4.7665,4.8184,4.8721,4.9274,4.9845,4.9630,5.1176,5.1823,5.2494,5.3190,5.3913,5.4665,5.5447,5.6262,5.7111,5.7996,6.3909,6.4459,6.5013,6.5571,6.5721,6.6296
45108.3333333,1.9995,4.5836,6.2103,5.8386,10.1231,8.0724,7.0366,3.5010,7.4507,7.4324,6.7053,6.0656,3.9668,5.7084,5.0590,5.2359,11.0753,6.3891,7.6384,3.2270,7.8379,3.1546,2.9108,6.0707,5.6128,10.5407,5.0009,1.8010,6.4514,2.3009,4.3324,3.1526,7.6154,7.3599,5.2563,4.3988,7.1450,7.9556,2.9258,9.8027,7.9825,8.6748,4.8489,6.4863,13.8760,8.1926,5.4323,5.8156,3.2311,4.9564,8.4476,7.7974,11.8780,8.4854,3.1437,4.0413,4.1792,6.2681,10.5403,7.9492,13.2527,6.3331,2.6801,2.4156,5.5714,3.2520,9.4480,6.2436,-4.6402,0.9609,4.8521,4.8125,4.7306,1.0527,5.3589,7.3720,5.5333,6.6797,4.7302,7.6689,15.2950,14.2349,10.3780,13.5515,5.9762,6.5473,9.8851,7.2209,8.3931,7.2373,8.8450,10.5315,12.5677,14.2191,4.4511,5.6109,6.7312,10.3370,7.9476,11.5613,7.2946,9.7515,6.4587,11.2733,11.5838,18.5350,15.3417,15.1798,6.6454,13.0947,7.1791,2.6778,7.2170,5.7884,8.0397,9.7898,4.3616,7.6496,6.7402,6.7908,1.3293,9.7925,3.4738,6.1833,4.8194,6.6459,7.0337,9.1961,5.9926,2.0363,3.9280,3.9425,6.4363,8.0534,6.4766,4.7504,4.4441,10.2832,7.5889,3.8377,2.4262,5.7671,4.0264,4.7343,6.5970,1.6469,2.9338,8.2607,5.3301,4.2964,3.7034,1.3205,2.4124,1.7896,3.9882,7.5930,9.1845,7.9626,7.7892,4.4538,17.7026,8.3794,11.3547,10.3766,12.9303,8.6384,9.5936,9.7088,8.0153,6.9185,1.1848,3.9909,3.2829,8.9178,6.1427,12.2977,5.5313,6.3732,5.0545,12.2116,10.2011,7.2567,6.2969,7.9887,6.2367,8.4673,7.7434,7.8169,7.8903,7.9646,8.0406,8.0923,8.1697,8.2490,8.3303,8.4129,8.4975,8.5843,8.6736,8.7654,8.8598,8.9570,9.0571,9.1809,9.2890,9.4006,9.5157,9.6346,9.7575,9.8846,10.0159,10.1517,10.2923,10.4378,10.5884,10.7443,10.9059,11.0732,11.2466,11.4263,11.6125,11.8056,12.0058,14.8763,14.9780,15.0812,15.1857,15.2916,15.3988,15.5071,15.6164,15.7267,15.8379,15.9498,15.9799,16.0952
45108.3750000,2.9677,6.8033,9.4707,8.6662,21.1798,13.3367,10.4448,7.7146,14.3113,12.2538,11.0121,10.0849,6.5570,8.6318,7.9318,8.3899,21.2472,10.4247,14.9826,4.7924,15.5049,5.1827,4.3209,9.9955,7.8625,31.5114,7.5816,2.6737,12.0645,5.5693,7.2884,8.6235,16.0584,18.4954,19.9306,16.7651,13.0451,12.0790,4.6140,28.2220,12.4293,17.2153,7.1991,10.0832,40.7810,20.3750,8.9241,8.6346,5.4666,7.4800,23.5189,21.1534,22.7401,25.5172,5.3023,12.2970,5.9847,12.8508,31.2503,13.0177,25.3077,10.4764,3.9793,3.5867,9.8854,4.8289,18.6118,17.8640,-8.9989,1.4513,15.3417,7.3043,12.1370,1.6229,10.0466,23.2087,8.8828,26.1940,7.5246,12.5451,46.6591,40.2179,15.9950,26.5245,8.8758,9.8547,15.6291,10.7243,12.4652,23.8432,28.4795,19.1003,24.7224,27.5129,8.6777,9.0542,10.9747,17.1811,12.9408,22.5544,12.2110,27.3365,10.5514,21.8325,29.1684,34.0521,28.3293,28.4528,12.3270,23.9980,13.0808,6.5493,10.9714,9.2841,21.5546,19.0818,7.0992,11.7261,21.5425,12.5200,2.0000,18.7249,5.5750,17.3515,7.7745,12.2246,18.8071,26.3095,17.5949,3.0719,7.5493,10.6414,12.8400,16.1375,12.6117,6.7044,7.0419,19.6786,14.8294,6.0097,3.8684,9.5587,13.6634,7.6230,11.6340,2.7261,9.1429,15.4352,19.3486,6.5185,13.1154,2.0016,3.6008,5.3153,6.0602,12.3282,25.9216,11.8410,14.5387,6.6885,33.3845,27.1906,26.9796,16.1030,28.8579,18.2437,16.4114,18.8726,15.2860,13.1771,2.2958,7.7857,4.8828,16.7672,15.9035,23.2154,8.6266,18.2639,8.2116,22.1744,28.4797,11.7524,9.6722,12.6481,9.9632,13.7475,12.5836,12.7318,12.8811,13.0331,13.1889,13.3102,13.4710,13.6361,13.8056,13.9787,14.1563,14.3389,14.5268,14.7201,14.9191,15.1239,15.3349,15.5522,15.7762,16.0070,16.2449,16.4901,16.7431,17.0039,17.2730,17.5506,17.8370,18.1324,18.4373,26.0515,26.1834,26.3176,26.4544,26.5935,26.7351,26.8791,27.0254,27.1741,27.3250,27.4781,27.6333,27.7904,27.9494,28.1101,28.2725,28.4362,28.6012,28.7672,28.8118,28.9829
45108.4166667,3.7453,8.5862,16.9099,14.8844,67.0532,20.7037,19.3423,9.1936,42.6445,18.8955,17.2704,15.7684,10.2563,14.6892,10.1209,13.3788,37.9256,15.8340,27.4412,6.6072,18.4872,9.8972,6.9155,13.6994,13.6523,55.0801,13.6676,4.5796,36.0116,8.9214,29.6881,13.9847,31.2590,34.1155,37.3260,31.4921,42.5198,21.1583,6.8829,49.6810,49.0327,20.9100,9.0898,12.4346,70.5726,36.0350,13.7342,14.1160,8.4174,13.8793,42.6399,38.2237,40.4775,45.6425,7.9572,21.7840,8.9907,41.8256,55.0382,19.8755,44.8865,16.2851,6.2140,6.0950,19.1000,17.3817,34.1118,32.7645,-15.5824,2.2271,27.9534,9.3510,20.2821,2.4025,11.9624,42.1852,13.6224,48.8802,12.1148,30.2910,81.4573,70.0938,24.2978,48.1358,11.2127,13.1380,18.5993,13.6585,54.1517,42.7911,51.8011,59.6052,61.7898,49.3775,28.1312,13.7953,16.8206,26.8116,19.5264,40.8734,18.4479,48.6113,16.0732,39.3095,50.9811,57.9242,48.5236,49.4859,21.4704,40.8497,22.3365,12.2447,15.3981,13.7795,38.6207,34.6220,10.0991,19.0226,39.2362,37.4225,3.0249,33.3713,8.2750,30.9230,9.8175,35.3837,32.9581,45.7924,31.7436,5.3957,22.9206,19.7849,23.9429,30.0931,42.2239,10.4651,10.3335,35.0742,27.0707,23.3358,5.0546,32.0515,25.2547,11.4345,35.9929,3.2635,17.3297,49.3878,35.8674,10.0234,24.5178,2.7350,5.2580,9.2613,8.7622,18.6608,45.6560,17.0668,42.9953,10.7625,58.3403,48.6792,48.1265,21.7718,43.5557,27.2330,29.0399,34.1604,27.2560,23.5286,3.6625,14.4066,7.2265,29.4390,27.7893,40.7492,12.5065,32.6637,12.4626,58.6689,49.9125,17.6879,38.8636,18.4208,14.5939,20.6763,18.9522,19.2256,19.5026,19.7855,20.0755,20.3242,20.6254,20.9344,21.2517,21.5760,21.9086,22.2504,22.6015,22.9623,23.3332,23.7143,24.1063,42.8524,42.9848,43.1197,43.2571,43.3972,43.5399,43.6855,43.8338,43.9850,44.1392,44.2963,44.4564,44.6196,44.7858,44.9551,45.1276,45.3031,45.4816,45.6632,45.8478,46.0353,46.2257,46.4188,46.6146,46.8128,47.0134,47.2162,47.4210,47.6275,47.8357,48.0451,48.1011,48.3170
45108.4583333,3.7863,10.7454,24.1917,82.1827,106.4072,28.9877,27.5198,13.2064,67.7006,72.3539,70.8349,22.2578,40.9506,57.6336,58.6997,18.4559,59.6059,21.5967,16.2184,8.1883,72.4336,12.3442,9.3375,15.9188,19.5742,84.8262,61.0894,11.9339,57.1961,8.0486,49.0836,19.8571,30.0053,26.0416,60.9917,51.6453,67.6870,66.7754,10.5992,77.0282,77.5025,27.9826,9.8497,14.5996,107.6038,56.2133,19.0631,29.7550,12.0925,10.2900,23.9719,60.6886,63.4385,26.7651,9.9088,13.0846,12.7028,68.1154,85.3237,71.4182,70.0873,22.8176,9.3534,8.2708,9.2759,16.2745,54.8360,52.7172,-7.7512,3.1903,16.8379,15.9951,13.9541,8.7377,17.2474,67.2588,53.6262,79.5180,17.6660,25.0599,125.1087,107.5547,88.1386,27.5257,11.3542,15.4986,87.1312,45.0134,86.0221,67.5061,82.5394,93.4441,95.6667,77.8312,15.3661,18.6451,23.1342,37.6009,26.2926,23.8447,63.9292,76.0370,57.5635,62.2159,78.5410,87.0216,73.4332,75.9188,33.2230,61.5350,33.9385,7.7276,63.0601,18.7115,60.8852,55.1965,13.4700,67.3794,62.6913,59.2091,4.0410,52.4311,36.3958,48.6149,64.2677,55.8208,51.0434,70.3309,50.4077,23.9673,37.3915,17.6156,9.0963,13.8289,31.4173,45.4970,43.8233,55.0893,15.6295,37.9229,31.8772,50.6326,40.9840,40.8245,56.7502,5.7259,28.8088,78.0361,17.1558,14.1897,12.0388,4.2012,21.0263,6.7525,12.4576,72.5636,70.8558,74.9571,23.9138,37.8775,89.8036,76.5792,28.9357,48.6152,60.7514,82.5357,80.9456,54.3597,42.9196,37.1521,4.3439,23.5832,9.6922,45.7143,42.9969,63.0979,16.1815,51.4799,17.0379,89.7195,30.1294,23.8487,21.5226,77.1602,22.7154,70.7677,63.8273,63.9391,64.0491,64.1594,64.2712,64.3351,64.4460,64.5586,64.6728,64.7874,64.9034,65.0213,65.1413,65.2633,65.3874,65.5137,65.6424,65.7734,65.9068,66.0428,66.1814,66.3226,66.4666,66.6133,66.7629,66.9155,67.0710,67.2295,67.3910,67.5557,67.7234,67.8943,68.0684,68.2455,68.4258,68.6091,68.7955,68.9848,69.1770,69.3720,69.5697,69.7699,69.9725,70.1773,70.3841,70.5927,70.8030,71.0145,71.0705,71.2886
45108.5000000,3.9251,19.2642,81.0293,94.9574,121.9570,97.0417,91.3965,15.9180,78.0123,83.3214,81.7220,71.7818,47.8317,66.6961,68.0362,61.6362,68.7160,65.3090,51.3996,40.4815,83.3828,15.0671,11.1441,18.8438,65.0670,97.0051,70.8453,6.6318,66.0885,9.8912,57.2108,13.2320,16.1310,63.8957,70.6952,60.0673,78.0289,76.9364,24.2383,88.2843,89.0839,86.8212,17.1524,17.2885,122.5545,64.7954,59.7065,73.6181,41.0961,16.7485,78.1919,70.0510,73.0298,82.5185,11.8414,16.0605,15.2477,78.7811,97.6679,82.1340,80.5190,71.6629,7.9739,10.1165,13.2833,29.3725,63.5222,61.1197,-25.0093,10.3724,52.0810,67.4061,17.0142,11.2770,20.4689,77.5606,62.1069,91.7650,21.3811,29.9003,142.4718,122.6224,101.0307,88.1325,16.5237,23.1354,99.8302,33.9896,98.8270,77.7172,94.9155,107.0405,109.3479,89.4193,53.5675,68.8977,76.0583,120.3432,86.4956,74.9929,73.5837,87.2814,66.4649,71.7509,89.9061,99.0945,83.8960,86.8852,38.7100,70.4340,39.4079,24.2949,72.6936,61.8618,70.1986,63.8532,15.8155,77.4915,72.3937,68.3344,15.1659,60.5771,42.6625,56.2556,74.5324,64.4603,58.8738,80.5873,58.3768,28.6443,43.7681,38.0296,13.7574,17.1438,78.2502,52.9606,51.0265,63.5877,50.5763,44.3493,37.6729,58.5862,47.8279,47.5136,65.5091,24.9623,34.0724,89.6851,20.2361,17.0051,46.9449,15.5403,25.1580,8.3346,14.7596,83.5259,81.3124,86.1750,78.0961,44.1697,102.6226,87.9728,86.6898,98.8456,124.1795,94.9625,92.7816,62.8845,49.8096,43.2861,14.6932,28.0361,36.7796,52.8665,49.7635,72.5079,18.8098,59.5266,52.8166,102.4217,88.2969,73.5534,71.5257,88.7222,78.2791,81.2684,73.4160,73.5318,73.6456,73.7598,73.8755,73.9416,74.0564,74.1730,74.2912,74.4098,74.5299,74.6520,74.7762,74.9025,75.0310,75.1618,75.2950,75.4307,75.5689,75.7097,75.8532,75.9994,76.1485,76.3005,76.4554,76.6134,76.7744,76.9386,77.1059,77.2765,77.4503,77.6273,77.8075,77.9910,78.1778,78.3677,78.5607,78.7569,78.9560,79.1580,79.3628,79.5702,79.7801,79.9923,80.2065,80.4227,80.6405,80.8597,80.9175,81.1435
45108.5416667,11.7053,90.9980,83.5805,97.8214,125.5271,99.9946,94.2038,59.9943,80.5107,85.9468,84.2965,74.1156,49.5761,68.9077,70.2683,63.7249,70.9977,67.5020,53.2393,42.0441,86.0124,15.7742,48.3582,19.3817,67.2307,100.0092,21.4239,7.1168,68.2957,10.7001,17.3185,8.8161,16.9113,66.0342,72.9868,62.1011,80.5246,79.4109,14.0267,91.0632,91.8577,89.5518,22.8103,27.2587,126.2113,66.9877,61.7516,75.9934,42.6738,19.8496,80.6923,72.3551,75.4200,85.1379,12.6216,16.4199,16.2455,23.4730,100.6789,84.7422,83.0976,73.9989,15.8810,11.5383,14.7410,65.1163,65.6560,63.1946,-25.0477,11.1999,53.9399,69.6133,66.4774,12.1271,21.8214,80.0432,64.2101,28.2251,22.7119,30.2620,146.6107,126.2693,104.1082,90.8749,94.7711,77.9655,102.8838,88.9004,101.8322,80.2152,97.8212,110.2660,112.6500,92.2049,55.4481,71.1565,78.5037,123.8722,89.2052,77.4154,75.9875,90.0242,68.6848,74.0995,92.7333,102.1870,86.5961,89.6427,40.2633,72.8010,40.9889,25.4690,75.0666,63.9644,72.5130,66.0021,16.7733,79.9915,23.8110,70.5997,16.1097,62.6587,44.2795,58.2306,22.3675,66.6334,60.9256,83.1866,60.3956,29.9103,14.3389,39.5369,14.6100,18.2240,80.7419,54.8323,17.0408,65.7434,52.3970,46.0118,39.1549,60.6143,49.5750,49.2654,67.7084,26.1370,35.4772,92.4741,21.5084,18.2408,48.6649,16.4923,26.3522,8.9456,15.6781,86.1594,83.9173,88.8796,80.6030,45.8395,105.7669,90.7254,89.4146,101.8907,127.8448,97.8649,95.6654,65.0114,51.6250,44.9399,15.6226,29.3029,38.2531,54.7673,51.5901,74.8974,58.3844,61.5796,54.6958,105.5707,91.0808,75.9515,73.8615,91.4848,80.7691,83.8670,75.8202,75.9398,76.0575,76.1755,76.2951,76.3634,76.4821,76.6024,76.7247,76.8472,76.9713,77.0975,77.2258,77.3563,77.4891,77.6243,77.7620,77.9021,78.0449,78.1904,78.3387,78.4898,78.6439,78.8009,78.9610,79.1243,79.2907,79.4603,79.6332,79.8095,79.9890,80.1719,80.3582,80.5478,80.7408,80.9370,81.1365,81.3391,81.5449,81.7536,81.9652,82.1796,82.3964,82.6157,82.8371,83.0604,83.2855,83.5120,83.5718,83.8053
45108.5833333,9.4330,74.3632,69.4130,21.6185,104.9493,83.4070,78.3559,15.2765,67.4541,71.9110,70.1958,61.7647,41.1723,57.4818,58.2619,53.1764,59.8196,56.7473,44.4651,34.8267,72.0451,13.9798,39.6667,55.7054,55.8473,84.9214,14.4025,4.3790,57.2734,9.4181,15.6883,11.1378,15.0245,54.9488,60.3717,51.3497,67.3786,66.6074,12.2210,77.1089,77.0605,75.4859,20.5347,73.3792,107.5921,56.6658,51.6403,63.2325,35.3632,58.3450,67.5375,60.6617,63.6042,71.6301,11.0228,14.4480,14.2921,20.9772,85.2127,71.2481,70.1611,61.8168,13.5630,10.8177,10.1759,12.6100,54.7660,52.7075,-21.1239,9.1400,45.1348,57.4423,14.6170,9.9264,60.8128,66.9292,53.6749,25.2626,20.2028,100.7396,124.4685,107.3051,87.6160,76.0026,78.1605,65.0168,86.7503,74.2627,85.1789,67.4097,81.7222,92.7832,95.3559,77.4529,45.9698,59.1706,65.6324,103.4952,74.8188,64.8146,64.0844,75.9102,57.7062,62.2064,78.7594,87.8294,74.2196,76.3038,34.3553,62.6010,35.2706,21.2400,63.0549,53.6343,60.9976,55.2660,44.9231,67.4451,22.1701,22.1229,13.2358,52.8506,36.7494,49.1309,63.3188,56.0677,51.7532,70.7989,50.7020,7.9907,37.7624,11.8394,13.2176,12.3245,67.2874,45.6355,44.0791,55.4400,43.8182,38.3200,32.0983,19.5282,14.7175,41.3829,56.9803,5.2947,8.4291,77.5881,19.7156,16.4238,40.3612,13.5326,21.9619,7.8643,42.6338,72.1807,71.0572,74.6322,67.7285,38.5230,89.8084,76.2890,75.3009,86.3770,108.0385,81.6214,80.8073,20.2400,43.5720,37.9357,12.7544,24.4870,31.7404,46.5046,43.9060,63.5330,49.0507,51.8708,45.8493,89.9310,77.2692,63.9168,61.7996,76.6785,67.2386,70.8632,64.0849,64.2149,64.3428,64.4711,64.6011,64.6756,64.8045,64.9354,65.0682,65.2014,65.3363,65.4734,65.6128,65.7546,65.8989,66.0458,66.1953,66.3475,66.5026,66.6606,66.8217,66.9858,67.1530,67.3235,67.4974,67.6746,67.8552,68.0393,68.2270,68.4183,68.6131,68.8116,69.0138,69.2195,69.4288,69.6418,69.8582,70.0780,70.3012,70.5277,70.7572,70.9897,71.2249,71.4627,71.7029,71.9451,72.1892,72.4348,72.5001,72.7534
45108.6250000,8.4230,21.7104,22.9929,19.4716,108.2291,30.1807,80.7563,13.9141,69.0037,73.7153,72.1562,63.3024,41.8654,58.7839,18.6632,54.2719,60.8173,57.7142,45.1433,35.2767,73.8007,12.6602,10.3235,57.2012,16.2832,86.4300,13.0566,3.5131,28.6436,8.5728,14.3935,7.5722,13.6878,24.1593,25.9958,52.6886,24.9902,68.0701,11.2005,78.5065,78.9461,28.4487,39.0708,75.6064,109.5620,57.3899,52.5911,64.9043,35.8303,28.5357,69.1378,61.8978,64.7070,73.1502,9.8669,9.2860,12.8842,17.6081,86.9187,72.7867,71.4544,63.2538,12.3488,9.6961,8.9237,12.8302,17.6592,53.8007,-23.2051,8.4040,16.6301,15.5930,13.1622,9.2170,20.9449,22.0594,54.7288,23.0067,18.4473,105.0028,127.2952,109.4929,89.7452,78.0043,81.0114,66.6731,88.7333,76.2499,87.5691,68.8182,84.0330,95.1241,97.4105,79.2851,13.7249,19.4479,23.8383,106.7576,76.6231,66.2850,65.2046,77.4826,58.7364,29.9581,80.0544,88.7178,74.9110,77.4039,34.0877,62.8457,34.8308,20.9148,64.3087,20.2600,62.1086,19.3509,16.3517,68.7025,20.0858,20.0213,4.4034,53.5445,11.4317,19.2908,65.4594,56.9743,52.1580,71.7335,51.4787,7.9046,19.4249,17.2151,8.7014,14.0250,69.0771,46.4771,44.7862,56.2395,16.2941,12.8262,17.3605,17.6461,13.3011,41.7640,57.9171,4.6573,7.4690,79.4878,17.9034,14.9432,12.5908,13.0124,21.6805,15.0455,43.4765,26.7561,72.2453,76.3695,69.1548,38.7770,91.4793,35.7058,76.9153,88.0297,110.6584,84.0214,82.4685,18.3292,43.9000,38.0511,12.2357,24.2756,32.0017,46.7503,43.9992,64.3825,49.7352,52.5757,46.4753,91.4106,78.5742,65.1245,22.2942,78.5952,23.6686,72.1472,65.1092,65.2243,65.3375,65.4510,65.5660,65.6318,65.7459,65.8618,65.9793,66.0972,66.2166,66.3380,66.4614,66.5869,66.7146,66.8446,66.9770,67.1118,67.2492,67.3891,67.5317,67.6770,67.8251,67.9761,68.1301,68.2870,68.4470,68.6101,68.7764,68.9458,69.1184,69.2942,69.4733,69.6556,69.8411,70.0297,70.2215,70.4163,70.6140,70.8147,71.0181,71.2241,71.4325,71.6432,71.8560,72.0707,72.2870,72.5047,72.5623,72.7868
45108.6666667,3.8534,10.6897,17.0665,14.8770,72.9222,22.2387,20.8617,8.6341,46.4214,20.4470,16.9334,17.0699,10.9509,16.0060,13.8925,14.9379,18.2591,17.0137,12.5165,8.9865,15.7959,6.9876,7.6840,12.5986,10.2726,59.6662,10.2198,3.4729,14.1438,4.6974,21.7809,6.1629,8.0194,16.8190,20.1745,14.2130,46.3041,45.8739,12.4162,24.2317,19.5956,22.0025,15.2954,19.5592,76.3097,39.1458,14.8203,43.1011,9.0279,14.0283,18.3000,41.6214,43.9869,21.0377,12.6297,8.4981,9.8714,14.3118,59.6766,21.3284,21.7966,17.5404,12.6326,10.6239,34.2681,12.8852,37.2232,35.7621,-5.8519,2.4026,10.4941,38.6595,9.8701,2.6298,15.0638,45.9511,15.2018,16.8585,25.0515,68.6894,88.1516,75.8602,25.8345,21.3119,53.1273,17.8882,60.5437,51.1014,58.9223,20.1044,20.4590,64.7219,66.9710,53.6774,10.5058,14.5614,17.9284,28.6456,21.4802,18.4688,19.7496,52.7882,17.1436,42.7810,55.2372,62.5252,52.4491,53.5889,23.3430,44.1442,24.2182,6.0977,15.4782,15.1288,17.8961,18.8538,10.3732,20.5252,15.6516,15.8240,3.3153,36.2973,8.7622,33.6456,12.9264,38.5019,35.7762,49.6054,34.5853,7.6423,7.7244,21.6908,11.2186,13.7048,46.0399,30.6871,29.6543,38.1420,29.5581,25.5405,6.5795,34.8934,10.2249,27.9645,17.0986,3.1822,9.7314,53.7073,13.2643,10.9299,9.5535,4.2886,6.2737,7.6778,28.4176,49.7776,49.5306,17.7688,19.4595,25.9390,63.1869,52.9050,52.2831,60.6131,75.9521,19.9092,56.3946,16.8200,29.6761,25.6433,2.8886,15.8280,8.6910,31.9802,30.1791,44.2054,33.4363,35.5459,13.3538,63.4838,54.1007,44.1134,42.3406,53.0016,18.0609,49.2817,44.4361,44.5504,44.6627,44.7754,44.8896,44.9552,45.0685,45.1834,45.3001,45.4171,45.5356,45.6560,45.7784,45.9030,46.0297,46.1587,46.2899,46.4236,46.5598,46.6986,46.8399,46.9840,47.1308,47.2805,47.4331,47.5886,47.7472,47.9088,48.0735,48.2413,48.4124,48.5865,48.7639,48.9444,49.1281,49.3149,49.5048,49.6977,49.8936,50.0922,50.2936,50.4975,50.7039,50.9125,51.1232,51.3357,51.5498,51.7653,51.8228,52.0449
45108.7083333,3.1835,7.6400,10.1245,10.3467,17.3734,14.8792,13.6996,6.3993,18.7306,13.6845,11.7141,11.2763,7.2618,10.6391,12.5689,9.9429,12.4888,11.5739,8.4267,5.1086,12.0844,5.2673,5.2379,7.9387,8.0228,36.1148,9.1214,2.8683,10.2779,3.9282,7.1071,5.1527,6.5802,9.3968,10.7732,7.5432,16.2583,26.9808,8.3577,16.7896,14.0013,15.3000,9.7044,12.7503,46.6369,23.4078,9.9414,24.8756,5.5296,8.9198,12.5403,24.4266,26.1671,14.4264,5.4137,7.1063,8.0669,9.8604,24.5479,14.4549,14.9459,11.6731,6.5398,7.6950,12.0774,6.8620,21.5624,14.0884,-3.7700,1.6335,8.1919,10.4812,6.5683,1.7985,9.7910,13.7368,10.2133,12.1468,9.9544,38.7314,53.4709,46.0682,17.6564,14.2943,30.1026,11.8893,36.1148,29.8179,34.5322,13.6266,14.2448,38.4576,40.3092,16.8644,7.3296,9.9408,12.1648,19.0661,14.5606,12.4494,13.5263,31.4534,11.6664,17.1811,16.5633,38.7852,32.3141,32.5695,14.1027,27.3313,14.8983,4.2057,11.6476,10.4031,12.3205,13.4513,7.0316,14.0937,10.9660,11.0190,2.2991,21.5491,6.1104,19.9668,14.0385,22.7556,21.5585,30.1197,20.3062,3.6786,5.9232,12.3617,8.0904,8.2860,26.6888,17.6287,17.1066,22.6482,17.1592,8.4807,5.0879,10.2024,7.1518,16.3831,11.7199,2.6253,4.3101,16.0569,9.8731,6.5155,6.6104,2.8903,4.3065,3.4769,16.1154,15.8050,14.7585,12.6973,11.9904,15.1905,38.2608,17.2234,21.7738,36.5683,45.5953,13.4930,33.7470,14.1033,17.5895,15.1648,2.5878,9.0280,5.7427,14.1416,18.2144,26.6270,19.6549,21.0354,9.0954,38.6949,32.6582,26.1237,24.7425,31.1708,11.9633,29.4731,26.5651,26.6596,26.7527,26.8459,26.9405,26.9949,27.0887,27.1839,27.2805,27.3773,27.4754,27.5751,27.6764,27.7795,27.8843,27.9911,28.0997,28.2103,28.3230,28.4378,28.5547,28.6739,28.7954,28.9192,29.0454,29.1740,29.3052,29.4388,29.5750,29.7138,29.8552,29.9993,30.1459,30.2952,30.4470,30.6015,30.7585,30.9179,31.0798,31.2440,31.4105,31.5790,31.7496,31.9220,32.0961,32.2718,32.4487,32.6268,32.6746,32.8582
45108.7500000,2.0135,4.7653,6.3088,5.8795,10.3302,8.2395,7.4608,3.8625,7.2517,7.5688,6.7976,6.1681,3.8487,5.8612,5.3534,5.4886,7.0203,6.4734,4.6305,3.2383,7.6521,3.1892,2.9311,4.8140,5.0728,11.3003,4.8625,1.8135,6.1601,2.2854,4.4252,2.5675,3.8452,5.7625,6.3644,4.6882,6.8989,11.8036,2.7263,9.5215,8.2449,8.7067,5.1848,6.8570,21.4142,7.3153,5.5193,6.7196,3.2945,4.7683,7.0866,6.9129,11.6719,8.0732,3.0335,3.8947,3.8559,6.2787,10.5516,8.0607,8.4082,6.4268,3.7534,2.4323,4.6754,3.2744,9.2651,7.3691,-1.9402,0.9686,4.7348,4.6590,3.9097,1.0638,5.3224,6.7001,5.4438,7.2223,4.7978,9.2210,16.2021,14.2423,9.8738,7.9300,6.9579,6.5060,10.7854,8.2111,9.3177,7.6030,8.7513,11.9025,11.4470,8.6379,4.1899,6.0134,6.8142,10.4514,8.1648,6.9197,7.3665,13.9953,6.4533,9.2637,9.9440,18.2654,15.1253,14.9344,6.6059,12.9391,7.1463,2.4218,6.9413,5.9159,6.9867,7.2208,4.3881,7.8736,6.3591,6.6599,1.3526,6.3618,3.5250,6.2168,6.9675,6.9239,6.7304,13.8172,6.0378,2.1204,3.8254,3.3234,3.9949,5.0568,11.3990,7.5307,7.3705,10.1194,7.4716,4.0928,2.8712,6.1343,4.1348,7.2583,6.6096,1.6580,2.7113,8.2104,5.3882,4.3526,3.8011,1.3796,2.4742,1.7532,4.9637,7.7238,8.5489,8.1311,7.3501,4.8082,17.3840,10.2057,10.2423,11.4741,13.7577,8.0008,15.0936,6.6323,5.8233,6.8469,1.2011,2.9679,3.1741,6.9477,6.2770,12.1060,8.6859,9.3728,5.1185,12.6034,14.8190,7.8013,10.7382,8.9219,6.5699,9.2190,8.4461,8.5567,8.6692,8.7849,8.9046,9.0023,9.1284,9.2591,9.3947,9.5347,9.6798,12.5770,12.6412,12.7064,12.7728,12.8404,12.9091,12.9792,13.0505,13.1231,13.1972,13.2726,13.3495,13.4278,13.5077,13.5891,13.6721,13.7566,13.8428,13.9306,14.0201,14.1112,14.2040,14.2984,14.3945,14.4922,14.5915,14.6924,14.7947,14.8986,15.0039,15.1105,15.2184,15.3274,15.4375,15.5486,15.6605,15.7732,15.8035,15.9196
45108.7916667,1.3927,3.3434,4.3166,4.0666,7.0511,5.4879,4.9365,2.6321,4.9414,5.0297,4.5404,4.0855,2.6620,3.8688,3.5511,3.6473,4.6963,4.3143,3.1385,2.2353,5.2680,2.1215,2.0273,3.3206,3.5085,7.2768,3.3631,1.2543,4.2443,1.3796,2.9831,1.7757,2.3022,3.5647,3.4812,2.9906,4.7096,5.0093,1.7875,6.3838,5.5591,5.8670,3.3853,4.5265,9.7431,4.7281,3.6775,4.1284,2.2532,3.1263,4.7610,4.4615,5.2581,5.4623,2.0980,2.2777,2.5278,3.9035,7.0595,5.3395,5.5882,4.2382,1.8664,1.6822,2.6659,2.2645,5.5904,4.6741,-1.2426,0.6694,3.2910,3.2232,2.6331,0.7328,3.4939,4.6336,3.7648,4.4516,3.1061,4.9164,10.4120,9.1371,6.6005,5.2737,4.1612,4.3336,6.7337,5.0278,5.9451,5.0538,5.9591,7.0431,7.7878,5.7058,2.9002,3.7754,4.5645,6.9416,5.4354,4.6186,5.0736,8.5837,4.3560,4.7047,6.9612,11.4705,7.1090,6.7314,3.3029,6.2689,4.5072,1.6398,4.7743,3.9684,4.6859,4.7365,3.0486,5.3101,4.3535,4.5830,0.9242,4.2472,2.3981,4.0118,3.3167,4.5449,4.5781,6.2638,3.8522,1.4438,2.6243,2.3237,2.7740,3.3954,4.4151,3.0343,4.4482,6.2117,4.5305,2.6441,1.6891,4.1915,2.8263,4.4337,4.4135,1.1465,1.8749,5.6220,3.6621,2.7645,2.5694,0.9264,1.6705,1.2137,2.9327,5.2316,5.8957,5.6095,5.1000,3.0628,7.8487,5.7579,6.7754,7.3010,8.6612,5.5153,6.8512,4.4509,3.9754,4.2147,0.8121,1.9103,2.1167,4.3083,4.0321,7.4891,3.8906,4.2455,3.4299,8.0651,9.1644,4.9601,4.4796,5.5652,4.3667,5.8059,5.3108,5.3612,5.4119,5.4636,5.5082,5.5436,5.5973,5.6527,5.7100,5.7688,5.8296,5.8928,5.9585,6.0269,6.0982,6.1673,6.2442,6.3245,6.4087,6.4969,6.5895,6.6869,6.7893,6.8973,7.0111,7.1313,8.5490,8.6075,8.6671,8.7279,8.7898,8.8528,8.9170,8.9823,9.0488,9.1164,9.1851,9.2549,9.3257,9.3975,9.4704,9.5441,9.6187,9.6942,9.7704,9.8472,9.9246,10.0025,10.0235,10.1039
45108.8333333,0.4344,0.9959,1.3287,1.2684,2.1991,1.7016,1.5285,0.7605,1.4993,1.5651,1.4162,1.2675,0.8302,1.2065,1.0989,1.1302,1.4569,1.3439,0.9753,0.6868,1.5880,0.6615,0.6321,1.0354,1.0940,2.2500,1.0485,0.3910,1.3072,0.4301,0.8351,0.5536,0.7177,1.1113,1.0852,0.9323,1.4681,1.5078,0.5339,1.9794,1.7328,1.8231,1.0525,1.4078,2.9665,1.4676,1.1398,1.2632,0.7013,0.9668,1.4779,1.3731,1.5629,1.6901,0.6538,0.6528,0.7877,1.2165,2.1636,1.6639,1.7414,1.3207,0.5816,0.5242,0.8078,0.7055,1.1548,1.1145,-0.3818,0.2087,1.0181,0.9897,0.8203,0.2283,1.0884,1.4435,1.1728,1.3868,0.9676,1.5314,3.2427,2.8456,2.1911,1.6310,1.2958,1.3452,2.0896,1.5657,1.8199,1.5693,1.7152,2.1623,2.4133,1.7767,0.8883,1.1756,1.4146,2.1527,1.6819,1.4325,1.5750,1.8425,1.3536,1.4344,2.1005,2.6832,2.2132,2.0956,1.0282,1.9516,1.1528,0.5092,1.4674,1.2291,1.4516,1.2370,0.9369,1.6478,1.3429,1.3825,0.2874,1.3195,0.7446,1.3033,1.0339,1.3474,1.4185,1.9487,1.1883,0.4286,0.7870,0.7075,0.7962,0.9436,1.3738,0.9442,0.9466,1.3749,0.9831,0.8181,0.5256,1.2420,0.8737,0.9978,1.3713,0.3567,0.5833,1.7491,1.1234,0.8494,0.7982,0.2854,0.5179,0.3586,0.8184,1.5970,1.8343,1.7379,1.5744,0.9488,2.3742,1.7821,1.9106,2.2433,2.6648,1.7997,2.0796,1.2429,1.1155,0.9866,0.2523,0.5885,0.6547,1.2792,1.2471,1.6881,1.1658,1.2734,1.0613,2.4752,2.0337,1.5248,1.3553,1.7027,1.3485,1.7767,1.6237,1.6366,1.6493,1.6621,1.6750,1.6824,1.6953,1.7083,1.7214,1.7347,1.7481,1.7617,1.7755,1.7896,1.8039,1.8185,1.8333,1.8484,1.8638,1.8795,1.8954,1.9117,1.9283,1.9451,1.9624,1.9799,1.9978,2.0160,2.0346,2.0535,2.0728,2.0924,2.1124,2.1328,2.1535,2.1745,2.1959,2.2177,2.2397,2.2621,2.2848,2.3077,2.3310,2.3545,2.3782,2.4021,2.4262,2.4505,2.4571,2.4821
45108.8750000,0.0000,0.0000,0.0000,0.0000,0.0000,0.0000,0.0000,0.0000,0.0000,0.0000,0.0000,0.0000,0.0000,0.0000,0.0000,0.0000,0.0000,0.0000,0.0000,0.0000,0.0000,0.0000,0.0000,0.0000,0.0000,0.0000,0.0000,0.0000,0.0000,0.0000,0.0000,0.0000,0.0000,0.0000,0.0000,0.0000,0.0000,0.0000,0.0000,0.0000,0.0000,0.0000,0.0000,0.0000,0.0000,0.0000,0.0000,0.0000,0.0000,0.0000,0.0000,0.0000,0.0000,0.0000,0.0000,0.0000,0.0000,0.0000,0.0000,0.0000,0.0000,0.0000,0.0000,0.0000,0.0000,0.0000,0.0000,0.0000,0.0000,0.0000,0.0000,0.0000,0.0000,0.0000,0.0000,0.0000,0.0000,0.0000,0.0000,0.0000,0.0000,0.0000,0.0000,0.0000,0.0000,0.0000,0.0000,0.0000,0.0000,0.0000,0.0000,0.0000,0.0000,0.0000,0.0000,0.0000,0.0000,0.0000,0.0000,0.0000,0.0000,0.0000,0.0000,0.0000,0.0000,0.0000,0.0000,0.0000,0.0000,0.0000,0.0000,0.0000,0.0000,0.0000,0.0000,0.0000,0.0000,0.0000,0.0000,0.0000,0.0000,0.0000,0.0000,0.0000,0.0000,0.0000,0.0000,0.0000,0.0000,0.0000,0.0000,0.0000,0.0000,0.0000,0.0000,0.0000,0.0000,0.0000,0.0000,0.0000,0.0000,0.0000,0.0000,0.0000,0.0000,0.0000,0.0000,0.0000,0.0000,0.0000,0.0000,0.0000,0.0000,0.0000,0.0000,0.0000,0.0000,0.0000,0.0000,0.0000,0.0000,0.0000,0.0000,0.0000,0.0000,0.0000,0.0000,0.0000,0.0000,0.0000,0.0000,0.0000,0.0000,0.0000,0.0000,0.0000,0.0000,0.0000,0.0000,0.0000,0.0000,0.0000,0.0000,0.0000,0.0000,0.0000,0.0000,0.0000,0.0000,0.0000,0.0000,0.0000,0.0000,0.0000,0.0000,0.0000,0.0000,0.0000,0.0000,0.0000,0.0000,0.0000,0.0000,0.0000,0.0000,0.0000,0.0000,0.0000,0.0000,0.0000,0.0000,0.0000,0.0000,0.0000,0.0000,0.0000,0.0000,0.0000,0.0000,0.0000,0.0000,0.0000,0.0000,0.0000,0.0000,0.0000,0.0000,0.0000,0.0000,0.0000,0.0000,0.0000,0.0000,0.0000,0.0000,0.0000
45108.9166667,0.0000,0.0000,0.0000,0.0000,0.0000,0.0000,0.0000,0.0000,0.0000,0.0000,0.0000,0.0000,0.0000,0.0000,0.0000,0.0000,0.0000,0.0000,0.0000,0.0000,0.0000,0.0000,0.0000,0.0000,0.0000,0.0000,0.0000,0.0000,0.0000,0.0000,0.0000,0.0000,0.0000,0.0000,0.0000,0.0000,0.0000,0.0000,0.0000,0.0000,0.0000,0.0000,0.0000,0.0000,0.0000,0.0000,0.0000,0.0000,0.0000,0.0000,0.0000,0.0000,0.0000,0.0000,0.0000,0.0000,0.0000,0.0000,0.0000,0.0000,0.0000,0.0000,0.0000,0.0000,0.0000,0.0000,0.0000,0.0000,0.0000,0.0000,0.0000,0.0000,0.0000,0.0000,0.0000,0.0000,0.0000,0.0000,0.0000,0.0000,0.0000,0.0000,0.0000,0.0000,0.0000,0.0000,0.0000,0.0000,0.0000,0.0000,0.0000,0.0000,0.0000,0.0000,0.0000,0.0000,0.0000,0.0000,0.0000,0.0000,0.0000,0.0000,0.0000,0.0000,0.0000,0.0000,0.0000,0.0000,0.0000,0.0000,0.0000,0.0000,0.0000,0.0000,0.0000,0.0000,0.0000,0.0000,0.0000,0.0000,0.0000,0.0000,0.0000,0.0000,0.0000,0.0000,0.0000,0.0000,0.0000,0.0000,0.0000,0.0000,0.0000,0.0000,0.0000,0.0000,0.0000,0.0000,0.0000,0.0000,0.0000,0.0000,0.0000,0.0000,0.0000,0.0000,0.0000,0.0000,0.0000,0.0000,0.0000,0.0000,0.0000,0.0000,0.0000,0.0000,0.0000,0.0000,0.0000,0.0000,0.0000,0.0000,0.0000,0.0000,0.0000,0.0000,0.0000,0.0000,0.0000,0.0000,0.0000,0.0000,0.0000,0.0000,0.0000,0.0000,0.0000,0.0000,0.0000,0.0000,0.0000,0.0000,0.0000,0.0000,0.0000,0.0000,0.0000,0.0000,0.0000,0.0000,0.0000,0.0000,0.0000,0.0000,0.0000,0.0000,0.0000,0.0000,0.0000,0.0000,0.0000,0.0000,0.0000,0.0000,0.0000,0.0000,0.0000,0.0000,0.0000,0.0000,0.0000,0.0000,0.0000,0.0000,0.0000,0.0000,0.0000,0.0000,0.0000,0.0000,0.0000,0.0000,0.0000,0.0000,0.0000,0.0000,0.0000,0.0000,0.0000,0.0000,0.0000,0.0000,0.0000,0.0000,0.0000,0.0000
45108.9583333,0.0000,0.0000,0.0000,0.0000,0.0000,0.0000,0.0000,0.0000,0.0000,0.0000,0.0000,0.0000,0.0000,0.0000,0.0000,0.0000,0.0000,0.0000,0.0000,0.0000,0.0000,0.0000,0.0000,0.0000,0.0000,0.0000,0.0000,0.0000,0.0000,0.0000,0.0000,0.0000,0.0000,0.0000,0.0000,0.0000,0.0000,0.0000,0.0000,0.0000,0.0000,0.0000,0.0000,0.0000,0.0000,0.0000,0.0000,0.0000,0.0000,0.0000,0.0000,0.0000,0.0000,0.0000,0.0000,0.0000,0.0000,0.0000,0.0000,0.0000,0.0000,0.0000,0.0000,0.0000,0.0000,0.0000,0.0000,0.0000,0.0000,0.0000,0.0000,0.0000,0.0000,0.0000,0.0000,0.0000,0.0000,0.0000,0.0000,0.0000,0.0000,0.0000,0.0000,0.0000,0.0000,0.0000,0.0000,0.0000,0.0000,0.0000,0.0000,0.0000,0.0000,0.0000,0.0000,0.0000,0.0000,0.0000,0.0000,0.0000,0.0000,0.0000,0.0000,0.0000,0.0000,0.0000,0.0000,0.0000,0.0000,0.0000,0.0000,0.0000,0.0000,0.0000,0.0000,0.0000,0.0000,0.0000,0.0000,0.0000,0.0000,0.0000,0.0000,0.0000,0.0000,0.0000,0.0000,0.0000,0.0000,0.0000,0.0000,0.0000,0.0000,0.0000,0.0000,0.0000,0.0000,0.0000,0.0000,0.0000,0.0000,0.0000,0.0000,0.0000,0.0000,0.0000,0.0000,0.0000,0.0000,0.0000,0.0000,0.0000,0.0000,0.0000,0.0000,0.0000,0.0000,0.0000,0.0000,0.0000,0.0000,0.0000,0.0000,0.0000,0.0000,0.0000,0.0000,0.0000,0.0000,0.0000,0.0000,0.0000,0.0000,0.0000,0.0000,0.0000,0.0000,0.0000,0.0000,0.0000,0.0000,0.0000,0.0000,0.0000,0.0000,0.0000,0.0000,0.0000,0.0000,0.0000,0.0000,0.0000,0.0000,0.0000,0.0000,0.0000,0.0000,0.0000,0.0000,0.0000,0.0000,0.0000,0.0000,0.0000,0.0000,0.0000,0.0000,0.0000,0.0000,0.0000,0.0000,0.0000,0.0000,0.0000,0.0000,0.0000,0.0000,0.0000,0.0000,0.0000,0.0000,0.0000,0.0000,0.0000,0.0000,0.0000,0.0000,0.0000,0.0000,0.0000,0.0000,0.0000,0.0000,0.0000,0.0000,0.0000
45109.0000000,0.0000,0.0000,0.0000,0.0000,0.0000,0.0000,0.0000,0.0000,0.0000,0.0000,0.0000,0.0000,0.0000,0.0000,0.0000,0.0000,0.0000,0.0000,0.0000,0.0000,0.0000,0.0000,0.0000,0.0000,0.0000,0.0000,0.0000,0.0000,0.0000,0.0000,0.0000,0.0000,0.0000,0.0000,0.0000,0.0000,0.0000,0.0000,0.0000,0.0000,0.0000,0.0000,0.0000,0.0000,0.0000,0.0000,0.0000,0.0000,0.0000,0.0000,0.0000,0.0000,0.0000,0.0000,0.0000,0.0000,0.0000,0.0000,0.0000,0.0000,0.0000,0.0000,0.0000,0.0000,0.0000,0.0000,0.0000,0.0000,0.0000,0.0000,0.0000,0.0000,0.0000,0.0000,0.0000,0.0000,0.0000,0.0000,0.0000,0.0000,0.0000,0.0000,0.0000,0.0000,0.0000,0.0000,0.0000,0.0000,0.0000,0.0000,0.0000,0.0000,0.0000,0.0000,0.0000,0.0000,0.0000,0.0000,0.0000,0.0000,0.0000,0.0000,0.0000,0.0000,0.0000,0.0000,0.0000,0.0000,0.0000,0.0000,0.0000,0.0000,0.0000,0.0000,0.0000,0.0000,0.0000,0.0000,0.0000,0.0000,0.0000,0.0000,0.0000,0.0000,0.0000,0.0000,0.0000,0.0000,0.0000,0.0000,0.0000,0.0000,0.0000,0.0000,0.0000,0.0000,0.0000,0.0000,0.0000,0.0000,0.0000,0.0000,0.0000,0.0000,0.0000,0.0000,0.0000,0.0000,0.0000,0.0000,0.0000,0.0000,0.0000,0.0000,0.0000,0.0000,0.0000,0.0000,0.0000,0.0000,0.0000,0.0000,0.0000,0.0000,0.0000,0.0000,0.0000,0.0000,0.0000,0.0000,0.0000,0.0000,0.0000,0.0000,0.0000,0.0000,0.0000,0.0000,0.0000,0.0000,0.0000,0.0000,0.0000,0.0000,0.0000,0.0000,0.0000,0.0000,0.0000,0.0000,0.0000,0.0000,0.0000,0.0000,0.0000,0.0000,0.0000,0.0000,0.0000,0.0000,0.0000,0.0000,0.0000,0.0000,0.0000,0.0000,0.0000,0.0000,0.0000,0.0000,0.0000,0.0000,0.0000,0.0000,0.0000,0.0000,0.0000,0.0000,0.0000,0.0000,0.0000,0.0000,0.0000,0.0000,0.0000,0.0000,0.0000,0.0000,0.0000,0.0000,0.0000,0.0000,0.0000,0.0000,0.0000,0.0000
45109.0416667,0.0000,0.0000,0.0000,0.0000,0.0000,0.0000,0.0000,0.0000,0.0000,0.0000,0.0000,0.0000,0.0000,0.0000,0.0000,0.0000,0.0000,0.0000,0.0000,0.0000,0.0000,0.0000,0.0000,0.0000,0.0000,0.0000,0.0000,0.0000,0.0000,0.0000,0.0000,0.0000,0.0000,0.0000,0.0000,0.0000,0.0000,0.0000,0.0000,0.0000,0.0000,0.0000,0.0000,0.0000,0.0000,0.0000,0.0000,0.0000,0.0000,0.0000,0.0000,0.0000,0.0000,0.0000,0.0000,0.0000,0.0000,0.0000,0.0000,0.0000,0.0000,0.0000,0.0000,0.0000,0.0000,0.0000,0.0000,0.0000,0.0000,0.0000,0.0000,0.0000,0.0000,0.0000,0.0000,0.0000,0.0000,0.0000,0.0000,0.0000,0.0000,0.0000,0.0000,0.0000,0.0000,0.0000,0.0000,0.0000,0.0000,0.0000,0.0000,0.0000,0.0000,0.0000,0.0000,0.0000,0.0000,0.0000,0.0000,0.0000,0.0000,0.0000,0.0000,0.0000,0.0000,0.0000,0.0000,0.0000,0.0000,0.0000,0.0000,0.0000,0.0000,0.0000,0.0000,0.0000,0.0000,0.0000,0.0000,0.0000,0.0000,0.0000,0.0000,0.0000,0.0000,0.0000,0.0000,0.0000,0.0000,0.0000,0.0000,0.0000,0.0000,0.0000,0.0000,0.0000,0.0000,0.0000,0.0000,0.0000,0.0000,0.0000,0.0000,0.0000,0.0000,0.0000,0.0000,0.0000,0.0000,0.0000,0.0000,0.0000,0.0000,0.0000,0.0000,0.0000,0.0000,0.0000,0.0000,0.0000,0.0000,0.0000,0.0000,0.0000,0.0000,0.0000,0.0000,0.0000,0.0000,0.0000,0.0000,0.0000,0.0000,0.0000,0.0000,0.0000,0.0000,0.0000,0.0000,0.0000,0.0000,0.0000,0.0000,0.0000,0.0000,0.0000,0.0000,0.0000,0.0000,0.0000,0.0000,0.0000,0.0000,0.0000,0.0000,0.0000,0.0000,0.0000,0.0000,0.0000,0.0000,0.0000,0.0000,0.0000,0.0000,0.0000,0.0000,0.0000,0.0000,0.0000,0.0000,0.0000,0.0000,0.0000,0.0000,0.0000,0.0000,0.0000,0.0000,0.0000,0.0000,0.0000,0.0000,0.0000,0.0000,0.0000,0.0000,0.0000,0.0000,0.0000,0.0000,0.0000,0.0000,0.0000,0.0000,0.0000
45109.0833333,0.0000,0.0000,0.0000,0.0000,0.0000,0.0000,0.0000,0.0000,0.0000,0.0000,0.0000,0.0000,0.0000,0.0000,0.0000,0.0000,0.0000,0.0000,0.0000,0.0000,0.0000,0.0000,0.0000,0.0000,0.0000,0.0000,0.0000,0.0000,0.0000,0.0000,0.0000,0.0000,0.0000,0.0000,0.0000,0.0000,0.0000,0.0000,0.0000,0.0000,0.0000,0.0000,0.0000,0.0000,0.0000,0.0000,0.0000,0.0000,0.0000,0.0000,0.0000,0.0000,0.0000,0.0000,0.0000,0.0000,0.0000,0.0000,0.0000,0.0000,0.0000,0.0000,0.0000,0.0000,0.0000,0.0000,0.0000,0.0000,0.0000,0.0000,0.0000,0.0000,0.0000,0.0000,0.0000,0.0000,0.0000,0.0000,0.0000,0.0000,0.0000,0.0000,0.0000,0.0000,0.0000,0.0000,0.0000,0.0000,0.0000,0.0000,0.0000,0.0000,0.0000,0.0000,0.0000,0.0000,0.0000,0.0000,0.0000,0.0000,0.0000,0.0000,0.0000,0.0000,0.0000,0.0000,0.0000,0.0000,0.0000,0.0000,0.0000,0.0000,0.0000,0.0000,0.0000,0.0000,0.0000,0.0000,0.0000,0.0000,0.0000,0.0000,0.0000,0.0000,0.0000,0.0000,0.0000,0.0000,0.0000,0.0000,0.0000,0.0000,0.0000,0.0000,0.0000,0.0000,0.0000,0.0000,0.0000,0.0000,0.0000,0.0000,0.0000,0.0000,0.0000,0.0000,0.0000,0.0000,0.0000,0.0000,0.0000,0.0000,0.0000,0.0000,0.0000,0.0000,0.0000,0.0000,0.0000,0.0000,0.0000,0.0000,0.0000,0.0000,0.0000,0.0000,0.0000,0.0000,0.0000,0.0000,0.0000,0.0000,0.0000,0.0000,0.0000,0.0000,0.0000,0.0000,0.0000,0.0000,0.0000,0.0000,0.0000,0.0000,0.0000,0.0000,0.0000,0.0000,0.0000,0.0000,0.0000,0.0000,0.0000,0.0000,0.0000,0.0000,0.0000,0.0000,0.0000,0.0000,0.0000,0.0000,0.0000,0.0000,0.0000,0.0000,0.0000,0.0000,0.0000,0.0000,0.0000,0.0000,0.0000,0.0000,0.0000,0.0000,0.0000,0.0000,0.0000,0.0000,0.0000,0.0000,0.0000,0.0000,0.0000,0.0000,0.0000,0.0000,0.0000,0.0000,0.0000,0.0000,0.0000,0.0000,0.0000,0.0000
45109.1250000,0.0000,0.0000,0.0000,0.0000,0.0000,0.0000,0.0000,0.0000,0.0000,0.0000,0.0000,0.0000,0.0000,0.0000,0.0000,0.0000,0.0000,0.0000,0.0000,0.0000,0.0000,0.0000,0.0000,0.0000,0.0000,0.0000,0.0000,0.0000,0.0000,0.0000,0.0000,0.0000,0.0000,0.0000,0.0000,0.0000,0.0000,0.0000,0.0000,0.0000,0.0000,0.0000,0.0000,0.0000,0.0000,0.0000,0.0000,0.0000,0.0000,0.0000,0.0000,0.0000,0.0000,0.0000,0.0000,0.0000,0.0000,0.0000,0.0000,0.0000,0.0000,0.0000,0.0000,0.0000,0.0000,0.0000,0.0000,0.0000,0.0000,0.0000,0.0000,0.0000,0.0000,0.0000,0.0000,0.0000,0.0000,0.0000,0.0000,0.0000,0.0000,0.0000,0.0000,0.0000,0.0000,0.0000,0.0000,0.0000,0.0000,0.0000,0.0000,0.0000,0.0000,0.0000,0.0000,0.0000,0.0000,0.0000,0.0000,0.0000,0.0000,0.0000,0.0000,0.0000,0.0000,0.0000,0.0000,0.0000,0.0000,0.0000,0.0000,0.0000,0.0000,0.0000,0.0000,0.0000,0.0000,0.0000,0.0000,0.0000,0.0000,0.0000,0.0000,0.0000,0.0000,0.0000,0.0000,0.0000,0.0000,0.0000,0.0000,0.0000,0.0000,0.0000,0.0000,0.0000,0.0000,0.0000,0.0000,0.0000,0.0000,0.0000,0.0000,0.0000,0.0000,0.0000,0.0000,0.0000,0.0000,0.0000,0.0000,0.0000,0.0000,0.0000,0.0000,0.0000,0.0000,0.0000,0.0000,0.0000,0.0000,0.0000,0.0000,0.0000,0.0000,0.0000,0.0000,0.0000,0.0000,0.0000,0.0000,0.0000,0.0000,0.0000,0.0000,0.0000,0.0000,0.0000,0.0000,0.0000,0.0000,0.0000,0.0000,0.0000,0.0000,0.0000,0.0000,0.0000,0.0000,0.0000,0.0000,0.0000,0.0000,0.0000,0.0000,0.0000,0.0000,0.0000,0.0000,0.0000,0.0000,0.0000,0.0000,0.0000,0.0000,0.0000,0.0000,0.0000,0.0000,0.0000,0.0000,0.0000,0.0000,0.0000,0.0000,0.0000,0.0000,0.0000,0.0000,0.0000,0.0000,0.0000,0.0000,0.0000,0.0000,0.0000,0.0000,0.0000,0.0000,0.0000,0.0000,0.0000,0.0000,0.0000,0.0000,0.0000
45109.1666667,0.0000,0.0000,0.0000,0.0000,0.0000,0.0000,0.0000,0.0000,0.0000,0.0000,0.0000,0.0000,0.0000,0.0000,0.0000,0.0000,0.0000,0.0000,0.0000,0.0000,0.0000,0.0000,0.0000,0.0000,0.0000,0.0000,0.0000,0.0000,0.0000,0.0000,0.0000,0.0000,0.0000,0.0000,0.0000,0.0000,0.0000,0.0000,0.0000,0.0000,0.0000,0.0000,0.0000,0.0000,0.0000,0.0000,0.0000,0.0000,0.0000,0.0000,0.0000,0.0000,0.0000,0.0000,0.0000,0.0000,0.0000,0.0000,0.0000,0.0000,0.0000,0.0000,0.0000,0.0000,0.0000,0.0000,0.0000,0.0000,0.0000,0.0000,0.0000,0.0000,0.0000,0.0000,0.0000,0.0000,0.0000,0.0000,0.0000,0.0000,0.0000,0.0000,0.0000,0.0000,0.0000,0.0000,0.0000,0.0000,0.0000,0.0000,0.0000,0.0000,0.0000,0.0000,0.0000,0.0000,0.0000,0.0000,0.0000,0.0000,0.0000,0.0000,0.0000,0.0000,0.0000,0.0000,0.0000,0.0000,0.0000,0.0000,0.0000,0.0000,0.0000,0.0000,0.0000,0.0000,0.0000,0.0000,0.0000,0.0000,0.0000,0.0000,0.0000,0.0000,0.0000,0.0000,0.0000,0.0000,0.0000,0.0000,0.0000,0.0000,0.0000,0.0000,0.0000,0.0000,0.0000,0.0000,0.0000,0.0000,0.0000,0.0000,0.0000,0.0000,0.0000,0.0000,0.0000,0.0000,0.0000,0.0000,0.0000,0.0000,0.0000,0.0000,0.0000,0.0000,0.0000,0.0000,0.0000,0.0000,0.0000,0.0000,0.0000,0.0000,0.0000,0.0000,0.0000,0.0000,0.0000,0.0000,0.0000,0.0000,0.0000,0.0000,0.0000,0.0000,0.0000,0.0000,0.0000,0.0000,0.0000,0.0000,0.0000,0.0000,0.0000,0.0000,0.0000,0.0000,0.0000,0.0000,0.0000,0.0000,0.0000,0.0000,0.0000,0.0000,0.0000,0.0000,0.0000,0.0000,0.0000,0.0000,0.0000,0.0000,0.0000,0.0000,0.0000,0.0000,0.0000,0.0000,0.0000,0.0000,0.0000,0.0000,0.0000,0.0000,0.0000,0.0000,0.0000,0.0000,0.0000,0.0000,0.0000,0.0000,0.0000,0.0000,0.0000,0.0000,0.0000,0.0000,0.0000,0.0000,0.0000,0.0000,0.0000,0.0000
45109.2083333,0.0000,0.0000,0.0000,0.0000,0.0000,0.0000,0.0000,0.0000,0.0000,0.0000,0.0000,0.0000,0.0000,0.0000,0.0000,0.0000,0.0000,0.0000,0.0000,0.0000,0.0000,0.0000,0.0000,0.0000,0.0000,0.0000,0.0000,0.0000,0.0000,0.0000,0.0000,0.0000,0.0000,0.0000,0.0000,0.0000,0.0000,0.0000,0.0000,0.0000,0.0000,0.0000,0.0000,0.0000,0.0000,0.0000,0.0000,0.0000,0.0000,0.0000,0.0000,0.0000,0.0000,0.0000,0.0000,0.0000,0.0000,0.0000,0.0000,0.0000,0.0000,0.0000,0.0000,0.0000,0.0000,0.0000,0.0000,0.0000,0.0000,0.0000,0.0000,0.0000,0.0000,0.0000,0.0000,0.0000,0.0000,0.0000,0.0000,0.0000,0.0000,0.0000,0.0000,0.0000,0.0000,0.0000,0.0000,0.0000,0.0000,0.0000,0.0000,0.0000,0.0000,0.0000,0.0000,0.0000,0.0000,0.0000,0.0000,0.0000,0.0000,0.0000,0.0000,0.0000,0.0000,0.0000,0.0000,0.0000,0.0000,0.0000,0.0000,0.0000,0.0000,0.0000,0.0000,0.0000,0.0000,0.0000,0.0000,0.0000,0.0000,0.0000,0.0000,0.0000,0.0000,0.0000,0.0000,0.0000,0.0000,0.0000,0.0000,0.0000,0.0000,0.0000,0.0000,0.0000,0.0000,0.0000,0.0000,0.0000,0.0000,0.0000,0.0000,0.0000,0.0000,0.0000,0.0000,0.0000,0.0000,0.0000,0.0000,0.0000,0.0000,0.0000,0.0000,0.0000,0.0000,0.0000,0.0000,0.0000,0.0000,0.0000,0.0000,0.0000,0.0000,0.0000,0.0000,0.0000,0.0000,0.0000,0.0000,0.0000,0.0000,0.0000,0.0000,0.0000,0.0000,0.0000,0.0000,0.0000,0.0000,0.0000,0.0000,0.0000,0.0000,0.0000,0.0000,0.0000,0.0000,0.0000,0.0000,0.0000,0.0000,0.0000,0.0000,0.0000,0.0000,0.0000,0.0000,0.0000,0.0000,0.0000,0.0000,0.0000,0.0000,0.0000,0.0000,0.0000,0.0000,0.0000,0.0000,0.0000,0.0000,0.0000,0.0000,0.0000,0.0000,0.0000,0.0000,0.0000,0.0000,0.0000,0.0000,0.0000,0.0000,0.0000,0.0000,0.0000,0.0000,0.0000,0.0000,0.0000,0.0000,0.0000,0.0000,0.0000
45109.2500000,0.3834,0.8793,1.1728,1.1200,1.9422,1.5024,1.3494,0.6709,1.3233,1.3752,1.2428,1.1200,0.7327,1.0646,0.9697,0.9971,1.2855,1.1857,0.8600,0.6053,1.4017,0.5837,0.5573,0.9136,0.9652,1.9864,0.9253,0.3447,1.1533,0.3790,0.7367,0.4885,0.6333,0.9805,0.9577,0.8225,1.2957,1.3308,0.4709,1.7472,1.5296,1.6092,0.9290,1.2427,2.6195,1.2904,1.0048,1.1139,0.6180,0.8523,1.3043,1.2117,1.3791,1.4909,0.5765,0.5761,0.6950,1.0737,1.9102,1.4687,1.5371,1.1656,0.5133,0.4627,0.7129,0.6226,1.0184,0.9820,-0.3387,0.1835,0.8990,0.8742,0.7247,0.2012,0.9616,1.2754,1.0362,1.2254,0.8550,1.3533,2.8656,2.5147,1.8136,1.4412,1.1450,1.1886,1.8464,1.3835,1.6081,1.3866,1.5157,1.9108,2.1325,1.5699,0.7848,1.0387,1.2499,1.8984,1.4851,1.2636,1.3916,1.6281,1.1954,1.2668,1.8553,2.3700,1.9620,1.8508,0.9074,1.7682,1.0198,0.4490,1.2939,1.0853,1.2812,1.0924,0.8272,1.4544,1.1859,1.2208,0.2532,1.1651,0.6573,1.0940,0.9116,1.1898,1.2525,1.7211,1.0493,0.3782,0.6947,0.6245,0.7029,0.8332,1.2134,0.8337,0.8358,1.2141,0.8680,0.7223,0.4639,1.0923,0.7687,0.8805,1.2103,0.3147,0.5148,1.5449,0.9921,0.7501,0.7047,0.2515,0.4569,0.3165,0.7226,1.4105,1.6187,1.5077,1.3904,0.8312,2.0970,1.5714,1.5867,1.9785,2.3666,1.4780,1.7692,1.0949,0.9849,0.8709,0.2224,0.5192,0.5779,1.1295,1.1011,1.4909,1.0295,1.1246,0.9373,2.1865,1.7965,1.3468,1.1971,1.5041,1.1912,1.5694,1.4342,1.4456,1.4569,1.4681,1.4795,1.4862,1.4975,1.5090,1.5206,1.5323,1.5442,1.5562,1.5685,1.5809,1.5936,1.6064,1.6195,1.6329,1.6465,1.6603,1.6744,1.6888,1.7035,1.7184,1.7336,1.7491,1.7649,1.7810,1.7974,1.8141,1.8312,1.8485,1.8662,1.8842,1.9025,1.9211,1.9400,1.9592,1.9787,1.9984,2.0185,2.0388,2.0593,2.0800,2.1010,2.1221,2.1434,2.1649,2.1707,2.1928
45109.2916667,1.2566,2.8817,3.8440,3.6709,6.3663,4.9839,4.4237,2.1993,4.3566,4.5175,4.0819,3.6763,2.4236,3.5046,3.1790,3.2687,4.4527,3.8947,2.8248,1.9844,4.5956,1.9139,1.8274,3.0949,3.2576,6.5936,3.0371,1.1305,3.8184,1.2532,2.4225,1.6123,2.5261,3.5509,3.1412,2.6977,4.2948,4.4283,1.7386,5.7556,5.0177,5.2888,3.0477,4.0770,8.5942,4.2337,3.2966,3.6545,2.0276,2.7963,4.3426,4.0444,4.6607,4.9196,1.8915,1.9351,2.2806,3.5542,6.2936,4.8656,5.1298,3.8362,1.6841,1.5181,3.0569,2.0432,3.3418,3.2218,-1.1137,0.5978,2.9640,2.8982,2.4152,0.6564,3.2286,4.2122,3.4331,4.0760,2.9301,4.4420,9.5083,8.3051,6.0130,5.7933,3.7593,3.9022,6.0625,4.5423,5.2802,4.5526,4.9766,6.2740,7.0033,5.1556,2.5769,3.4221,4.1049,6.2356,4.8870,4.2291,4.5983,5.3479,3.9265,4.3051,6.1526,10.0976,8.3340,8.1410,3.6351,7.1688,3.9803,1.4779,4.3276,3.5985,4.2537,3.6800,2.7379,4.8033,3.9156,4.0489,0.8319,3.9591,2.1734,3.6161,2.9958,4.0921,4.1352,5.6994,3.4680,1.2471,2.3044,2.0956,2.4149,4.0926,4.0429,2.9037,2.8019,4.6698,3.9551,2.3740,1.5250,3.6481,2.5614,2.8944,3.9785,1.0345,1.6953,5.0790,3.2878,2.4902,2.3384,0.8269,1.5038,1.0803,2.3960,4.6462,5.3524,4.9569,4.6152,2.7327,6.8947,5.1664,5.7765,6.5366,7.9313,4.8800,5.9288,3.6501,3.3112,3.1017,0.7311,2.1165,1.9025,3.7617,3.6361,5.2575,3.4315,3.7168,3.1076,7.2212,5.9401,4.4375,3.9865,4.9965,3.9326,5.1727,4.7276,4.7664,4.8048,4.8427,4.8819,4.9054,4.9445,4.9844,5.0251,5.0661,5.1079,5.1506,5.1942,5.2404,5.2864,5.3335,5.3818,5.4315,5.4825,5.5350,5.5891,5.6448,5.8612,5.9103,5.8109,5.8727,5.9366,6.0026,6.0709,6.1416,6.2148,6.2908,6.3696,6.3017,6.5607,6.6521,6.7476,6.8473,6.9516,7.0608,7.1752,7.2954,7.4216,7.5543,8.6275,8.6969,8.7669,8.8374,8.8564,8.9290
45109.3333333,2.1686,4.9734,6.7594,6.3356,10.9877,8.8125,7.6351,3.7959,8.2035,8.1211,7.3239,6.6302,4.3303,6.2246,5.4868,5.6845,13.0342,6.9732,9.0131,3.5092,8.6186,3.4451,3.1543,6.8903,6.2228,11.4749,5.4629,1.9515,7.0920,2.5626,4.8124,3.5530,9.2692,8.5083,5.7537,4.7923,7.8360,8.8692,3.2820,10.7887,8.6622,9.4745,5.2614,7.0386,15.1070,9.2267,5.9319,6.3093,3.5006,5.4963,9.5275,8.7833,13.9821,9.3634,3.4366,4.6130,4.6629,6.9486,11.5653,8.6887,15.6063,6.9259,2.9076,2.6209,6.4773,3.5279,11.2156,7.0155,-5.7510,1.0330,5.2949,5.2814,5.3435,1.1336,5.8916,8.1616,6.0323,7.3152,5.1999,8.4736,16.6837,15.7082,11.4861,16.1313,6.4899,7.1898,10.7942,7.8412,9.1154,7.8585,9.8149,11.5628,13.9707,11.7797,4.9108,6.1356,7.3570,11.3264,8.6764,13.7242,7.9293,10.8667,7.0604,13.3345,13.0005,21.5793,17.8670,17.7818,7.6527,15.1797,8.2231,2.9744,7.9466,6.3119,9.0293,11.5898,4.7440,8.3193,7.4417,7.4666,1.4403,11.5034,3.7795,6.8181,5.2471,7.3195,7.7470,10.0319,6.6213,2.2224,4.3302,4.4287,7.6353,9.6145,7.0657,5.2518,4.8428,12.0936,8.9565,4.1807,2.6343,6.2765,4.3739,5.1702,7.2256,1.7870,3.2380,9.0131,5.8200,4.7560,4.0254,1.4320,2.6223,1.9722,4.3813,8.2990,10.1400,8.6697,8.5778,4.8598,20.8209,9.1388,13.0578,11.2820,14.1960,9.5955,10.4999,11.4817,9.3760,8.0653,1.2880,4.6249,3.6249,10.3899,6.7557,14.4165,6.0401,7.0320,5.5236,13.4425,11.2639,7.9314,6.8490,8.7075,6.7776,9.2580,8.4671,8.5501,8.6331,8.7174,8.8037,8.8639,8.9522,9.0428,9.1358,9.2305,9.3276,9.4275,9.5304,9.6363,9.7455,9.8580,9.9741,10.1212,10.2473,10.3776,10.5124,10.6519,10.7962,10.9457,11.1006,11.2610,11.4273,11.5998,11.7787,11.9642,12.1568,12.3567,12.5642,12.7797,13.0035,13.2360,13.4775,17.2542,17.3649,17.4771,17.5909,17.7061,17.8227,17.9405,18.0595,18.1795,18.3004,18.4221,18.4550,18.5804
45109.3750000,3.0061,6.8945,10.0386,8.7838,28.3680,15.4372,10.5871,10.6655,19.0530,14.2228,12.7202,11.8149,7.6266,9.1740,8.5083,9.2442,34.2865,11.9516,24.5559,4.9581,20.9878,5.9921,4.3749,13.4343,8.3940,50.1989,8.1439,2.7075,15.7242,8.6048,9.1463,14.2193,28.8775,31.0588,34.3481,28.7291,16.5878,14.2226,5.7669,45.2302,13.2337,22.8389,7.3022,10.7444,64.5706,32.3704,10.3157,8.7576,6.2850,8.5608,39.0144,34.7414,36.6793,41.6707,6.3013,21.3304,6.7351,18.1058,50.3147,15.0395,40.8145,12.2418,4.0364,3.6383,14.9564,4.8993,30.9823,29.6954,-16.4701,1.4819,25.0056,8.0055,19.6921,1.6959,13.1381,38.6224,9.9691,45.4857,8.6482,15.0486,75.0796,64.3121,18.4236,44.3005,9.0168,10.7360,17.3734,10.8932,12.6637,39.0168,47.8561,24.2057,34.2475,45.3034,11.7076,10.3185,12.5891,20.2289,14.7484,37.3375,12.1881,44.4198,12.1492,35.7468,46.3482,52.3243,43.6684,44.8500,18.4594,36.3902,19.1168,10.0758,12.1960,10.3991,35.0365,31.3791,7.9742,12.4079,17.9219,16.1323,2.0588,29.9744,6.1915,27.6469,8.7006,15.7597,29.3851,41.4019,28.5683,3.2679,10.0809,17.3492,21.3900,27.3374,16.3938,7.0717,7.7771,31.6019,24.2173,6.5500,4.2277,10.9059,22.5842,8.6294,14.3317,3.0859,15.0942,19.5515,32.8502,7.4065,21.9704,2.0800,3.7121,8.6288,6.6641,14.0860,41.4758,12.1956,18.9778,7.0567,53.3188,44.6198,44.0319,17.2141,41.3908,26.2810,19.6884,30.9208,24.1718,20.6376,2.9597,12.1314,5.4022,26.0821,24.4737,36.7750,9.4797,29.3481,9.3959,28.3829,45.4127,13.4073,10.2598,13.9541,10.9349,15.7383,14.4250,14.6428,14.8645,15.0920,15.3263,15.5286,15.7744,16.0280,16.2897,16.5586,16.8360,17.1225,17.4185,17.7244,18.0405,18.3674,18.7054,19.0550,19.4166,19.7908,20.1779,20.5786,20.9933,21.4226,21.8670,22.3272,22.8037,23.2971,23.8081,40.0368,40.1706,40.3069,40.4457,40.5869,40.7307,40.8769,41.0256,41.1766,41.3299,41.4854,41.6431,41.8028,41.9644,42.1278,42.2928,42.4593,42.6270,42.7958,42.8410,43.0151
45109.4166667,2.9719,6.8165,18.6964,15.6326,99.9915,22.2716,21.3175,9.8379,62.6991,20.2806,18.6689,17.1915,11.1207,15.7968,8.6481,14.1237,54.7084,16.6656,40.2087,5.8909,19.3096,11.8968,6.8937,15.4700,14.9094,78.3892,15.3186,10.7171,52.5854,12.1323,45.3714,20.0650,49.1394,50.8810,56.7807,47.7459,62.7485,24.6465,7.6577,71.1169,72.0447,21.6137,7.2262,10.1438,99.7775,51.3216,14.6731,14.3224,8.9557,16.4240,62.8806,55.9487,58.3402,66.4167,8.5457,32.9984,9.2534,63.6421,79.0505,21.1193,64.6401,17.6560,6.0871,6.3549,26.8218,24.7865,50.5226,48.4868,-24.4938,2.1485,40.7687,8.2000,28.9430,2.2961,11.9844,62.3734,14.1947,74.6993,13.2606,40.7153,116.7258,99.9602,25.6715,71.3281,8.9313,11.8815,15.3048,10.9820,80.3875,62.3923,77.1095,87.1571,88.9112,72.3064,42.1866,14.4793,17.8159,29.3078,20.3622,60.1786,19.3415,70.4014,17.0030,57.3711,72.4173,79.7988,67.1198,69.8152,29.2210,55.7477,29.7104,17.2768,14.8638,14.0033,56.0327,50.7562,9.9423,19.7586,58.0365,54.4942,2.9106,47.8578,8.3503,44.2062,8.6661,51.1944,46.3039,64.5547,46.0967,5.9169,33.8631,28.9838,35.5976,45.2416,63.0889,10.5478,10.2954,50.4283,39.5640,34.3436,4.5066,46.2417,37.2990,11.8122,52.0947,2.7645,25.6937,72.6139,53.9551,10.5641,36.6078,2.4264,4.9286,13.3499,8.5996,19.5457,65.3072,15.8101,62.7710,11.0922,83.1940,71.1056,69.9824,19.6287,54.6960,34.1700,34.4152,49.9538,38.7815,33.2705,4.3360,20.4733,7.2565,41.2621,38.6131,57.8365,12.2927,47.0195,13.0900,82.9234,71.1440,18.4307,57.3040,18.2335,14.4472,21.5949,19.8333,20.2079,20.5905,20.9831,21.3870,21.7636,22.1880,22.6248,23.0745,23.5363,24.0116,24.5011,25.0052,25.5246,26.0596,26.6108,27.1788,60.2103,60.3151,60.4219,60.5308,60.6417,60.7548,60.8701,60.9876,61.1075,61.2297,61.3542,61.4812,61.6106,61.7425,61.8768,62.0136,62.1528,62.2946,62.4387,62.5852,62.7341,62.8853,63.0386,63.1941,63.3516,63.5109,63.6720,63.8347,63.9989,64.1643,64.3308,64.3747,64.5464
45109.4583333,3.4159,10.1675,24.8059,91.0910,116.8219,29.5057,28.1897,13.4584,74.0642,79.2571,77.8361,22.7248,44.8971,63.1745,64.6195,18.6728,64.9047,21.8096,16.4374,7.8853,79.2878,12.6832,9.3145,15.9822,20.0237,92.0634,67.4572,12.8029,62.4679,8.2608,54.1895,21.5278,32.7448,27.3080,67.2720,56.9131,74.1200,72.9954,10.9563,83.7223,84.7808,28.1053,9.0346,13.7147,116.5932,61.0219,19.3453,31.2269,12.3014,9.7077,24.2462,66.3239,69.0687,26.9938,9.9206,13.5469,12.8319,75.1394,92.8194,77.9766,76.2934,23.2540,9.4481,8.3317,8.8741,17.0342,60.0998,57.7654,-8.1017,3.1615,17.0572,16.1658,14.1904,9.3609,17.3888,73.6884,58.6783,87.8164,18.1210,25.3878,136.0246,116.7986,96.2735,27.9842,10.2599,14.8519,95.0458,48.1344,94.3434,73.7102,90.5835,102.1086,104.1233,85.0772,15.6525,18.8011,23.4239,38.4091,26.4757,24.2007,69.6141,82.8906,62.8005,67.9479,85.2065,93.6768,79.1336,82.2213,35.6658,66.0881,36.2242,7.7191,68.8565,18.7630,66.4027,60.3500,13.3943,73.4154,68.6967,64.6355,3.9816,57.0249,39.9089,52.8367,71.1591,60.8502,55.2444,76.1760,55.0051,26.3847,40.9751,18.5490,8.7007,13.7991,32.9119,49.9183,48.0026,59.9810,15.7694,41.5349,35.2416,55.1829,44.9260,44.4792,61.8969,5.7758,31.6192,85.4282,17.2259,14.4112,12.0625,4.1826,22.8679,6.9457,12.4992,79.4981,77.0546,82.0033,23.9991,41.2340,97.5690,83.7020,29.2681,50.7031,63.6545,90.7436,88.2250,59.4446,46.6340,40.3140,4.4117,25.6371,9.6819,49.4805,46.4430,68.4885,16.0248,56.0815,17.2164,97.2609,30.1370,24.0268,21.7253,84.5265,23.1008,77.0680,69.4579,69.5587,69.6579,69.7574,69.8582,69.9157,70.0158,70.1172,70.2203,70.3236,70.4282,70.5346,70.6427,70.7528,70.8647,70.9787,71.0947,71.2129,71.3333,71.4560,71.5810,71.7084,71.8383,71.9707,72.1057,72.2433,72.3837,72.5267,72.6725,72.8211,72.9725,73.1268,73.2838,73.4437,73.6065,73.7720,73.9402,74.1111,74.2846,74.4607,74.6392,74.8199,75.0028,75.1878,75.3745,75.5629,75.7527,75.9438,75.9941,76.1911
45109.5000000,2.8363,19.9096,98.9023,117.4656,147.8961,117.8989,111.4253,16.7676,94.0490,100.6909,99.3922,87.1169,58.0600,80.7787,83.1070,74.5570,82.0978,78.2345,61.9668,49.1955,100.6154,16.1810,11.2053,19.1418,79.2457,114.9495,87.0574,6.5877,79.4549,10.6303,70.3333,14.3632,17.2747,77.6245,86.6705,73.5598,94.2453,92.6035,28.9095,104.9654,107.3221,103.8782,16.8478,15.1328,144.6214,76.9396,71.9909,89.5615,49.9335,16.7730,94.4087,84.3009,87.1962,98.9567,12.0013,17.5276,15.7515,96.5713,116.2859,98.5886,96.0611,86.6931,7.3306,10.4426,13.0792,34.4937,76.9175,73.9897,-30.9255,12.3014,62.6492,82.8788,17.8878,13.3822,20.9869,93.7720,74.9637,112.6842,22.8245,30.9891,169.2593,145.3641,121.2896,106.6290,14.7422,23.1154,119.5211,36.0601,119.6398,93.3129,115.0713,128.5830,130.2735,107.5466,65.2924,83.8538,91.9655,146.0867,104.2260,90.4872,87.8700,104.3969,79.7155,86.2122,106.4587,115.4008,97.9846,102.5270,45.0756,81.7376,45.3282,28.9515,87.2883,74.3502,84.0964,76.9179,15.6971,92.6116,87.5492,82.0203,18.1713,72.1919,51.7777,66.9603,92.0111,77.1398,69.4429,95.0767,70.0196,35.1002,53.0136,45.9191,13.7539,17.4052,95.0840,64.2352,61.6906,75.8749,60.9115,53.6325,46.4437,70.0642,57.9178,56.8338,78.4320,30.6952,41.4296,108.1014,20.5073,17.7319,57.1612,18.7410,30.1095,8.9880,14.9587,100.8542,96.7023,103.7421,93.8578,52.7701,121.7444,105.7112,103.9401,117.5107,148.4694,115.4685,110.8258,75.7108,59.2418,51.3803,17.8179,33.5082,44.6150,62.3729,58.4783,85.9353,18.4173,71.1313,63.4668,120.9468,104.7865,88.1741,86.4188,107.1039,95.3038,96.9447,87.4695,87.5526,87.6344,87.7164,87.7995,87.8465,87.9290,88.0126,88.0976,88.1828,88.2691,88.3568,88.4461,88.5369,88.6293,88.7234,88.8192,88.9168,89.0162,89.1176,89.2208,89.3261,89.4335,89.5430,89.6546,89.7684,89.8845,90.0028,90.1234,90.2464,90.3717,90.4993,90.6293,90.7617,90.8964,91.0335,91.1728,91.3143,91.4581,91.6039,91.7517,91.9015,92.0530,92.2062,92.3610,92.5171,92.6743,92.8327,92.8736,93.0369
45109.5416667,13.1215,117.0948,104.9240,124.6423,156.3963,124.8622,118.0932,76.4829,99.6832,106.6939,105.3998,92.4606,61.8900,85.7731,88.3017,79.2177,87.0333,82.9992,65.9526,52.5692,106.5973,17.2037,61.4908,19.7423,84.2099,121.4309,22.4294,7.1726,84.3137,11.7716,18.2021,8.4455,18.3914,82.4811,92.0884,78.2700,99.9088,98.1458,15.6332,110.9935,113.6294,109.9272,24.2872,28.0832,152.4991,81.5602,76.4918,95.0561,53.3437,20.8142,100.0768,89.4161,92.3812,104.7826,12.9740,18.1363,17.0497,24.1537,122.8962,104.4062,101.6829,91.9820,17.8541,12.3322,14.8849,83.8071,81.7079,78.6260,-31.8034,13.7095,66.6524,88.1208,84.9317,14.8447,22.7160,99.4209,79.6255,29.5284,24.6907,31.3870,178.4738,153.3541,128.2645,112.9513,21.3545,97.2246,126.3684,110.6850,126.6442,98.8642,121.8575,135.9379,137.5911,113.8435,69.5272,89.0516,97.5211,154.5084,110.3753,95.9448,93.0886,110.4664,84.5640,91.4088,112.5094,121.6683,103.4599,108.3425,48.0092,86.3749,48.2071,31.1968,92.5309,78.9412,89.1535,81.6594,16.8166,98.0741,23.8082,86.9885,19.8845,76.5992,55.2692,71.0945,23.8115,81.8275,73.6235,100.5119,74.3612,37.7504,14.4579,49.0669,14.7698,18.7452,100.8340,68.3560,17.1203,80.4573,64.8058,57.1773,49.7160,74.3685,61.6908,60.4698,83.1674,33.1055,44.3634,114.4217,22.0750,19.3701,60.9286,20.4685,32.3970,9.8541,16.0895,106.8254,102.2911,109.8278,99.4203,56.1991,128.5504,111.8796,109.9925,124.1375,156.7362,122.2923,117.1814,80.3671,62.9720,54.7078,19.5237,35.9781,47.7214,66.2067,62.0949,90.9684,71.8393,75.5000,67.4899,127.6609,110.7688,93.4347,91.6679,113.4115,101.0947,102.5961,92.6327,92.7137,92.7934,92.8733,92.9542,93.0000,93.0803,93.1618,93.2446,93.3276,93.4116,93.4971,93.5841,93.6725,93.7625,93.8542,93.9475,94.0426,94.1395,94.2383,94.3389,94.4415,94.5462,94.6528,94.7616,94.8726,94.9857,95.1010,95.2186,95.3384,95.4606,95.5850,95.7118,95.8409,95.9722,96.1058,96.2417,96.3797,96.5198,96.6620,96.8062,96.9522,97.1000,97.2494,97.4004,97.5526,97.7060,97.8604,97.9002,98.0595
45109.5833333,11.1565,113.5740,101.7939,22.7168,151.9984,121.2470,114.6349,17.4648,96.7260,103.5539,102.2700,89.6627,59.8586,83.1487,85.5897,76.7607,84.4166,80.4742,63.8340,50.7698,103.4649,16.3461,59.4369,81.9897,81.6094,118.0027,12.9633,3.1840,81.7464,11.1613,17.3663,12.7487,17.4972,79.9312,89.2698,75.8055,96.9400,95.2322,14.7502,107.8065,110.3281,106.7430,23.1717,107.6059,148.3380,79.0951,74.1112,92.1859,51.5256,87.1436,97.1050,86.7197,89.6354,101.7172,11.4897,17.2206,15.5394,22.1835,119.4131,101.3469,98.7116,89.2062,16.4943,12.5212,8.4603,13.5998,79.1864,76.1823,-31.4630,12.8981,64.5220,85.3951,15.7385,14.0054,89.9839,96.4613,77.1645,27.5435,23.5137,152.0493,173.6449,149.1488,124.6147,109.6512,116.8023,94.3087,122.7770,107.4362,122.9994,95.9412,118.3266,132.0956,133.7460,110.5435,67.2956,86.3317,94.6087,150.1525,107.1544,93.0784,90.3255,107.2705,81.9978,88.6679,109.3012,118.3072,100.5198,105.2480,46.3935,83.8603,46.6068,29.9552,89.7640,76.5081,86.4770,79.1527,65.0346,95.1853,22.8303,22.3315,18.9160,74.2453,53.4043,68.8780,94.7897,79.3332,71.3664,97.6047,72.0438,8.7888,54.6515,12.2735,13.6442,10.6008,97.8167,66.1586,63.5311,77.9979,62.7096,55.2620,47.9555,19.5307,15.3625,58.4904,80.6261,5.0576,7.8990,111.0824,21.0480,18.4425,58.8978,19.4622,31.1009,9.3256,62.4925,103.6639,99.2942,106.6021,96.4596,54.3198,124.9240,108.6114,106.7797,120.6109,152.3841,118.7194,113.8064,20.6982,60.9393,52.8815,18.5412,34.6026,46.0356,64.1194,60.1167,88.2712,69.5803,73.1591,65.3340,124.0899,107.5878,90.6445,88.8978,110.1024,98.0644,99.5978,89.8828,89.9641,90.0440,90.1242,90.2054,90.2514,90.3319,90.4136,90.4966,90.5797,90.6640,90.7496,90.8367,90.9252,91.0154,91.1072,91.2006,91.2958,91.3927,91.4915,91.5922,91.6949,91.7995,91.9062,92.0150,92.1260,92.2391,92.3544,92.4720,92.5918,92.7139,92.8383,92.9650,93.0940,93.2253,93.3589,93.4946,93.6326,93.7727,93.9148,94.0589,94.2048,94.3525,94.5018,94.6527,94.8048,94.9581,95.1124,95.1523,95.3114
45109.6250000,9.0227,24.0254,23.7658,19.2559,136.7543,31.4626,102.6907,14.6382,86.5373,92.7241,91.4782,80.0355,52.9218,74.1301,19.1595,68.3290,75.4212,71.8019,56.5899,44.6477,92.6618,13.5072,10.4393,72.9841,15.8878,106.1539,11.6949,2.4789,31.6998,9.2430,14.8425,7.1086,14.5886,26.6894,29.4001,67.3508,25.6805,85.1963,12.2585,96.8062,98.9313,28.3095,47.7827,96.2851,133.9119,70.6303,65.9473,82.3054,45.3377,33.6432,86.8658,77.4466,80.1866,91.1470,9.6746,8.8782,13.0463,16.9827,107.3731,90.7984,88.4703,79.6556,13.5666,10.2394,7.4303,13.4745,17.4261,67.7976,-30.0760,10.2430,16.8223,15.5687,13.2330,11.2524,22.3880,21.7641,68.7184,23.4324,19.6705,136.3981,156.8762,134.5700,111.9927,98.2601,104.5021,84.2669,110.3593,96.2254,110.3984,85.8715,106.1261,118.7980,120.4348,99.1509,13.5904,19.7768,24.4069,135.0567,96.0401,83.2091,80.8157,96.2415,73.1809,32.7523,98.2253,106.6872,90.3815,94.5708,40.9101,75.2164,41.1766,25.7907,80.2441,20.5681,77.2742,19.2411,16.9312,85.2367,19.6359,19.3013,4.3155,66.1762,11.2821,19.1580,84.5120,70.7764,63.6417,87.5966,64.1139,8.3154,22.0864,19.5255,7.1839,13.6680,87.4422,58.6648,56.2989,69.5876,16.5674,12.7662,20.8170,16.8922,13.1055,51.7850,71.9494,4.2614,6.7741,99.6118,17.9512,15.5218,12.5646,16.1943,26.8169,18.6518,55.2746,27.3399,89.0348,95.5425,86.3264,47.9841,112.4471,38.6316,95.7553,108.4807,137.3556,106.4330,102.2081,17.8282,54.0491,46.7123,15.3358,30.0078,40.3477,57.0127,53.3879,79.0160,61.8653,65.1541,57.9781,111.7567,96.6262,81.0578,22.6324,98.6938,24.5844,89.2755,80.4322,80.5135,80.5934,80.6736,80.7548,80.8011,80.8816,80.9634,81.0464,81.1296,81.2138,81.2995,81.3866,81.4751,81.5653,81.6570,81.7504,81.8455,81.9424,82.0411,82.1417,82.2443,82.3488,82.4553,82.5639,82.6747,82.7875,82.9026,83.0199,83.1394,83.2612,83.3853,83.5117,83.6403,83.7711,83.9043,84.0396,84.1770,84.3166,84.4582,84.6017,84.7471,84.8942,85.0430,85.1932,85.3447,85.4973,85.6510,85.6909,85.8493
45109.6666667,2.7134,7.9056,18.0568,14.6264,112.5230,23.8364,23.0467,8.2341,70.5724,21.9772,17.0057,18.6784,11.7968,17.3285,14.5179,16.1272,18.9519,17.7952,13.2186,9.6189,13.0787,6.1964,7.7749,12.7695,7.8793,87.4631,8.2446,2.4465,12.8630,4.3070,31.7644,5.7679,7.5307,19.7918,26.2576,16.7915,70.6821,69.4808,17.5185,24.6931,18.6276,22.1580,17.5845,21.8591,110.9990,57.4797,15.8164,66.8487,9.5492,16.1168,18.8156,62.9788,65.4277,21.7320,16.6903,9.0757,10.2423,14.1002,88.3723,22.5260,22.6030,19.0052,17.4474,14.3181,55.1208,16.6428,57.0704,54.7855,-6.9882,2.2893,9.0471,61.4062,9.9088,2.5109,16.7861,70.2893,16.1791,17.0805,36.5011,111.5182,130.1343,111.4106,26.9139,22.8292,85.0959,19.3983,90.7435,78.5911,90.4897,21.2187,20.3979,97.7448,99.3538,81.2152,10.3869,14.9697,18.7675,31.1424,22.6322,19.6081,20.5010,78.8977,17.9292,64.5137,80.7990,88.3602,74.4828,77.7953,32.6345,61.7623,32.9850,6.0720,13.7178,15.4680,18.3343,22.2684,9.6427,21.2038,15.2819,15.1959,3.1813,53.6748,8.6171,49.5827,13.4048,57.4786,51.7004,71.9175,51.8434,9.7449,6.2705,32.8539,12.6304,15.7333,71.1797,47.1133,45.1747,56.5322,44.6234,38.8620,6.8091,51.9195,10.0409,41.5244,17.6714,2.2490,12.0379,81.5611,13.0971,11.5664,9.5365,4.9891,6.3091,10.5305,44.1939,75.8329,72.9691,15.4928,19.9682,38.3422,92.7516,79.7697,78.4428,89.3542,113.4904,19.8633,83.9556,18.4827,43.5000,37.3426,2.7551,23.2141,9.3963,46.1022,43.0935,64.5879,49.9617,52.7741,13.8894,92.2852,79.4023,66.0884,64.5341,80.7463,19.6845,73.0981,65.6801,65.7605,65.8396,65.9190,65.9994,66.0453,66.1251,66.2061,66.2883,66.3707,66.4542,66.5391,66.6254,66.7132,66.8025,66.8934,66.9860,67.0803,67.1764,67.2743,67.3740,67.4757,67.5793,67.6849,67.7926,67.9024,68.0143,68.1284,68.2447,68.3632,68.4839,68.6069,68.7321,68.8596,68.9893,69.1212,69.2553,69.3915,69.5297,69.6700,69.8122,69.9562,70.1019,70.2492,70.3979,70.5479,70.6991,70.8512,70.8912,71.0480
45109.7083333,2.7671,7.1821,9.4119,10.6543,17.0937,16.7353,15.8492,6.8618,28.4776,15.4690,12.3826,12.9310,8.1575,12.0755,18.0418,11.2533,13.7066,12.7732,9.3307,4.5511,11.2084,5.2369,5.4995,7.4491,6.9790,62.3565,10.1931,2.4936,10.0287,4.6302,7.7262,6.2053,7.7991,10.1366,13.8048,7.6706,22.7953,48.5734,14.2629,18.1918,14.2214,16.3532,11.5727,14.9170,79.8512,40.3368,11.1436,46.2628,5.4105,10.6512,13.5896,43.8752,45.9418,15.7621,5.6780,9.8371,10.6253,10.0575,35.0410,16.1241,16.4280,13.2838,9.2716,12.7660,20.1913,8.6260,39.3993,21.5856,-4.8420,1.5608,8.2610,14.1924,6.5810,1.7381,11.3649,16.9119,11.4184,13.6866,13.1668,77.1283,93.4177,79.8706,19.4663,16.1103,58.7056,13.5279,64.2363,54.8735,63.4861,15.1867,15.0157,69.1395,70.7682,20.7126,7.6517,10.7209,13.3991,21.8097,16.1843,13.9156,14.8722,55.6742,12.8797,25.4359,16.2215,63.8924,53.4752,55.4691,22.5595,44.2893,23.0635,4.3808,11.5455,11.2275,13.3568,18.5970,6.3586,15.4283,11.2908,10.9608,2.2812,37.4510,6.3259,34.5042,22.4176,40.0899,36.3248,51.1693,35.9281,4.0288,5.3786,22.0226,10.5731,9.3492,49.4350,32.1977,30.8885,39.5074,30.5930,11.2684,6.3581,10.6396,7.4157,28.5225,12.8123,2.2882,3.7872,19.0501,11.1568,6.1088,6.9297,3.7349,4.5263,4.3476,29.9477,20.1934,14.8999,11.3121,11.1153,26.2446,66.2053,21.5564,32.4948,63.6138,80.8783,13.7250,59.4450,20.1610,30.1136,25.6621,3.3787,15.2292,6.4634,19.7814,30.1177,45.6359,34.5989,36.7362,9.9647,66.1015,56.4197,46.3010,44.8832,56.6192,13.6674,51.5934,46.2360,46.3181,46.3988,46.4798,46.5619,46.6090,46.6905,46.7731,46.8571,46.9412,47.0265,47.1131,47.2013,47.2909,47.3822,47.4750,47.5696,47.6659,47.7640,47.8639,47.9658,48.0696,48.1755,48.2833,48.3933,48.5055,48.6198,48.7363,48.8551,48.9761,49.0995,49.2251,49.3530,49.4832,49.6157,49.7505,49.8875,50.0267,50.1679,50.3113,50.4565,50.6037,50.7526,50.9031,51.0551,51.2084,51.3629,51.5184,51.5598,51.7201
45109.7500000,2.5830,6.4539,8.4351,7.5472,13.5728,11.3721,10.4258,5.7169,9.9873,10.4981,9.3364,8.5749,4.9340,8.1252,7.4547,7.6039,9.6092,8.8540,6.1834,4.2717,10.4790,4.3686,3.7587,6.2075,6.5107,16.4716,6.2430,2.3260,8.1288,3.5866,6.9290,3.2966,6.1055,8.7745,11.1853,6.8423,9.0624,26.0455,4.0631,13.0005,11.0606,11.7495,7.3449,9.5474,44.8591,10.5904,7.6175,10.5851,4.3190,6.7744,9.6240,10.1048,24.9979,10.9069,3.8941,6.9631,5.4069,9.5049,14.7218,11.1277,11.5462,8.9323,7.2099,3.1253,8.1032,4.2080,20.7498,14.4573,-2.8955,1.2327,6.1035,6.1358,5.2561,1.3628,7.4531,8.6137,6.9958,11.0671,6.8633,16.6423,23.4460,20.6575,13.4828,11.0087,11.0811,8.9551,16.3268,12.6917,13.9514,10.4942,13.0426,19.5290,15.2743,11.9899,5.5329,8.9896,9.3202,14.5273,11.3181,9.5315,9.5933,30.3248,8.6762,17.8061,13.2212,36.6494,30.4311,30.9944,12.6099,25.4091,13.2173,3.2323,9.2378,8.0763,9.5492,12.6254,5.7236,10.6370,8.4555,9.1067,1.7675,8.7062,4.6795,9.0357,13.8879,10.4092,8.9735,28.5702,8.9349,3.0129,5.2998,4.3526,5.8043,8.0274,26.0336,16.7975,16.2018,21.4652,16.1759,5.9202,4.6599,8.7667,5.5193,15.2652,9.0516,2.1289,3.4854,10.7583,7.3142,6.5197,5.0964,1.8827,3.3264,2.4481,9.0056,10.6289,11.0786,10.9197,9.5386,7.1588,36.7802,17.5314,17.4789,17.1864,20.8791,10.8789,32.5450,10.5065,8.9343,13.9153,1.5995,4.3347,4.3771,11.2067,9.1617,25.2332,18.5717,19.8811,7.0059,18.7228,31.2436,11.6610,23.8796,13.7725,9.1443,14.0470,12.9098,13.1668,13.4327,13.7094,13.9985,14.2670,14.5800,14.9075,15.2502,15.6080,15.9826,26.1345,26.2168,26.3006,26.3858,26.4726,26.5609,26.6509,26.7425,26.8358,26.9309,27.0278,27.1266,27.2273,27.3299,27.4346,27.5413,27.6500,27.7608,27.8737,27.9888,28.1060,28.2253,28.3468,28.4704,28.5961,28.7238,28.8536,28.9854,29.1191,29.2546,29.3918,29.5307,29.6710,29.8128,29.9558,30.0999,30.2449,30.2839,30.4334
45109.7916667,1.7724,4.4152,5.5547,5.1783,8.9817,7.0217,6.3231,3.5520,6.4311,6.4394,5.8076,5.2225,3.3850,4.9237,4.5486,4.6654,6.0030,5.4955,4.0035,2.8755,6.8921,2.7003,2.5784,4.2268,4.4660,9.3311,4.2821,1.5954,5.4570,1.7542,4.1161,2.2610,2.9311,4.5382,4.4330,3.8072,5.9981,6.5591,2.3534,8.1669,7.0818,7.4923,4.3214,5.7766,12.6502,6.0567,4.7057,5.3402,2.8691,4.0100,6.0843,5.7403,6.9504,7.0026,2.6701,3.0931,3.2194,4.9733,9.1185,6.8027,7.1191,5.3985,2.3774,2.1429,3.4721,2.8848,9.0983,7.1093,-1.6136,0.8445,4.2145,4.1553,3.3546,0.9257,4.4518,5.9048,4.7957,5.6746,3.9593,6.2697,13.2803,11.6524,8.4269,6.7614,5.3061,5.5383,8.6109,6.4103,7.6866,6.4573,8.0723,9.0858,9.9716,7.2755,3.7444,4.8123,5.8413,8.8986,6.9696,5.9147,6.4834,13.7435,5.5604,6.0988,9.1014,17.6213,9.0636,8.5833,4.2033,7.9902,6.5741,2.0878,6.1580,5.0787,6.0004,6.8367,3.9251,6.7914,5.5922,5.9914,1.1719,5.4216,3.0605,5.1449,4.2303,6.0205,5.8564,7.9905,4.9457,1.9058,3.4430,3.0113,3.7600,4.7092,5.6319,3.8678,7.1419,9.8000,7.2097,3.3843,2.1515,5.5701,3.6313,6.9350,5.6375,1.4581,2.3871,7.1734,4.7246,3.5616,3.2787,1.1837,2.1303,1.6091,4.0548,6.7782,7.5265,7.2862,6.5475,3.9402,10.2429,7.3875,9.6957,9.4223,11.1702,7.2032,9.1758,6.1645,5.4755,6.4613,1.0310,2.4499,2.7090,5.6978,5.1636,11.7168,5.1100,5.5724,4.3918,10.4061,14.4513,6.3887,6.2988,7.1974,5.6047,7.5064,6.8703,6.9439,7.0187,7.0959,7.1560,7.2132,7.2947,7.3796,7.4683,7.5603,7.6565,7.7574,7.8634,7.9750,8.0925,8.2038,8.3324,8.4683,8.6120,8.7642,8.9257,9.0971,9.2793,9.4732,9.6797,9.9000,13.1379,13.2125,13.2885,13.3659,13.4449,13.5252,13.6071,13.6904,13.7751,13.8613,13.9489,14.0379,14.1282,14.2198,14.3127,14.4068,14.5020,14.5982,14.6954,14.7934,14.8922,14.9916,15.0184,15.1208
45109.8333333,0.7239,1.6602,2.2146,2.1148,3.6676,2.8371,2.5484,1.2670,2.4990,2.6236,2.3775,2.1125,1.3822,2.0105,1.8313,1.8830,2.4277,2.2393,1.6242,1.1431,2.6473,1.1025,1.0527,1.7256,1.8232,3.7522,1.7479,0.6512,2.1787,0.7160,1.3916,0.9228,1.1963,1.8523,1.8093,1.5538,2.4480,2.5142,0.8897,3.3009,2.8900,3.0405,1.7553,2.3482,4.9497,2.4566,1.9014,2.1085,1.1678,1.6140,2.4648,2.2896,2.6061,2.8208,1.0893,1.0887,1.3134,2.0290,3.6095,2.7753,2.9044,2.2025,0.9699,0.8743,1.3469,1.1766,1.9273,1.8623,-0.6419,0.3449,1.6969,1.6507,1.3681,0.3775,1.8155,2.4080,1.9557,2.3142,1.6146,2.5565,5.4142,4.7506,3.9417,2.7219,2.1629,2.2447,3.4880,2.6131,3.0378,2.6185,2.8630,3.6096,4.0290,2.9655,1.4813,1.9615,2.3606,3.6037,2.8098,2.3956,2.6282,3.0755,2.2584,2.3935,3.5061,4.4789,3.6936,3.4977,1.7129,3.2561,1.9202,0.8468,2.4537,2.0505,2.4242,2.0640,1.5626,2.7525,2.2414,2.3072,0.4768,2.2016,1.2414,2.3059,1.7298,2.2485,2.3666,3.2532,1.9827,0.7137,1.3123,1.1792,1.3278,1.5746,2.2937,1.5753,1.5791,2.2947,1.6400,1.3644,0.8762,2.0828,1.4637,1.6654,2.2905,0.5938,0.9721,2.9211,1.8755,1.4180,1.3316,0.4739,0.8621,0.5977,1.3654,2.6669,3.0659,2.9657,2.6289,1.5972,3.9657,2.9823,3.4251,3.7537,4.4612,3.2788,3.6306,2.0810,1.8612,1.6454,0.4188,0.9801,1.0915,2.1344,2.0805,2.8185,1.9456,2.1254,1.7711,4.1346,3.3966,2.5460,2.2629,2.8441,2.2521,2.9672,2.7112,2.7327,2.7540,2.7752,2.7968,2.8093,2.8307,2.8524,2.8744,2.8965,2.9189,2.9416,2.9647,2.9882,3.0121,3.0365,3.0612,3.0864,3.1121,3.1383,3.1649,3.1921,3.2198,3.2480,3.2767,3.3060,3.3359,3.3663,3.3973,3.4289,3.4611,3.4939,3.5273,3.5613,3.5959,3.6310,3.6668,3.7030,3.7399,3.7773,3.8151,3.8535,3.8923,3.9315,3.9712,4.0111,4.0514,4.0919,4.1029,4.1447
45109.8750000,0.0000,0.0000,0.0000,0.0000,0.0000,0.0000,0.0000,0.0000,0.0000,0.0000,0.0000,0.0000,0.0000,0.0000,0.0000,0.0000,0.0000,0.0000,0.0000,0.0000,0.0000,0.0000,0.0000,0.0000,0.0000,0.0000,0.0000,0.0000,0.0000,0.0000,0.0000,0.0000,0.0000,0.0000,0.0000,0.0000,0.0000,0.0000,0.0000,0.0000,0.0000,0.0000,0.0000,0.0000,0.0000,0.0000,0.0000,0.0000,0.0000,0.0000,0.0000,0.0000,0.0000,0.0000,0.0000,0.0000,0.0000,0.0000,0.0000,0.0000,0.0000,0.0000,0.0000,0.0000,0.0000,0.0000,0.0000,0.0000,0.0000,0.0000,0.0000,0.0000,0.0000,0.0000,0.0000,0.0000,0.0000,0.0000,0.0000,0.0000,0.0000,0.0000,0.0000,0.0000,0.0000,0.0000,0.0000,0.0000,0.0000,0.0000,0.0000,0.0000,0.0000,0.0000,0.0000,0.0000,0.0000,0.0000,0.0000,0.0000,0.0000,0.0000,0.0000,0.0000,0.0000,0.0000,0.0000,0.0000,0.0000,0.0000,0.0000,0.0000,0.0000,0.0000,0.0000,0.0000,0.0000,0.0000,0.0000,0.0000,0.0000,0.0000,0.0000,0.0000,0.0000,0.0000,0.0000,0.0000,0.0000,0.0000,0.0000,0.0000,0.0000,0.0000,0.0000,0.0000,0.0000,0.0000,0.0000,0.0000,0.0000,0.0000,0.0000,0.0000,0.0000,0.0000,0.0000,0.0000,0.0000,0.0000,0.0000,0.0000,0.0000,0.0000,0.0000,0.0000,0.0000,0.0000,0.0000,0.0000,0.0000,0.0000,0.0000,0.0000,0.0000,0.0000,0.0000,0.0000,0.0000,0.0000,0.0000,0.0000,0.0000,0.0000,0.0000,0.0000,0.0000,0.0000,0.0000,0.0000,0.0000,0.0000,0.0000,0.0000,0.0000,0.0000,0.0000,0.0000,0.0000,0.0000,0.0000,0.0000,0.0000,0.0000,0.0000,0.0000,0.0000,0.0000,0.0000,0.0000,0.0000,0.0000,0.0000,0.0000,0.0000,0.0000,0.0000,0.0000,0.0000,0.0000,0.0000,0.0000,0.0000,0.0000,0.0000,0.0000,0.0000,0.0000,0.0000,0.0000,0.0000,0.0000,0.0000,0.0000,0.0000,0.0000,0.0000,0.0000,0.0000,0.0000,0.0000,0.0000,0.0000,0.0000,0.0000,0.0000
45109.9166667,0.0000,0.0000,0.0000,0.0000,0.0000,0.0000,0.0000,0.0000,0.0000,0.0000,0.0000,0.0000,0.0000,0.0000,0.0000,0.0000,0.0000,0.0000,0.0000,0.0000,0.0000,0.0000,0.0000,0.0000,0.0000,0.0000,0.0000,0.0000,0.0000,0.0000,0.0000,0.0000,0.0000,0.0000,0.0000,0.0000,0.0000,0.0000,0.0000,0.0000,0.0000,0.0000,0.0000,0.0000,0.0000,0.0000,0.0000,0.0000,0.0000,0.0000,0.0000,0.0000,0.0000,0.0000,0.0000,0.0000,0.0000,0.0000,0.0000,0.0000,0.0000,0.0000,0.0000,0.0000,0.0000,0.0000,0.0000,0.0000,0.0000,0.0000,0.0000,0.0000,0.0000,0.0000,0.0000,0.0000,0.0000,0.0000,0.0000,0.0000,0.0000,0.0000,0.0000,0.0000,0.0000,0.0000,0.0000,0.0000,0.0000,0.0000,0.0000,0.0000,0.0000,0.0000,0.0000,0.0000,0.0000,0.0000,0.0000,0.0000,0.0000,0.0000,0.0000,0.0000,0.0000,0.0000,0.0000,0.0000,0.0000,0.0000,0.0000,0.0000,0.0000,0.0000,0.0000,0.0000,0.0000,0.0000,0.0000,0.0000,0.0000,0.0000,0.0000,0.0000,0.0000,0.0000,0.0000,0.0000,0.0000,0.0000,0.0000,0.0000,0.0000,0.0000,0.0000,0.0000,0.0000,0.0000,0.0000,0.0000,0.0000,0.0000,0.0000,0.0000,0.0000,0.0000,0.0000,0.0000,0.0000,0.0000,0.0000,0.0000,0.0000,0.0000,0.0000,0.0000,0.0000,0.0000,0.0000,0.0000,0.0000,0.0000,0.0000,0.0000,0.0000,0.0000,0.0000,0.0000,0.0000,0.0000,0.0000,0.0000,0.0000,0.0000,0.0000,0.0000,0.0000,0.0000,0.0000,0.0000,0.0000,0.0000,0.0000,0.0000,0.0000,0.0000,0.0000,0.0000,0.0000,0.0000,0.0000,0.0000,0.0000,0.0000,0.0000,0.0000,0.0000,0.0000,0.0000,0.0000,0.0000,0.0000,0.0000,0.0000,0.0000,0.0000,0.0000,0.0000,0.0000,0.0000,0.0000,0.0000,0.0000,0.0000,0.0000,0.0000,0.0000,0.0000,0.0000,0.0000,0.0000,0.0000,0.0000,0.0000,0.0000,0.0000,0.0000,0.0000,0.0000,0.0000,0.0000,0.0000,0.0000,0.0000,0.0000,0.0000
45109.9583333,0.0000,0.0000,0.0000,0.0000,0.0000,0.0000,0.0000,0.0000,0.0000,0.0000,0.0000,0.0000,0.0000,0.0000,0.0000,0.0000,0.0000,0.0000,0.0000,0.0000,0.0000,0.0000,0.0000,0.0000,0.0000,0.0000,0.0000,0.0000,0.0000,0.0000,0.0000,0.0000,0.0000,0.0000,0.0000,0.0000,0.0000,0.0000,0.0000,0.0000,0.0000,0.0000,0.0000,0.0000,0.0000,0.0000,0.0000,0.0000,0.0000,0.0000,0.0000,0.0000,0.0000,0.0000,0.0000,0.0000,0.0000,0.0000,0.0000,0.0000,0.0000,0.0000,0.0000,0.0000,0.0000,0.0000,0.0000,0.0000,0.0000,0.0000,0.0000,0.0000,0.0000,0.0000,0.0000,0.0000,0.0000,0.0000,0.0000,0.0000,0.0000,0.0000,0.0000,0.0000,0.0000,0.0000,0.0000,0.0000,0.0000,0.0000,0.0000,0.0000,0.0000,0.0000,0.0000,0.0000,0.0000,0.0000,0.0000,0.0000,0.0000,0.0000,0.0000,0.0000,0.0000,0.0000,0.0000,0.0000,0.0000,0.0000,0.0000,0.0000,0.0000,0.0000,0.0000,0.0000,0.0000,0.0000,0.0000,0.0000,0.0000,0.0000,0.0000,0.0000,0.0000,0.0000,0.0000,0.0000,0.0000,0.0000,0.0000,0.0000,0.0000,0.0000,0.0000,0.0000,0.0000,0.0000,0.0000,0.0000,0.0000,0.0000,0.0000,0.0000,0.0000,0.0000,0.0000,0.0000,0.0000,0.0000,0.0000,0.0000,0.0000,0.0000,0.0000,0.0000,0.0000,0.0000,0.0000,0.0000,0.0000,0.0000,0.0000,0.0000,0.0000,0.0000,0.0000,0.0000,0.0000,0.0000,0.0000,0.0000,0.0000,0.0000,0.0000,0.0000,0.0000,0.0000,0.0000,0.0000,0.0000,0.0000,0.0000,0.0000,0.0000,0.0000,0.0000,0.0000,0.0000,0.0000,0.0000,0.0000,0.0000,0.0000,0.0000,0.0000,0.0000,0.0000,0.0000,0.0000,0.0000,0.0000,0.0000,0.0000,0.0000,0.0000,0.0000,0.0000,0.0000,0.0000,0.0000,0.0000,0.0000,0.0000,0.0000,0.0000,0.0000,0.0000,0.0000,0.0000,0.0000,0.0000,0.0000,0.0000,0.0000,0.0000,0.0000,0.0000,0.0000,0.0000,0.0000,0.0000,0.0000,0.0000,0.0000,0.0000
45110.0000000,0.0000,0.0000,0.0000,0.0000,0.0000,0.0000,0.0000,0.0000,0.0000,0.0000,0.0000,0.0000,0.0000,0.0000,0.0000,0.0000,0.0000,0.0000,0.0000,0.0000,0.0000,0.0000,0.0000,0.0000,0.0000,0.0000,0.0000,0.0000,0.0000,0.0000,0.0000,0.0000,0.0000,0.0000,0.0000,0.0000,0.0000,0.0000,0.0000,0.0000,0.0000,0.0000,0.0000,0.0000,0.0000,0.0000,0.0000,0.0000,0.0000,0.0000,0.0000,0.0000,0.0000,0.0000,0.0000,0.0000,0.0000,0.0000,0.0000,0.0000,0.0000,0.0000,0.0000,0.0000,0.0000,0.0000,0.0000,0.0000,0.0000,0.0000,0.0000,0.0000,0.0000,0.0000,0.0000,0.0000,0.0000,0.0000,0.0000,0.0000,0.0000,0.0000,0.0000,0.0000,0.0000,0.0000,0.0000,0.0000,0.0000,0.0000,0.0000,0.0000,0.0000,0.0000,0.0000,0.0000,0.0000,0.0000,0.0000,0.0000,0.0000,0.0000,0.0000,0.0000,0.0000,0.0000,0.0000,0.0000,0.0000,0.0000,0.0000,0.0000,0.0000,0.0000,0.0000,0.0000,0.0000,0.0000,0.0000,0.0000,0.0000,0.0000,0.0000,0.0000,0.0000,0.0000,0.0000,0.0000,0.0000,0.0000,0.0000,0.0000,0.0000,0.0000,0.0000,0.0000,0.0000,0.0000,0.0000,0.0000,0.0000,0.0000,0.0000,0.0000,0.0000,0.0000,0.0000,0.0000,0.0000,0.0000,0.0000,0.0000,0.0000,0.0000,0.0000,0.0000,0.0000,0.0000,0.0000,0.0000,0.0000,0.0000,0.0000,0.0000,0.0000,0.0000,0.0000,0.0000,0.0000,0.0000,0.0000,0.0000,0.0000,0.0000,0.0000,0.0000,0.0000,0.0000,0.0000,0.0000,0.0000,0.0000,0.0000,0.0000,0.0000,0.0000,0.0000,0.0000,0.0000,0.0000,0.0000,0.0000,0.0000,0.0000,0.0000,0.0000,0.0000,0.0000,0.0000,0.0000,0.0000,0.0000,0.0000,0.0000,0.0000,0.0000,0.0000,0.0000,0.0000,0.0000,0.0000,0.0000,0.0000,0.0000,0.0000,0.0000,0.0000,0.0000,0.0000,0.0000,0.0000,0.0000,0.0000,0.0000,0.0000,0.0000,0.0000,0.0000,0.0000,0.0000,0.0000,0.0000,0.0000,0.0000,0.0000,0.0000
45110.0416667,0.0000,0.0000,0.0000,0.0000,0.0000,0.0000,0.0000,0.0000,0.0000,0.0000,0.0000,0.0000,0.0000,0.0000,0.0000,0.0000,0.0000,0.0000,0.0000,0.0000,0.0000,0.0000,0.0000,0.0000,0.0000,0.0000,0.0000,0.0000,0.0000,0.0000,0.0000,0.0000,0.0000,0.0000,0.0000,0.0000,0.0000,0.0000,0.0000,0.0000,0.0000,0.0000,0.0000,0.0000,0.0000,0.0000,0.0000,0.0000,0.0000,0.0000,0.0000,0.0000,0.0000,0.0000,0.0000,0.0000,0.0000,0.0000,0.0000,0.0000,0.0000,0.0000,0.0000,0.0000,0.0000,0.0000,0.0000,0.0000,0.0000,0.0000,0.0000,0.0000,0.0000,0.0000,0.0000,0.0000,0.0000,0.0000,0.0000,0.0000,0.0000,0.0000,0.0000,0.0000,0.0000,0.0000,0.0000,0.0000,0.0000,0.0000,0.0000,0.0000,0.0000,0.0000,0.0000,0.0000,0.0000,0.0000,0.0000,0.0000,0.0000,0.0000,0.0000,0.0000,0.0000,0.0000,0.0000,0.0000,0.0000,0.0000,0.0000,0.0000,0.0000,0.0000,0.0000,0.0000,0.0000,0.0000,0.0000,0.0000,0.0000,0.0000,0.0000,0.0000,0.0000,0.0000,0.0000,0.0000,0.0000,0.0000,0.0000,0.0000,0.0000,0.0000,0.0000,0.0000,0.0000,0.0000,0.0000,0.0000,0.0000,0.0000,0.0000,0.0000,0.0000,0.0000,0.0000,0.0000,0.0000,0.0000,0.0000,0.0000,0.0000,0.0000,0.0000,0.0000,0.0000,0.0000,0.0000,0.0000,0.0000,0.0000,0.0000,0.0000,0.0000,0.0000,0.0000,0.0000,0.0000,0.0000,0.0000,0.0000,0.0000,0.0000,0.0000,0.0000,0.0000,0.0000,0.0000,0.0000,0.0000,0.0000,0.0000,0.0000,0.0000,0.0000,0.0000,0.0000,0.0000,0.0000,0.0000,0.0000,0.0000,0.0000,0.0000,0.0000,0.0000,0.0000,0.0000,0.0000,0.0000,0.0000,0.0000,0.0000,0.0000,0.0000,0.0000,0.0000,0.0000,0.0000,0.0000,0.0000,0.0000,0.0000,0.0000,0.0000,0.0000,0.0000,0.0000,0.0000,0.0000,0.0000,0.0000,0.0000,0.0000,0.0000,0.0000,0.0000,0.0000,0.0000,0.0000,0.0000,0.0000,0.0000,0.0000,0.0000
45110.0833333,0.0000,0.0000,0.0000,0.0000,0.0000,0.0000,0.0000,0.0000,0.0000,0.0000,0.0000,0.0000,0.0000,0.0000,0.0000,0.0000,0.0000,0.0000,0.0000,0.0000,0.0000,0.0000,0.0000,0.0000,0.0000,0.0000,0.0000,0.0000,0.0000,0.0000,0.0000,0.0000,0.0000,0.0000,0.0000,0.0000,0.0000,0.0000,0.0000,0.0000,0.0000,0.0000,0.0000,0.0000,0.0000,0.0000,0.0000,0.0000,0.0000,0.0000,0.0000,0.0000,0.0000,0.0000,0.0000,0.0000,0.0000,0.0000,0.0000,0.0000,0.0000,0.0000,0.0000,0.0000,0.0000,0.0000,0.0000,0.0000,0.0000,0.0000,0.0000,0.0000,0.0000,0.0000,0.0000,0.0000,0.0000,0.0000,0.0000,0.0000,0.0000,0.0000,0.0000,0.0000,0.0000,0.0000,0.0000,0.0000,0.0000,0.0000,0.0000,0.0000,0.0000,0.0000,0.0000,0.0000,0.0000,0.0000,0.0000,0.0000,0.0000,0.0000,0.0000,0.0000,0.0000,0.0000,0.0000,0.0000,0.0000,0.0000,0.0000,0.0000,0.0000,0.0000,0.0000,0.0000,0.0000,0.0000,0.0000,0.0000,0.0000,0.0000,0.0000,0.0000,0.0000,0.0000,0.0000,0.0000,0.0000,0.0000,0.0000,0.0000,0.0000,0.0000,0.0000,0.0000,0.0000,0.0000,0.0000,0.0000,0.0000,0.0000,0.0000,0.0000,0.0000,0.0000,0.0000,0.0000,0.0000,0.0000,0.0000,0.0000,0.0000,0.0000,0.0000,0.0000,0.0000,0.0000,0.0000,0.0000,0.0000,0.0000,0.0000,0.0000,0.0000,0.0000,0.0000,0.0000,0.0000,0.0000,0.0000,0.0000,0.0000,0.0000,0.0000,0.0000,0.0000,0.0000,0.0000,0.0000,0.0000,0.0000,0.0000,0.0000,0.0000,0.0000,0.0000,0.0000,0.0000,0.0000,0.0000,0.0000,0.0000,0.0000,0.0000,0.0000,0.0000,0.0000,0.0000,0.0000,0.0000,0.0000,0.0000,0.0000,0.0000,0.0000,0.0000,0.0000,0.0000,0.0000,0.0000,0.0000,0.0000,0.0000,0.0000,0.0000,0.0000,0.0000,0.0000,0.0000,0.0000,0.0000,0.0000,0.0000,0.0000,0.0000,0.0000,0.0000,0.0000,0.0000,0.0000,0.0000,0.0000,0.0000,0.0000,0.0000
45110.1250000,0.0000,0.0000,0.0000,0.0000,0.0000,0.0000,0.0000,0.0000,0.0000,0.0000,0.0000,0.0000,0.0000,0.0000,0.0000,0.0000,0.0000,0.0000,0.0000,0.0000,0.0000,0.0000,0.0000,0.0000,0.0000,0.0000,0.0000,0.0000,0.0000,0.0000,0.0000,0.0000,0.0000,0.0000,0.0000,0.0000,0.0000,0.0000,0.0000,0.0000,0.0000,0.0000,0.0000,0.0000,0.0000,0.0000,0.0000,0.0000,0.0000,0.0000,0.0000,0.0000,0.0000,0.0000,0.0000,0.0000,0.0000,0.0000,0.0000,0.0000,0.0000,0.0000,0.0000,0.0000,0.0000,0.0000,0.0000,0.0000,0.0000,0.0000,0.0000,0.0000,0.0000,0.0000,0.0000,0.0000,0.0000,0.0000,0.0000,0.0000,0.0000,0.0000,0.0000,0.0000,0.0000,0.0000,0.0000,0.0000,0.0000,0.0000,0.0000,0.0000,0.0000,0.0000,0.0000,0.0000,0.0000,0.0000,0.0000,0.0000,0.0000,0.0000,0.0000,0.0000,0.0000,0.0000,0.0000,0.0000,0.0000,0.0000,0.0000,0.0000,0.0000,0.0000,0.0000,0.0000,0.0000,0.0000,0.0000,0.0000,0.0000,0.0000,0.0000,0.0000,0.0000,0.0000,0.0000,0.0000,0.0000,0.0000,0.0000,0.0000,0.0000,0.0000,0.0000,0.0000,0.0000,0.0000,0.0000,0.0000,0.0000,0.0000,0.0000,0.0000,0.0000,0.0000,0.0000,0.0000,0.0000,0.0000,0.0000,0.0000,0.0000,0.0000,0.0000,0.0000,0.0000,0.0000,0.0000,0.0000,0.0000,0.0000,0.0000,0.0000,0.0000,0.0000,0.0000,0.0000,0.0000,0.0000,0.0000,0.0000,0.0000,0.0000,0.0000,0.0000,0.0000,0.0000,0.0000,0.0000,0.0000,0.0000,0.0000,0.0000,0.0000,0.0000,0.0000,0.0000,0.0000,0.0000,0.0000,0.0000,0.0000,0.0000,0.0000,0.0000,0.0000,0.0000,0.0000,0.0000,0.0000,0.0000,0.0000,0.0000,0.0000,0.0000,0.0000,0.0000,0.0000,0.0000,0.0000,0.0000,0.0000,0.0000,0.0000,0.0000,0.0000,0.0000,0.0000,0.0000,0.0000,0.0000,0.0000,0.0000,0.0000,0.0000,0.0000,0.0000,0.0000,0.0000,0.0000,0.0000,0.0000,0.0000,0.0000,0.0000
45110.1666667,0.0000,0.0000,0.0000,0.0000,0.0000,0.0000,0.0000,0.0000,0.0000,0.0000,0.0000,0.0000,0.0000,0.0000,0.0000,0.0000,0.0000,0.0000,0.0000,0.0000,0.0000,0.0000,0.0000,0.0000,0.0000,0.0000,0.0000,0.0000,0.0000,0.0000,0.0000,0.0000,0.0000,0.0000,0.0000,0.0000,0.0000,0.0000,0.0000,0.0000,0.0000,0.0000,0.0000,0.0000,0.0000,0.0000,0.0000,0.0000,0.0000,0.0000,0.0000,0.0000,0.0000,0.0000,0.0000,0.0000,0.0000,0.0000,0.0000,0.0000,0.0000,0.0000,0.0000,0.0000,0.0000,0.0000,0.0000,0.0000,0.0000,0.0000,0.0000,0.0000,0.0000,0.0000,0.0000,0.0000,0.0000,0.0000,0.0000,0.0000,0.0000,0.0000,0.0000,0.0000,0.0000,0.0000,0.0000,0.0000,0.0000,0.0000,0.0000,0.0000,0.0000,0.0000,0.0000,0.0000,0.0000,0.0000,0.0000,0.0000,0.0000,0.0000,0.0000,0.0000,0.0000,0.0000,0.0000,0.0000,0.0000,0.0000,0.0000,0.0000,0.0000,0.0000,0.0000,0.0000,0.0000,0.0000,0.0000,0.0000,0.0000,0.0000,0.0000,0.0000,0.0000,0.0000,0.0000,0.0000,0.0000,0.0000,0.0000,0.0000,0.0000,0.0000,0.0000,0.0000,0.0000,0.0000,0.0000,0.0000,0.0000,0.0000,0.0000,0.0000,0.0000,0.0000,0.0000,0.0000,0.0000,0.0000,0.0000,0.0000,0.0000,0.0000,0.0000,0.0000,0.0000,0.0000,0.0000,0.0000,0.0000,0.0000,0.0000,0.0000,0.0000,0.0000,0.0000,0.0000,0.0000,0.0000,0.0000,0.0000,0.0000,0.0000,0.0000,0.0000,0.0000,0.0000,0.0000,0.0000,0.0000,0.0000,0.0000,0.0000,0.0000,0.0000,0.0000,0.0000,0.0000,0.0000,0.0000,0.0000,0.0000,0.0000,0.0000,0.0000,0.0000,0.0000,0.0000,0.0000,0.0000,0.0000,0.0000,0.0000,0.0000,0.0000,0.0000,0.0000,0.0000,0.0000,0.0000,0.0000,0.0000,0.0000,0.0000,0.0000,0.0000,0.0000,0.0000,0.0000,0.0000,0.0000,0.0000,0.0000,0.0000,0.0000,0.0000,0.0000,0.0000,0.0000,0.0000,0.0000,0.0000,0.0000,0.0000,0.0000
45110.2083333,0.0000,0.0000,0.0000,0.0000,0.0000,0.0000,0.0000,0.0000,0.0000,0.0000,0.0000,0.0000,0.0000,0.0000,0.0000,0.0000,0.0000,0.0000,0.0000,0.0000,0.0000,0.0000,0.0000,0.0000,0.0000,0.0000,0.0000,0.0000,0.0000,0.0000,0.0000,0.0000,0.0000,0.0000,0.0000,0.0000,0.0000,0.0000,0.0000,0.0000,0.0000,0.0000,0.0000,0.0000,0.0000,0.0000,0.0000,0.0000,0.0000,0.0000,0.0000,0.0000,0.0000,0.0000,0.0000,0.0000,0.0000,0.0000,0.0000,0.0000,0.0000,0.0000,0.0000,0.0000,0.0000,0.0000,0.0000,0.0000,0.0000,0.0000,0.0000,0.0000,0.0000,0.0000,0.0000,0.0000,0.0000,0.0000,0.0000,0.0000,0.0000,0.0000,0.0000,0.0000,0.0000,0.0000,0.0000,0.0000,0.0000,0.0000,0.0000,0.0000,0.0000,0.0000,0.0000,0.0000,0.0000,0.0000,0.0000,0.0000,0.0000,0.0000,0.0000,0.0000,0.0000,0.0000,0.0000,0.0000,0.0000,0.0000,0.0000,0.0000,0.0000,0.0000,0.0000,0.0000,0.0000,0.0000,0.0000,0.0000,0.0000,0.0000,0.0000,0.0000,0.0000,0.0000,0.0000,0.0000,0.0000,0.0000,0.0000,0.0000,0.0000,0.0000,0.0000,0.0000,0.0000,0.0000,0.0000,0.0000,0.0000,0.0000,0.0000,0.0000,0.0000,0.0000,0.0000,0.0000,0.0000,0.0000,0.0000,0.0000,0.0000,0.0000,0.0000,0.0000,0.0000,0.0000,0.0000,0.0000,0.0000,0.0000,0.0000,0.0000,0.0000,0.0000,0.0000,0.0000,0.0000,0.0000,0.0000,0.0000,0.0000,0.0000,0.0000,0.0000,0.0000,0.0000,0.0000,0.0000,0.0000,0.0000,0.0000,0.0000,0.0000,0.0000,0.0000,0.0000,0.0000,0.0000,0.0000,0.0000,0.0000,0.0000,0.0000,0.0000,0.0000,0.0000,0.0000,0.0000,0.0000,0.0000,0.0000,0.0000,0.0000,0.0000,0.0000,0.0000,0.0000,0.0000,0.0000,0.0000,0.0000,0.0000,0.0000,0.0000,0.0000,0.0000,0.0000,0.0000,0.0000,0.0000,0.0000,0.0000,0.0000,0.0000,0.0000,0.0000,0.0000,0.0000,0.0000,0.0000,0.0000,0.0000,0.0000,0.0000
45110.2500000,0.2734,0.6259,0.8356,0.7969,1.3805,1.0692,0.9606,0.4791,0.9431,0.9796,0.8853,0.7982,0.5245,0.7596,0.6916,0.7119,0.9172,0.8463,0.6153,0.4343,0.9984,0.4165,0.3990,0.6518,0.6887,1.4137,0.6596,0.2469,0.8228,0.2718,0.5260,0.3483,0.4517,0.6995,0.6826,0.5870,0.9230,0.9481,0.3364,1.2439,1.0887,1.1457,0.6614,0.8845,1.8616,0.9207,0.7173,0.7937,0.4429,0.6075,0.9290,0.8637,0.9829,1.0615,0.4123,0.4105,0.4955,0.7643,1.3584,1.0453,1.0941,0.8301,0.3655,0.3293,0.5079,0.4432,0.7249,0.6987,-0.2367,0.1318,0.6376,0.6194,0.5133,0.1431,0.6806,0.9025,0.7332,0.8669,0.6048,0.9572,2.0266,1.7784,1.2826,1.0193,0.8097,0.8406,1.3057,0.9783,1.1371,0.9804,1.0717,1.3510,1.5078,1.1099,0.5548,0.7343,0.8836,1.3421,1.0499,0.8932,0.9837,1.1509,0.8473,0.8977,1.3143,1.6787,1.3878,1.3114,0.6446,1.2397,0.7236,0.3196,0.9169,0.7694,0.9079,0.7742,0.5866,1.0304,0.8402,0.8651,0.1807,0.8258,0.4663,0.7755,0.6456,0.8430,0.8877,1.2190,0.7436,0.2686,0.4927,0.4430,0.4983,0.5904,0.8592,0.5908,0.5923,0.8601,0.6152,0.5121,0.3290,0.7739,0.5448,0.6241,0.8572,0.2235,0.3652,1.0936,0.7026,0.5313,0.4994,0.1791,0.3245,0.2245,0.5120,0.9985,1.1459,1.0672,0.9846,0.5894,1.4844,1.1126,1.1234,1.4005,1.6697,1.0423,1.2524,0.7755,0.6979,0.6172,0.1582,0.3687,0.4097,0.8001,0.7798,1.0552,0.7288,0.7960,0.6634,1.5467,1.2708,0.9528,0.8468,1.0638,0.8425,1.1100,1.0144,1.0224,1.0303,1.0382,1.0462,1.0509,1.0588,1.0669,1.0751,1.0834,1.0917,1.1002,1.1088,1.1175,1.1264,1.1355,1.1448,1.1542,1.1637,1.1735,1.1834,1.1936,1.2039,1.2144,1.2252,1.2361,1.2473,1.2586,1.2702,1.2820,1.2941,1.3063,1.3188,1.3315,1.3444,1.3575,1.3709,1.3845,1.3982,1.4122,1.4263,1.4407,1.4552,1.4699,1.4847,1.4996,1.5146,1.5298,1.5339,1.5495
45110.2916667,1.3960,3.1961,4.2674,4.0702,7.0512,5.5415,4.9068,2.4475,4.8422,5.0167,4.5328,4.0870,2.7107,3.9004,3.5333,3.6369,4.9979,4.3334,3.1506,2.2186,5.1011,2.1280,2.0386,3.4616,3.6453,7.3332,3.3747,1.2618,4.2549,1.4028,2.6971,1.7936,2.9022,4.0319,3.4895,3.0009,4.7798,4.9334,1.9847,6.3923,5.5669,5.8714,3.3825,4.5237,9.5212,4.7091,3.6685,4.0593,2.2655,3.1073,4.8350,4.5090,5.2065,5.4665,2.1092,2.1590,2.5352,3.9515,6.9844,5.4121,5.7133,4.2639,1.8706,1.6857,3.5770,2.2705,3.7149,3.5822,-1.2014,0.6818,3.2943,3.2174,2.6833,0.7396,3.5908,4.6644,3.8067,4.5170,3.2678,4.9050,10.5228,9.1809,6.6554,6.6582,4.1518,4.3108,6.6938,5.0156,5.8287,5.0266,5.4929,6.9235,7.7278,5.6889,2.8442,3.7782,4.5288,6.8785,5.3927,4.6815,5.0791,5.8987,4.3426,4.7894,6.8113,11.7209,9.6780,9.5011,4.1922,8.2966,4.5704,1.6424,4.8032,3.9881,4.7121,4.2766,3.0345,5.3154,4.3323,4.4859,0.9274,4.4057,2.4095,4.0044,3.3109,4.5690,4.5773,6.3092,3.8390,1.3836,2.5554,2.3310,2.6934,4.8554,4.4804,3.2511,3.0466,5.3277,4.6433,2.6263,1.6876,4.0471,2.8414,3.2014,4.3971,1.1467,1.8775,5.6101,3.6384,2.7579,2.5913,0.9190,1.6672,1.2055,2.6535,5.1341,5.9192,5.4754,5.1108,3.0241,7.6159,5.7084,6.5189,7.2286,8.8008,5.3987,6.5774,4.0458,3.6808,3.4818,0.8137,2.4518,2.1083,4.1725,4.0272,5.8841,3.8069,4.1141,3.4436,7.9834,6.5699,4.9059,4.4180,5.5321,4.3489,5.7175,5.2264,5.2694,5.3119,5.3537,5.3970,5.4231,5.4665,5.5108,5.5560,5.6015,5.6480,5.6955,5.7442,5.7960,5.8474,5.9002,5.9544,6.0102,6.0677,6.1269,6.1880,6.2511,6.3163,6.5865,6.4378,6.5082,6.5811,6.6566,6.7350,6.8163,6.9009,6.9888,7.0804,6.9749,7.3075,7.4153,7.5283,7.6468,7.7712,7.9021,8.0398,8.1850,8.3382,8.5001,9.9313,10.0077,10.0847,10.1622,10.1830,10.2629
45110.3333333,2.4338,5.5725,7.6775,7.0970,12.2954,10.1067,8.5566,4.2680,9.7399,9.3631,8.4327,7.6696,5.6483,7.1434,6.1617,6.4226,19.0664,8.0348,8.3354,4.0280,10.1754,3.9766,3.5556,9.0641,7.5773,13.0282,6.3013,2.2012,8.3904,3.2106,5.9074,4.5783,14.7781,11.8348,6.6963,5.3271,9.1647,10.9786,4.1694,12.7679,9.7129,10.8971,5.9020,7.8936,17.1126,11.8493,6.8530,7.0835,3.9534,6.6879,12.2869,11.2994,20.4325,11.1908,4.0026,6.1872,5.7983,8.4424,13.5156,10.0244,22.7949,8.0195,3.2647,2.9420,9.1557,3.9638,16.7872,8.9697,-9.1432,1.2034,6.1090,6.1820,6.9231,1.3130,6.9399,9.8476,6.8919,8.4637,6.0941,10.0901,18.9703,23.3978,13.7756,24.1251,7.2628,8.4002,12.3275,8.7751,10.1951,8.7963,11.8847,13.4654,17.0080,15.3022,5.8415,7.0453,8.4253,13.0666,9.8847,12.4828,8.8900,13.3386,8.1161,19.6103,16.3762,30.3181,25.1457,25.4300,10.5143,21.1008,11.1063,3.6691,9.3502,7.1772,11.4020,17.0696,5.5090,9.3503,8.8496,8.7502,1.6287,16.5938,4.2702,8.0831,5.9195,8.6197,9.1427,11.4057,7.9025,2.5503,5.1364,5.6192,11.3249,14.4704,8.0292,6.2725,5.4919,17.4790,13.0885,4.7395,2.9504,7.0759,4.9015,5.9138,8.3407,2.0049,3.8621,10.2433,6.6404,5.6963,4.5208,1.6136,2.9621,2.3382,5.1135,9.4886,12.0353,9.7681,10.0940,5.5454,30.0312,11.0551,17.6716,12.6419,16.4901,11.6359,12.0690,16.8428,13.3728,11.4078,1.4713,6.4841,4.3272,14.6621,7.9411,20.6497,6.9050,8.3501,6.3342,15.7862,13.3827,9.0823,7.6988,9.8577,7.5884,10.6099,9.7109,9.8173,9.9244,10.0338,10.1463,10.2305,10.3470,10.4672,10.5911,10.7180,10.8489,10.9841,11.1240,11.2687,11.4185,11.5736,11.7344,10.9474,12.1297,12.3140,12.5055,12.7046,12.9116,13.1270,13.3512,13.5847,13.8278,14.0812,14.3452,14.6204,14.9074,15.2067,15.5190,15.8448,16.1849,16.5398,16.9105,23.9227,24.0448,24.1686,24.2942,24.4214,24.5501,24.6802,24.8116,24.9441,25.0777,25.2121,25.2474,25.3860
45110.3750000,3.1331,7.1734,10.1321,9.1357,24.4277,14.6566,11.0143,9.0776,16.5117,13.4913,12.1042,11.1473,7.2581,9.2489,8.5226,9.1000,26.5314,11.4510,18.8848,5.1179,18.0534,5.7061,4.5767,11.6266,8.4359,39.0478,8.1433,2.8332,13.8292,6.8739,8.2470,10.8683,20.9980,23.4847,25.5623,21.4804,14.8022,13.3568,5.2358,35.0729,13.2829,19.8904,7.5961,10.8048,50.3476,25.2867,9.8323,9.1166,6.0339,8.2002,29.6648,26.5918,28.3671,31.9648,5.9061,15.8224,6.5287,15.1255,38.8802,14.3077,31.5443,11.5661,4.2016,3.7863,12.0328,5.1011,23.5404,22.5888,-11.5650,1.5902,19.2697,7.8975,15.1835,1.7874,11.5539,29.2958,9.6814,33.6234,8.2433,13.9173,57.9179,49.8187,17.5325,33.4958,9.3555,10.6332,16.9543,11.3066,13.1347,29.8652,36.0283,21.5883,28.7961,34.5092,10.0574,9.8946,12.0136,18.9408,14.1280,28.3594,12.1715,34.0792,11.5777,27.3459,36.0496,41.5045,34.5909,35.0467,14.9512,29.1158,15.6954,8.0527,11.8791,10.0800,26.8712,23.9097,7.7185,12.4904,15.2902,14.2263,2.1324,23.1947,6.0387,21.4535,8.4373,13.8763,23.0596,32.3254,21.9111,3.6720,8.6922,13.2929,16.1704,20.4524,14.3521,7.1328,7.6034,24.3836,18.5122,6.4567,4.1653,10.4039,17.1429,8.2978,13.0031,2.9778,11.4776,17.4069,24.5277,7.0963,16.5443,2.1303,3.8129,6.6265,6.5319,13.4406,32.0455,12.4956,16.5756,7.1201,41.2364,33.9711,33.6305,17.1901,34.1654,21.6436,18.1734,23.5746,18.8282,16.1738,2.6348,9.5653,5.2816,20.5238,19.3865,28.6028,9.2996,22.6436,8.9697,25.1066,35.1696,16.5950,10.3059,13.6380,10.7269,15.0054,13.7439,13.9208,14.0996,14.2824,14.4700,14.6223,14.8173,15.0178,15.2242,15.4354,15.6526,15.8763,16.1069,16.3446,16.5897,16.8425,17.1032,17.3723,17.6500,17.9367,18.2326,18.5383,18.8539,19.1800,19.5169,19.8649,20.2246,20.5962,20.9803,31.6964,31.8344,31.9750,32.1180,32.2637,32.4118,32.5624,32.7154,32.8709,33.0287,33.1887,33.3508,33.5150,33.6811,33.8490,34.0185,34.1894,34.3616,34.5348,34.5803,34.7588
45110.4166667,2.9922,6.8515,18.7654,15.6701,100.1540,22.3307,21.3769,9.8991,62.9874,20.3574,18.7379,17.2735,11.2266,15.8841,8.6984,14.2129,55.0320,16.7658,40.5780,5.9600,19.3824,11.9453,6.9569,15.5380,14.9902,78.6421,15.3844,10.8458,52.8984,12.2948,45.6777,20.1964,49.4142,51.1816,57.0485,48.0475,63.0150,24.7017,7.7080,71.3800,72.2854,21.6909,7.2669,10.1872,99.9618,51.6437,14.7660,14.3854,9.0527,16.5388,63.1458,56.2386,58.6309,66.6744,8.6168,33.1750,9.2999,63.8784,79.2725,21.1952,64.9065,17.7332,6.1146,6.3775,26.8633,24.9414,50.8099,48.7815,-23.9013,2.2829,41.0966,8.2411,29.1141,2.4221,12.0427,62.6171,14.2732,74.8724,13.2866,40.8126,116.8119,100.0992,25.7230,71.5315,8.9697,11.9104,15.3531,11.0309,80.5486,62.6255,77.2762,87.2970,89.0548,72.4848,42.4551,14.5322,17.8702,29.3220,20.4101,60.3814,19.4091,70.5691,17.0792,57.6019,72.6138,79.9900,67.3406,70.0107,29.5498,55.9742,30.0131,17.5721,14.8815,14.0505,56.1758,50.9095,9.9673,19.7912,58.1392,54.6083,2.9747,47.9805,8.3859,44.3207,8.6719,51.2575,46.3812,64.5670,46.1481,5.9465,33.9409,29.0737,35.6569,45.2622,63.0492,10.5548,10.3040,50.4276,39.5906,34.3815,5.6429,46.2435,37.3218,11.8212,52.0726,2.7774,25.7478,72.5192,53.9116,10.5543,36.6195,2.4470,4.9487,13.3832,8.6028,19.5191,65.2320,15.7982,62.7141,11.1035,83.0799,71.0244,69.9023,19.5993,54.6677,34.1724,34.2996,49.9311,38.7969,33.3026,4.3867,20.5687,7.2718,41.2939,38.6537,57.8132,12.2987,47.0241,13.0950,82.8239,71.0768,18.4195,57.2680,18.2164,14.4363,21.5768,19.8220,20.1961,20.5781,20.9702,21.3735,21.7495,22.1733,22.6096,23.0587,23.5199,23.9946,24.4835,24.9871,25.5058,26.0402,26.5909,27.1583,60.1752,60.2799,60.3867,60.4954,60.6063,60.7193,60.8345,60.9519,61.0717,61.1938,61.3182,61.4451,61.5743,61.7060,61.8402,61.9769,62.1159,62.2574,62.4014,62.5477,62.6963,62.8471,63.0001,63.1552,63.3123,63.4712,63.6318,63.7940,63.9576,64.1224,64.2881,64.3312,64.5020
45110.4583333,3.9250,10.8823,23.7706,77.9689,101.3510,28.5557,27.0379,13.0284,64.7042,69.0888,67.5361,21.9266,39.2223,55.0733,55.9610,18.2692,57.1370,21.3930,16.0657,8.2885,69.1836,12.1238,9.3123,15.7990,19.2736,81.3122,58.1335,11.6078,54.7496,7.9366,46.7623,19.1577,28.8099,25.2677,58.0675,49.2345,64.6476,63.8361,10.3921,73.8065,74.0202,27.7402,10.1118,14.8635,103.1412,53.9733,18.8467,28.8371,11.9740,10.4486,23.6984,58.0494,60.7810,26.4888,9.8629,12.7977,22.5396,64.8079,81.6783,68.2891,67.1237,22.4903,9.2515,8.1832,9.3595,15.7727,52.3938,50.3856,-7.3980,3.2793,16.6721,15.8184,13.7628,8.6844,17.0732,64.2123,51.2852,75.5575,17.3321,24.6975,119.6524,102.9627,84.1828,27.1307,11.7437,15.6333,83.2767,43.5523,81.9983,64.5507,78.6626,89.2089,91.5037,74.3328,15.1656,18.4558,22.8523,36.9407,26.0218,23.5332,61.2194,72.7193,55.1072,59.5065,75.2982,83.7166,70.6515,72.8522,32.1828,59.3383,32.9547,7.7485,60.2879,18.5743,58.2473,52.7608,13.4262,64.4563,59.8140,56.6080,4.0979,50.2365,34.7874,46.5988,60.9614,53.3772,48.9887,67.3994,48.1705,22.8800,35.6881,17.0332,9.1781,13.7254,30.3916,43.3346,41.7727,52.6322,15.4385,36.1482,30.2528,48.3409,39.0311,38.9935,54.1419,5.6625,27.4316,74.2812,16.9560,13.9535,11.9161,4.1860,20.1160,6.6076,12.3192,69.0364,67.6533,71.3599,23.6409,36.1822,85.7785,72.9474,28.5070,47.0533,58.6554,78.3892,77.2042,51.7827,41.0228,35.5397,4.2913,22.5774,9.6142,43.7842,41.2258,60.3231,16.0969,49.1413,16.8053,85.7948,29.8297,23.5415,21.2256,73.4208,22.3246,67.5355,60.9402,61.0553,61.1686,61.2822,61.3974,61.4631,61.5774,61.6933,61.8110,61.9290,62.0485,62.1700,62.2936,62.4193,62.5472,62.6774,62.8100,62.9450,63.0826,63.2227,63.3656,63.5112,63.6596,63.8109,63.9651,64.1224,64.2827,64.4462,64.6128,64.7825,64.9555,65.1318,65.3112,65.4939,65.6798,65.8689,66.0611,66.2563,66.4545,66.6556,66.8595,67.0660,67.2749,67.4861,67.6994,67.9145,68.1313,68.3495,68.4072,68.6321
45110.5000000,2.7683,19.9937,100.5916,119.4135,150.0032,119.7438,113.2184,16.9213,95.6212,102.3409,101.0594,88.6591,59.3571,82.2543,84.6325,75.9666,83.5227,79.6360,63.2648,50.4002,102.2438,16.3345,11.2986,19.2492,80.7190,116.5894,88.6410,6.6388,80.8688,10.7906,71.7379,14.5075,35.3280,79.0552,88.2226,74.9813,95.8001,94.1260,29.5235,106.5335,108.9822,105.4730,16.8656,14.9878,146.4509,78.2684,73.3382,91.1078,51.1127,16.8363,95.9613,85.7453,88.6288,100.5079,12.1013,17.6939,15.8528,98.2082,117.9342,100.1346,97.5559,88.1716,7.2940,10.4955,13.1203,34.8603,78.3016,75.3467,-30.4845,13.1104,63.8873,84.3803,18.0183,14.2010,21.0943,95.3020,76.3174,114.4663,22.9651,31.0653,171.3053,147.1966,123.0138,108.2729,14.6289,23.1791,121.2078,36.2007,121.3970,94.7952,116.7948,130.3614,132.0083,109.1457,66.5778,85.2982,93.4548,148.1040,105.8094,91.9573,89.2701,105.9364,81.0843,87.6443,107.9838,116.8926,99.3722,104.0019,46.0938,82.9757,46.3151,29.8733,88.7050,75.6611,85.4726,78.2584,15.7790,94.0402,88.9854,83.3722,18.9960,73.4254,52.8832,68.1305,93.5505,78.3901,70.5662,96.3858,71.1887,36.0116,54.0538,46.8774,13.8219,17.4746,96.4778,65.3176,62.7260,76.9683,61.9007,54.5526,47.3297,71.0662,58.8469,57.7059,79.4765,31.3713,42.1753,109.4129,20.5206,17.7811,58.0231,19.2152,30.6569,9.0547,14.9748,102.0365,97.7562,104.9258,94.9638,53.4927,122.9948,106.9151,105.1068,118.7348,149.9961,116.8247,112.0204,76.6403,59.9761,52.0410,18.2336,34.0718,45.3005,63.1245,59.1839,86.8875,18.3827,71.9969,64.2869,122.1485,105.8926,89.1978,87.4648,108.3319,96.4714,98.0127,88.4518,88.5318,88.6103,88.6891,88.7690,88.8139,88.8931,88.9735,89.0552,89.1371,89.2201,89.3045,89.3904,89.4778,89.5667,89.6573,89.7495,89.8435,89.9393,90.0369,90.1365,90.2379,90.3414,90.4470,90.5546,90.6644,90.7764,90.8906,91.0070,91.1257,91.2467,91.3700,91.4956,91.6235,91.7536,91.8861,92.0207,92.1576,92.2965,92.4375,92.5805,92.7253,92.8719,93.0201,93.1699,93.3209,93.4731,93.6263,93.6656,93.8236
45110.5416667,7.2101,40.5174,39.9389,44.8332,61.2009,48.4712,45.1861,27.4586,39.9127,42.3153,40.7202,36.0226,24.0596,33.6913,33.4880,31.2670,36.1061,34.0689,26.3673,20.3210,42.5320,10.2208,22.2992,14.0120,32.3271,52.0537,14.8528,5.2307,34.1173,6.8386,11.9401,6.9007,11.0123,31.9908,34.3986,29.3575,39.7033,39.5501,8.7441,46.9605,45.6409,45.3774,15.3849,19.3606,66.4523,34.6480,30.5838,36.6730,20.6384,13.7267,39.8284,36.0490,38.4286,42.8586,9.0111,10.3979,11.2196,16.7033,51.7251,42.5443,42.4424,36.3117,9.7308,7.7312,10.7901,28.9803,32.1209,30.9370,-11.5691,5.7352,26.8877,32.5110,30.2369,6.2088,15.2606,39.3536,31.7081,19.5732,14.7851,21.2533,75.8134,65.6701,52.2624,44.5971,16.5725,37.9349,52.0496,43.4341,49.8951,40.2376,47.7221,55.2614,57.7866,46.0372,26.5870,34.2934,38.5846,60.2209,44.2972,38.2833,38.7046,45.6589,34.5521,37.0885,48.3616,55.6816,46.8272,47.1841,21.9018,40.0031,22.9939,12.9979,37.6449,31.9828,36.6038,32.7899,12.4120,40.6598,17.6663,35.4441,8.0670,32.0887,21.4989,29.9175,15.0886,33.7364,32.0899,43.8120,30.3777,14.0875,10.5292,19.4883,10.6842,12.9812,39.1271,26.6992,12.5655,33.5639,26.0447,22.5911,18.1216,30.7460,24.2478,24.9629,34.2405,12.1740,17.1235,45.8956,15.3509,12.3463,23.4098,8.1113,13.2876,5.6889,11.1904,42.5244,43.2276,44.2480,40.3139,23.2747,54.8694,45.4028,45.0251,52.5488,64.9286,47.3160,48.6882,32.3238,26.5380,23.2114,7.5277,14.8136,18.5621,28.7715,27.3807,38.9094,29.3695,31.2571,27.3166,55.4292,47.1696,38.2321,36.3497,45.1605,38.8708,42.8127,38.8263,38.9546,39.0809,39.2075,39.3358,39.4095,39.5369,39.6660,39.7972,39.9286,40.0618,40.1972,40.3348,40.4748,40.6172,40.7621,40.9097,41.0599,41.2129,41.3688,41.5277,41.6896,41.8546,42.0228,42.1942,42.3690,42.5472,42.7287,42.9138,43.1024,43.2945,43.4902,43.6894,43.8922,44.0986,44.3084,44.5218,44.7384,44.9584,45.1815,45.4077,45.6368,45.8686,46.1029,46.3395,46.5782,46.8187,47.0607,47.1255,47.3750
45110.5833333,11.2291,114.3390,102.5583,22.8056,152.7665,122.0154,115.3912,17.6084,97.4792,104.3138,103.0258,90.4169,60.6338,83.9032,86.3363,77.5102,85.1667,81.2223,64.5960,51.5309,104.2117,16.4666,60.1920,82.7316,82.3526,118.7433,12.9987,3.2069,82.4815,11.3053,17.5041,12.8367,17.6235,80.6568,89.9928,76.5291,97.6649,95.9561,14.8844,108.5356,111.0559,107.4733,23.2926,108.3350,149.0653,79.8167,74.8334,92.9106,52.2547,87.8753,97.8279,87.4388,90.3533,102.4333,11.5994,17.3309,15.6420,22.2918,120.1221,102.0560,99.4221,89.9148,16.5999,12.5940,8.4949,13.6841,79.8849,76.8812,-30.6980,13.6198,65.2251,86.0919,15.8350,14.7281,90.6964,97.1609,77.8631,27.6504,23.6190,152.7582,174.3392,149.8385,125.3065,110.3458,117.4961,94.9983,123.4639,108.1228,123.6866,96.6316,119.0130,132.7754,134.4244,111.2192,67.9803,87.0076,95.2853,150.8416,107.8340,93.7595,91.0077,107.9461,82.6981,89.3680,110.0018,119.0074,101.2228,105.9498,47.1139,84.5630,47.3306,30.6657,90.4559,77.2035,87.1690,79.8492,65.7253,95.8740,22.9515,22.4604,19.6326,74.9334,54.0866,69.5594,95.4642,80.0056,72.0431,98.2780,72.7153,8.9342,55.3266,12.4191,13.7697,10.6487,98.4750,66.8094,64.1807,78.6447,63.3548,55.8997,48.5834,19.6549,15.4892,59.1176,81.2420,5.1387,7.9861,111.6847,21.1505,18.5436,59.4771,20.0326,31.6529,9.4258,63.0235,104.1904,99.8068,107.1164,96.9795,54.8280,125.4226,109.1104,107.2617,121.0856,152.8627,119.1973,114.2682,20.7713,61.3673,53.2936,18.9525,35.0216,46.4344,64.5047,60.4881,88.6393,69.9463,73.5186,65.6894,124.4390,107.9361,90.9939,89.2463,110.4504,98.4135,99.9345,90.2165,90.2950,90.3722,90.4498,90.5285,90.5721,90.6503,90.7297,90.8104,90.8914,90.9736,91.0572,91.1423,91.2290,91.3173,91.4073,91.4990,91.5925,91.6878,91.7850,91.8841,91.9853,92.0884,92.1937,92.3010,92.4106,92.5223,92.6362,92.7525,92.8710,92.9918,93.1149,93.2403,93.3680,93.4980,93.6303,93.7648,93.9015,94.0403,94.1812,94.3240,94.4687,94.6152,94.7633,94.9128,95.0637,95.2157,95.3688,95.4077,95.5656
45110.6250000,9.0828,24.1531,23.9018,19.3321,137.4720,31.6096,103.3930,14.7614,87.2351,93.4287,92.1786,80.7330,53.6346,74.8271,19.2914,69.0209,76.1152,72.4935,57.2917,45.3464,93.3544,13.6090,10.5506,73.6690,15.9957,106.8437,11.7530,2.4964,31.9290,9.3661,14.9580,7.1410,14.6965,26.8892,29.5934,68.0182,25.8285,85.8674,12.3733,97.4841,99.6076,28.4483,48.1410,96.9615,134.5932,71.2982,66.6141,82.9762,46.0074,33.8790,87.5359,78.1122,80.8519,91.8119,9.7687,8.9188,13.1341,17.0635,108.0340,91.4569,89.1300,80.3117,13.6559,10.3002,7.4641,13.5653,17.5428,68.4432,-29.3837,10.9016,16.9759,15.6616,13.3155,11.9120,22.5316,21.8755,69.3640,23.5250,19.7607,137.0613,157.5300,135.2169,112.6382,98.9059,105.1472,84.9063,111.0001,96.8636,111.0391,86.5123,106.7654,119.4334,121.0694,99.7799,13.6995,19.8942,24.5384,135.7023,96.6723,83.8409,81.4487,96.8704,73.8292,32.9545,98.8777,107.3413,91.0359,95.2240,41.5745,75.8693,41.8452,26.4425,80.8860,20.7192,77.9161,19.3482,17.0840,85.8770,19.7420,19.4147,4.4749,66.8143,11.4031,19.3127,85.1389,71.4019,64.2721,88.2276,64.7399,8.4614,22.3334,19.8125,7.2363,13.7640,88.0636,59.2775,56.9123,70.2039,16.7150,12.8939,21.0773,17.0085,13.2230,52.3968,72.5560,4.3371,6.8575,100.2174,18.0510,15.6192,12.6751,16.7785,27.3946,18.9390,55.8451,27.4537,89.5999,96.1100,86.8960,48.5441,113.0081,38.7788,96.2982,109.0215,137.9033,106.9747,102.7390,17.9172,54.5498,47.2008,15.8222,30.4950,40.8133,57.4705,53.8306,79.4559,62.2989,65.5805,58.3977,112.1769,97.0421,81.4708,22.7021,99.1035,24.6512,89.6729,80.8246,80.9018,80.9777,81.0538,81.1311,81.1735,81.2502,81.3282,81.4074,81.4869,81.5676,81.6497,81.7333,81.8185,81.9052,81.9937,82.0839,82.1759,82.2697,82.3654,82.4631,82.5628,82.6645,82.7683,82.8743,82.9825,83.0928,83.2055,83.3204,83.4376,83.5572,83.6791,83.8033,83.9299,84.0587,84.1899,84.3233,84.4589,84.5967,84.7365,84.8784,85.0221,85.1676,85.3147,85.4633,85.6133,85.7645,85.9167,85.9554,86.1124
45110.6666667,3.7568,9.1934,14.9273,13.3139,53.7621,19.3498,17.9615,7.8192,34.5842,17.7865,15.0662,14.7660,9.5544,13.9044,12.2120,12.9954,16.0912,14.9592,10.9882,7.8685,14.8390,6.4544,6.8441,11.1886,9.8381,45.3246,9.6677,3.3966,12.9736,4.3141,16.6324,5.6044,7.2873,14.1605,16.2606,11.9499,34.4091,34.2461,9.6535,21.4531,17.7222,19.5537,12.9794,16.7711,58.1592,29.7652,12.9449,31.7388,7.9325,11.9172,16.1602,31.1031,33.1843,18.5450,10.1468,7.4109,8.6976,12.8074,45.0706,18.6617,19.1923,15.2212,9.9108,8.4340,24.6976,10.4245,27.6152,26.5502,-4.7863,2.2421,9.7787,28.0655,8.7875,2.4458,12.9397,34.1012,13.2842,14.9412,19.0945,49.0749,66.6077,57.5066,22.6861,18.5474,38.3141,15.5112,45.4095,37.7832,43.5795,17.5969,18.2247,48.3209,50.5018,40.0581,9.4107,12.8615,15.7344,24.7710,18.8004,16.1334,17.3877,39.6738,15.0655,32.0245,42.0139,48.4170,40.5410,40.9345,18.2932,34.4153,19.2277,5.5000,14.2867,13.3994,15.8287,15.8476,9.4654,18.0953,14.0507,14.2828,3.0518,27.4967,7.8758,25.5471,11.3781,28.9982,27.4474,37.9261,26.0039,6.2694,7.3160,16.2678,9.6244,11.6520,33.9471,22.7682,22.1084,28.8442,22.1537,19.0742,5.8214,26.3425,9.1850,21.1672,15.0823,3.1259,8.0701,39.9932,11.8670,9.5631,8.5374,3.6918,5.6315,6.0736,20.9302,37.0069,37.5305,16.4545,17.1872,19.6901,47.9308,39.5565,39.2001,45.8723,57.0123,17.7243,42.4558,14.5211,22.5996,19.6167,2.6550,12.1126,7.5713,24.5580,23.2977,33.6425,25.1612,26.8360,11.7543,48.3832,41.0357,33.1011,31.4615,39.3638,15.6116,37.1687,33.5904,33.7004,33.8086,33.9170,34.0269,34.0896,34.1985,34.3091,34.4214,34.5339,34.6479,34.7637,34.8815,35.0013,35.1232,35.2473,35.3737,35.5024,35.6334,35.7670,35.9031,36.0419,36.1833,36.3275,36.4745,36.6244,36.7773,36.9331,37.0919,37.2538,37.4187,37.5868,37.7579,37.9321,38.1095,38.2898,38.4732,38.6595,38.8486,39.0405,39.2351,39.4322,39.6317,39.8333,40.0370,40.2425,40.4495,40.6579,40.7131,40.9280
45110.7083333,2.7888,6.5871,8.7540,8.7525,14.8277,12.3347,11.2797,5.3799,14.2097,11.3388,9.8602,9.3171,6.0496,8.8172,9.7391,8.2500,10.4338,9.6594,7.0398,4.4756,10.4521,4.4984,4.4314,6.8587,7.0310,26.0560,7.5847,2.5209,8.8119,3.2377,5.9529,4.2054,5.3946,7.8822,8.6374,6.4121,12.6776,19.1264,6.0783,14.0486,11.8832,12.8426,7.9307,10.4695,33.7369,16.9365,8.2681,17.3713,4.7541,7.2933,10.4965,17.3424,18.7651,12.0494,4.5792,5.5689,6.4219,8.3635,19.0096,12.0135,12.4675,9.6604,5.0826,5.6505,8.8402,5.5330,15.1944,10.6686,-2.9500,1.4501,6.9844,8.2664,5.5971,1.5885,8.0619,11.1316,8.4956,10.0640,7.8971,26.0745,38.3228,33.1418,14.7003,11.8442,20.5058,9.8350,25.7073,20.9065,24.2098,11.3290,11.9845,27.2342,28.8494,13.6646,6.1985,8.3317,10.1413,15.7207,12.1057,10.3434,11.2852,22.4490,9.7305,13.1593,14.1620,28.5303,23.7442,23.6437,10.5673,20.2720,11.3027,3.5917,9.9448,8.7262,10.3161,10.5518,6.1252,11.7681,9.2861,9.4039,2.2556,15.5374,5.1866,14.4386,10.4600,16.3009,15.7531,21.8931,14.5279,3.0955,5.1622,8.8497,6.4696,6.8778,18.6622,12.4372,12.1368,16.2958,12.2461,6.7470,4.1263,8.6245,6.0619,11.8232,9.7962,2.3184,3.7872,13.1296,8.1856,5.6270,5.5893,2.3584,3.6650,2.8217,11.2820,12.6686,12.5435,11.0576,10.3693,11.0053,27.5627,13.8836,16.6099,26.2842,32.4677,11.4386,24.1285,10.9408,12.7758,11.0818,2.1069,6.6398,4.7843,11.0558,13.4215,19.2840,14.0894,15.1264,7.6044,28.0214,23.5488,18.6406,17.4712,21.9763,9.8782,21.1357,19.1067,19.1890,19.2700,19.3512,19.4335,19.4807,19.5622,19.6450,19.7290,19.8132,19.8984,19.9850,20.0731,20.1626,20.2537,20.3464,20.4408,20.5369,20.6347,20.7344,20.8359,20.9394,21.0448,21.1523,21.2619,21.3735,21.4874,21.6034,21.7216,21.8421,21.9648,22.0898,22.2171,22.3466,22.4785,22.6125,22.7488,22.8872,23.0277,23.1702,23.3147,23.4610,23.6091,23.7588,23.9099,24.0624,24.2160,24.3706,24.4115,24.5709
45110.7500000,2.6054,6.4832,8.4863,7.5976,13.6339,11.4128,10.4601,5.7440,10.0391,10.5445,9.3816,8.6208,4.9989,8.1752,7.4960,7.6563,9.6728,8.9160,6.2488,4.3315,10.5314,4.3980,3.8067,6.2642,6.5723,16.4952,6.2965,2.3568,8.1957,3.6143,6.9472,3.3256,6.1121,8.7987,11.1489,6.8747,9.1246,25.7803,4.0823,13.0611,11.1175,11.8105,7.3683,9.5818,44.3349,10.6391,7.6712,10.5833,4.3766,6.8036,9.6762,10.1374,24.7770,10.9648,3.9414,6.9364,5.4351,9.5135,14.7643,11.1761,11.6018,8.9764,7.1660,3.1503,8.0890,4.2447,20.5608,14.3826,-2.8077,1.2958,6.1709,6.1801,5.2909,1.4339,7.4864,8.6797,7.0617,11.0583,6.8759,16.4975,23.4321,20.6568,13.5283,11.0459,11.0509,8.9971,16.3129,12.6797,13.9438,10.5419,13.0450,19.4407,15.3338,12.0278,5.5838,9.0087,9.3652,14.5500,11.3576,9.5764,9.6648,29.9874,8.7368,17.6990,13.2942,36.3119,30.1848,30.7020,12.6648,25.2641,13.2876,3.3043,9.2991,8.1319,9.6045,12.5987,5.7822,10.6961,8.5106,9.1616,1.8325,8.7659,4.7336,9.0833,13.7748,10.4338,9.0489,28.3141,8.9705,3.0603,5.3517,4.4121,5.8451,8.0405,25.7227,16.6744,16.0988,21.2982,16.0837,5.9651,4.6873,8.8150,5.5737,15.2075,8.5696,2.1726,3.5397,10.8183,7.3557,6.5362,5.1455,1.9500,3.3928,2.4784,8.9887,10.6700,11.1551,10.9733,9.6054,7.2092,36.3584,17.4543,17.4058,17.1776,20.8329,10.9180,32.1677,10.5142,8.9699,13.8917,1.6576,4.4015,4.4270,11.2328,9.2192,25.0136,18.4412,19.7339,7.0593,18.7163,30.9121,11.6758,23.6238,13.7533,9.1760,14.0448,12.9159,13.1696,13.4319,13.7049,13.9899,14.2538,14.5623,14.8850,15.2225,15.5748,15.9436,25.8964,25.9789,26.0628,26.1481,26.2349,26.3232,26.4132,26.5048,26.5981,26.6932,26.7901,26.8888,26.9894,27.0920,27.1965,27.3031,27.4117,27.5223,27.6351,27.7499,27.8669,27.9860,28.1072,28.2305,28.3559,28.4834,28.6128,28.7442,28.8775,29.0126,29.1494,29.2878,29.4278,29.5690,29.7115,29.8551,29.9995,30.0372,30.1861
45110.7916667,1.6902,4.1474,5.2719,4.9281,8.5382,6.6711,6.0062,3.3214,6.0805,6.1222,5.5235,4.9727,3.2421,4.6987,4.3287,4.4465,5.7190,5.2441,3.8269,2.7474,6.5006,2.5766,2.4685,4.0331,4.2616,8.8591,4.0824,1.5280,5.1881,1.6824,3.8187,2.1560,2.7962,4.3302,4.2256,3.6340,5.7147,6.1853,2.2213,7.7638,6.7414,7.1275,4.1117,5.4955,11.9374,5.7669,4.4843,5.0596,2.7493,3.8128,5.7891,5.4526,6.5339,6.6529,2.5543,2.8804,3.0704,4.7358,8.6317,6.4779,6.7809,5.1451,2.2655,2.0416,3.2852,2.7503,7.9834,6.3774,-1.4792,0.8376,4.0193,3.9431,3.1978,0.9149,4.2418,5.6233,4.5750,5.3967,3.7663,5.9544,12.6082,11.0697,8.0079,6.4191,5.0454,5.2687,8.1780,6.0989,7.2695,6.1434,7.5089,8.5969,9.4619,6.9204,3.5578,4.5845,5.5535,8.4352,6.6167,5.6227,6.1701,12.0899,5.2982,5.7742,8.5813,15.7074,8.6303,8.1697,4.0345,7.6187,6.0259,2.0167,5.8411,4.8369,5.7081,6.2389,3.7349,6.4596,5.3118,5.6576,1.1460,5.1696,2.9269,4.9000,4.0263,5.6601,5.5815,7.6061,4.7059,1.8112,3.2596,2.8684,3.5166,4.3589,5.3594,3.6921,6.3066,8.6837,6.3860,3.2311,2.0606,5.2345,3.4598,6.1830,5.3693,1.4059,2.2906,6.8210,4.4811,3.3811,3.1315,1.1541,2.0530,1.5220,3.7622,6.4115,7.1605,6.8847,6.2172,3.7563,9.6528,7.0111,8.8512,8.9174,10.5633,6.7878,8.5709,5.7039,5.0880,5.8044,1.0066,2.3520,2.5910,5.3690,4.9253,10.3978,4.8217,5.2571,4.1854,9.8484,12.7734,6.0603,5.8795,6.8086,5.3203,7.1063,6.5069,6.5737,6.6413,6.7107,6.7668,6.8169,6.8898,6.9656,7.0444,7.1259,7.2109,7.2997,7.3927,7.4902,7.5926,7.6903,7.8018,7.9193,8.0431,8.1739,8.3122,8.4586,8.6137,8.7783,8.9532,9.1391,11.7219,11.7928,11.8650,11.9386,12.0135,12.0899,12.1676,12.2467,12.3271,12.4089,12.4921,12.5765,12.6622,12.7492,12.8373,12.9266,13.0168,13.1081,13.2002,13.2932,13.3868,13.4810,13.5061,13.6032
45110.8333333,0.4311,0.9870,1.3178,1.2569,2.1773,1.6863,1.5150,0.7557,1.4875,1.5521,1.4044,1.2581,0.8267,1.1981,1.0909,1.1229,1.4466,1.3349,0.9705,0.6849,1.5748,0.6569,0.6293,1.0281,1.0863,2.2301,1.0405,0.3894,1.2980,0.4288,0.8297,0.5494,0.7126,1.1035,1.0768,0.9260,1.4562,1.4958,0.5308,1.9625,1.7176,1.8076,1.0436,1.3956,2.9372,1.4575,1.1324,1.2532,0.6989,0.9595,1.4659,1.3628,1.5509,1.6759,0.6506,0.6477,0.7820,1.2062,2.1438,1.6499,1.7271,1.3105,0.5770,0.5200,0.8021,0.7002,1.1465,1.1068,-0.3688,0.2134,1.0123,0.9820,0.8141,0.2329,1.0798,1.4315,1.1646,1.3738,0.9587,1.5155,3.2084,2.8169,2.1684,1.6164,1.2836,1.3341,2.0698,1.5517,1.8025,1.5562,1.6991,2.1410,2.3896,1.7605,0.8828,1.1663,1.4027,2.1305,1.6668,1.4206,1.5624,1.8260,1.3437,1.4232,2.0821,2.6589,2.1949,2.0776,1.0260,1.9376,1.1504,0.5108,1.4558,1.2206,1.4404,1.2282,0.9314,1.6342,1.3321,1.3720,0.2909,1.3106,0.7414,1.2944,1.0251,1.3375,1.4093,1.9325,1.1804,0.4286,0.7834,0.7053,0.7922,0.9372,1.3620,0.9383,0.9410,1.3650,0.9774,0.8142,0.5236,1.2336,0.8689,0.9927,1.3610,0.3572,0.5820,1.7331,1.1145,0.8430,0.7938,0.2883,0.5189,0.3577,0.8136,1.5828,1.8185,1.7218,1.5611,0.9445,2.3515,1.7660,1.8917,2.2219,2.6371,1.7806,2.0592,1.2336,1.1091,0.9821,0.2551,0.5886,0.6525,1.2716,1.2403,1.6746,1.1581,1.2646,1.0548,2.4515,2.0154,1.5123,1.3442,1.6870,1.3368,1.7613,1.6105,1.6233,1.6359,1.6485,1.6613,1.6687,1.6814,1.6943,1.7074,1.7205,1.7338,1.7473,1.7610,1.7750,1.7892,1.8036,1.8183,1.8333,1.8486,1.8641,1.8799,1.8961,1.9125,1.9292,1.9463,1.9637,1.9814,1.9995,2.0179,2.0367,2.0558,2.0753,2.0951,2.1152,2.1358,2.1566,2.1778,2.1994,2.2212,2.2434,2.2659,2.2887,2.3117,2.3350,2.3585,2.3822,2.4061,2.4301,2.4366,2.4614
45110.8750000,0.0000,0.0000,0.0000,0.0000,0.0000,0.0000,0.0000,0.0000,0.0000,0.0000,0.0000,0.0000,0.0000,0.0000,0.0000,0.0000,0.0000,0.0000,0.0000,0.0000,0.0000,0.0000,0.0000,0.0000,0.0000,0.0000,0.0000,0.0000,0.0000,0.0000,0.0000,0.0000,0.0000,0.0000,0.0000,0.0000,0.0000,0.0000,0.0000,0.0000,0.0000,0.0000,0.0000,0.0000,0.0000,0.0000,0.0000,0.0000,0.0000,0.0000,0.0000,0.0000,0.0000,0.0000,0.0000,0.0000,0.0000,0.0000,0.0000,0.0000,0.0000,0.0000,0.0000,0.0000,0.0000,0.0000,0.0000,0.0000,0.0000,0.0000,0.0000,0.0000,0.0000,0.0000,0.0000,0.0000,0.0000,0.0000,0.0000,0.0000,0.0000,0.0000,0.0000,0.0000,0.0000,0.0000,0.0000,0.0000,0.0000,0.0000,0.0000,0.0000,0.0000,0.0000,0.0000,0.0000,0.0000,0.0000,0.0000,0.0000,0.0000,0.0000,0.0000,0.0000,0.0000,0.0000,0.0000,0.0000,0.0000,0.0000,0.0000,0.0000,0.0000,0.0000,0.0000,0.0000,0.0000,0.0000,0.0000,0.0000,0.0000,0.0000,0.0000,0.0000,0.0000,0.0000,0.0000,0.0000,0.0000,0.0000,0.0000,0.0000,0.0000,0.0000,0.0000,0.0000,0.0000,0.0000,0.0000,0.0000,0.0000,0.0000,0.0000,0.0000,0.0000,0.0000,0.0000,0.0000,0.0000,0.0000,0.0000,0.0000,0.0000,0.0000,0.0000,0.0000,0.0000,0.0000,0.0000,0.0000,0.0000,0.0000,0.0000,0.0000,0.0000,0.0000,0.0000,0.0000,0.0000,0.0000,0.0000,0.0000,0.0000,0.0000,0.0000,0.0000,0.0000,0.0000,0.0000,0.0000,0.0000,0.0000,0.0000,0.0000,0.0000,0.0000,0.0000,0.0000,0.0000,0.0000,0.0000,0.0000,0.0000,0.0000,0.0000,0.0000,0.0000,0.0000,0.0000,0.0000,0.0000,0.0000,0.0000,0.0000,0.0000,0.0000,0.0000,0.0000,0.0000,0.0000,0.0000,0.0000,0.0000,0.0000,0.0000,0.0000,0.0000,0.0000,0.0000,0.0000,0.0000,0.0000,0.0000,0.0000,0.0000,0.0000,0.0000,0.0000,0.0000,0.0000,0.0000,0.0000,0.0000,0.0000,0.0000,0.0000
45110.9166667,0.0000,0.0000,0.0000,0.0000,0.0000,0.0000,0.0000,0.0000,0.0000,0.0000,0.0000,0.0000,0.0000,0.0000,0.0000,0.0000,0.0000,0.0000,0.0000,0.0000,0.0000,0.0000,0.0000,0.0000,0.0000,0.0000,0.0000,0.0000,0.0000,0.0000,0.0000,0.0000,0.0000,0.0000,0.0000,0.0000,0.0000,0.0000,0.0000,0.0000,0.0000,0.0000,0.0000,0.0000,0.0000,0.0000,0.0000,0.0000,0.0000,0.0000,0.0000,0.0000,0.0000,0.0000,0.0000,0.0000,0.0000,0.0000,0.0000,0.0000,0.0000,0.0000,0.0000,0.0000,0.0000,0.0000,0.0000,0.0000,0.0000,0.0000,0.0000,0.0000,0.0000,0.0000,0.0000,0.0000,0.0000,0.0000,0.0000,0.0000,0.0000,0.0000,0.0000,0.0000,0.0000,0.0000,0.0000,0.0000,0.0000,0.0000,0.0000,0.0000,0.0000,0.0000,0.0000,0.0000,0.0000,0.0000,0.0000,0.0000,0.0000,0.0000,0.0000,0.0000,0.0000,0.0000,0.0000,0.0000,0.0000,0.0000,0.0000,0.0000,0.0000,0.0000,0.0000,0.0000,0.0000,0.0000,0.0000,0.0000,0.0000,0.0000,0.0000,0.0000,0.0000,0.0000,0.0000,0.0000,0.0000,0.0000,0.0000,0.0000,0.0000,0.0000,0.0000,0.0000,0.0000,0.0000,0.0000,0.0000,0.0000,0.0000,0.0000,0.0000,0.0000,0.0000,0.0000,0.0000,0.0000,0.0000,0.0000,0.0000,0.0000,0.0000,0.0000,0.0000,0.0000,0.0000,0.0000,0.0000,0.0000,0.0000,0.0000,0.0000,0.0000,0.0000,0.0000,0.0000,0.0000,0.0000,0.0000,0.0000,0.0000,0.0000,0.0000,0.0000,0.0000,0.0000,0.0000,0.0000,0.0000,0.0000,0.0000,0.0000,0.0000,0.0000,0.0000,0.0000,0.0000,0.0000,0.0000,0.0000,0.0000,0.0000,0.0000,0.0000,0.0000,0.0000,0.0000,0.0000,0.0000,0.0000,0.0000,0.0000,0.0000,0.0000,0.0000,0.0000,0.0000,0.0000,0.0000,0.0000,0.0000,0.0000,0.0000,0.0000,0.0000,0.0000,0.0000,0.0000,0.0000,0.0000,0.0000,0.0000,0.0000,0.0000,0.0000,0.0000,0.0000,0.0000,0.0000,0.0000,0.0000,0.0000,0.0000,0.0000
45110.9583333,0.0000,0.0000,0.0000,0.0000,0.0000,0.0000,0.0000,0.0000,0.0000,0.0000,0.0000,0.0000,0.0000,0.0000,0.0000,0.0000,0.0000,0.0000,0.0000,0.0000,0.0000,0.0000,0.0000,0.0000,0.0000,0.0000,0.0000,0.0000,0.0000,0.0000,0.0000,0.0000,0.0000,0.0000,0.0000,0.0000,0.0000,0.0000,0.0000,0.0000,0.0000,0.0000,0.0000,0.0000,0.0000,0.0000,0.0000,0.0000,0.0000,0.0000,0.0000,0.0000,0.0000,0.0000,0.0000,0.0000,0.0000,0.0000,0.0000,0.0000,0.0000,0.0000,0.0000,0.0000,0.0000,0.0000,0.0000,0.0000,0.0000,0.0000,0.0000,0.0000,0.0000,0.0000,0.0000,0.0000,0.0000,0.0000,0.0000,0.0000,0.0000,0.0000,0.0000,0.0000,0.0000,0.0000,0.0000,0.0000,0.0000,0.0000,0.0000,0.0000,0.0000,0.0000,0.0000,0.0000,0.0000,0.0000,0.0000,0.0000,0.0000,0.0000,0.0000,0.0000,0.0000,0.0000,0.0000,0.0000,0.0000,0.0000,0.0000,0.0000,0.0000,0.0000,0.0000,0.0000,0.0000,0.0000,0.0000,0.0000,0.0000,0.0000,0.0000,0.0000,0.0000,0.0000,0.0000,0.0000,0.0000,0.0000,0.0000,0.0000,0.0000,0.0000,0.0000,0.0000,0.0000,0.0000,0.0000,0.0000,0.0000,0.0000,0.0000,0.0000,0.0000,0.0000,0.0000,0.0000,0.0000,0.0000,0.0000,0.0000,0.0000,0.0000,0.0000,0.0000,0.0000,0.0000,0.0000,0.0000,0.0000,0.0000,0.0000,0.0000,0.0000,0.0000,0.0000,0.0000,0.0000,0.0000,0.0000,0.0000,0.0000,0.0000,0.0000,0.0000,0.0000,0.0000,0.0000,0.0000,0.0000,0.0000,0.0000,0.0000,0.0000,0.0000,0.0000,0.0000,0.0000,0.0000,0.0000,0.0000,0.0000,0.0000,0.0000,0.0000,0.0000,0.0000,0.0000,0.0000,0.0000,0.0000,0.0000,0.0000,0.0000,0.0000,0.0000,0.0000,0.0000,0.0000,0.0000,0.0000,0.0000,0.0000,0.0000,0.0000,0.0000,0.0000,0.0000,0.0000,0.0000,0.0000,0.0000,0.0000,0.0000,0.0000,0.0000,0.0000,0.0000,0.0000,0.0000,0.0000,0.0000,0.0000,0.0000,0.0000
45111.0000000,0.0000,0.0000,0.0000,0.0000,0.0000,0.0000,0.0000,0.0000,0.0000,0.0000,0.0000,0.0000,0.0000,0.0000,0.0000,0.0000,0.0000,0.0000,0.0000,0.0000,0.0000,0.0000,0.0000,0.0000,0.0000,0.0000,0.0000,0.0000,0.0000,0.0000,0.0000,0.0000,0.0000,0.0000,0.0000,0.0000,0.0000,0.0000,0.0000,0.0000,0.0000,0.0000,0.0000,0.0000,0.0000,0.0000,0.0000,0.0000,0.0000,0.0000,0.0000,0.0000,0.0000,0.0000,0.0000,0.0000,0.0000,0.0000,0.0000,0.0000,0.0000,0.0000,0.0000,0.0000,0.0000,0.0000,0.0000,0.0000,0.0000,0.0000,0.0000,0.0000,0.0000,0.0000,0.0000,0.0000,0.0000,0.0000,0.0000,0.0000,0.0000,0.0000,0.0000,0.0000,0.0000,0.0000,0.0000,0.0000,0.0000,0.0000,0.0000,0.0000,0.0000,0.0000,0.0000,0.0000,0.0000,0.0000,0.0000,0.0000,0.0000,0.0000,0.0000,0.0000,0.0000,0.0000,0.0000,0.0000,0.0000,0.0000,0.0000,0.0000,0.0000,0.0000,0.0000,0.0000,0.0000,0.0000,0.0000,0.0000,0.0000,0.0000,0.0000,0.0000,0.0000,0.0000,0.0000,0.0000,0.0000,0.0000,0.0000,0.0000,0.0000,0.0000,0.0000,0.0000,0.0000,0.0000,0.0000,0.0000,0.0000,0.0000,0.0000,0.0000,0.0000,0.0000,0.0000,0.0000,0.0000,0.0000,0.0000,0.0000,0.0000,0.0000,0.0000,0.0000,0.0000,0.0000,0.0000,0.0000,0.0000,0.0000,0.0000,0.0000,0.0000,0.0000,0.0000,0.0000,0.0000,0.0000,0.0000,0.0000,0.0000,0.0000,0.0000,0.0000,0.0000,0.0000,0.0000,0.0000,0.0000,0.0000,0.0000,0.0000,0.0000,0.0000,0.0000,0.0000,0.0000,0.0000,0.0000,0.0000,0.0000,0.0000,0.0000,0.0000,0.0000,0.0000,0.0000,0.0000,0.0000,0.0000,0.0000,0.0000,0.0000,0.0000,0.0000,0.0000,0.0000,0.0000,0.0000,0.0000,0.0000,0.0000,0.0000,0.0000,0.0000,0.0000,0.0000,0.0000,0.0000,0.0000,0.0000,0.0000,0.0000,0.0000,0.0000,0.0000,0.0000,0.0000,0.0000,0.0000,0.0000,0.0000,0.0000,0.0000
45111.0416667,0.0000,0.0000,0.0000,0.0000,0.0000,0.0000,0.0000,0.0000,0.0000,0.0000,0.0000,0.0000,0.0000,0.0000,0.0000,0.0000,0.0000,0.0000,0.0000,0.0000,0.0000,0.0000,0.0000,0.0000,0.0000,0.0000,0.0000,0.0000,0.0000,0.0000,0.0000,0.0000,0.0000,0.0000,0.0000,0.0000,0.0000,0.0000,0.0000,0.0000,0.0000,0.0000,0.0000,0.0000,0.0000,0.0000,0.0000,0.0000,0.0000,0.0000,0.0000,0.0000,0.0000,0.0000,0.0000,0.0000,0.0000,0.0000,0.0000,0.0000,0.0000,0.0000,0.0000,0.0000,0.0000,0.0000,0.0000,0.0000,0.0000,0.0000,0.0000,0.0000,0.0000,0.0000,0.0000,0.0000,0.0000,0.0000,0.0000,0.0000,0.0000,0.0000,0.0000,0.0000,0.0000,0.0000,0.0000,0.0000,0.0000,0.0000,0.0000,0.0000,0.0000,0.0000,0.0000,0.0000,0.0000,0.0000,0.0000,0.0000,0.0000,0.0000,0.0000,0.0000,0.0000,0.0000,0.0000,0.0000,0.0000,0.0000,0.0000,0.0000,0.0000,0.0000,0.0000,0.0000,0.0000,0.0000,0.0000,0.0000,0.0000,0.0000,0.0000,0.0000,0.0000,0.0000,0.0000,0.0000,0.0000,0.0000,0.0000,0.0000,0.0000,0.0000,0.0000,0.0000,0.0000,0.0000,0.0000,0.0000,0.0000,0.0000,0.0000,0.0000,0.0000,0.0000,0.0000,0.0000,0.0000,0.0000,0.0000,0.0000,0.0000,0.0000,0.0000,0.0000,0.0000,0.0000,0.0000,0.0000,0.0000,0.0000,0.0000,0.0000,0.0000,0.0000,0.0000,0.0000,0.0000,0.0000,0.0000,0.0000,0.0000,0.0000,0.0000,0.0000,0.0000,0.0000,0.0000,0.0000,0.0000,0.0000,0.0000,0.0000,0.0000,0.0000,0.0000,0.0000,0.0000,0.0000,0.0000,0.0000,0.0000,0.0000,0.0000,0.0000,0.0000,0.0000,0.0000,0.0000,0.0000,0.0000,0.0000,0.0000,0.0000,0.0000,0.0000,0.0000,0.0000,0.0000,0.0000,0.0000,0.0000,0.0000,0.0000,0.0000,0.0000,0.0000,0.0000,0.0000,0.0000,0.0000,0.0000,0.0000,0.0000,0.0000,0.0000,0.0000,0.0000,0.0000,0.0000,0.0000,0.0000,0.0000,0.0000,0.0000
45111.0833333,0.0000,0.0000,0.0000,0.0000,0.0000,0.0000,0.0000,0.0000,0.0000,0.0000,0.0000,0.0000,0.0000,0.0000,0.0000,0.0000,0.0000,0.0000,0.0000,0.0000,0.0000,0.0000,0.0000,0.0000,0.0000,0.0000,0.0000,0.0000,0.0000,0.0000,0.0000,0.0000,0.0000,0.0000,0.0000,0.0000,0.0000,0.0000,0.0000,0.0000,0.0000,0.0000,0.0000,0.0000,0.0000,0.0000,0.0000,0.0000,0.0000,0.0000,0.0000,0.0000,0.0000,0.0000,0.0000,0.0000,0.0000,0.0000,0.0000,0.0000,0.0000,0.0000,0.0000,0.0000,0.0000,0.0000,0.0000,0.0000,0.0000,0.0000,0.0000,0.0000,0.0000,0.0000,0.0000,0.0000,0.0000,0.0000,0.0000,0.0000,0.0000,0.0000,0.0000,0.0000,0.0000,0.0000,0.0000,0.0000,0.0000,0.0000,0.0000,0.0000,0.0000,0.0000,0.0000,0.0000,0.0000,0.0000,0.0000,0.0000,0.0000,0.0000,0.0000,0.0000,0.0000,0.0000,0.0000,0.0000,0.0000,0.0000,0.0000,0.0000,0.0000,0.0000,0.0000,0.0000,0.0000,0.0000,0.0000,0.0000,0.0000,0.0000,0.0000,0.0000,0.0000,0.0000,0.0000,0.0000,0.0000,0.0000,0.0000,0.0000,0.0000,0.0000,0.0000,0.0000,0.0000,0.0000,0.0000,0.0000,0.0000,0.0000,0.0000,0.0000,0.0000,0.0000,0.0000,0.0000,0.0000,0.0000,0.0000,0.0000,0.0000,0.0000,0.0000,0.0000,0.0000,0.0000,0.0000,0.0000,0.0000,0.0000,0.0000,0.0000,0.0000,0.0000,0.0000,0.0000,0.0000,0.0000,0.0000,0.0000,0.0000,0.0000,0.0000,0.0000,0.0000,0.0000,0.0000,0.0000,0.0000,0.0000,0.0000,0.0000,0.0000,0.0000,0.0000,0.0000,0.0000,0.0000,0.0000,0.0000,0.0000,0.0000,0.0000,0.0000,0.0000,0.0000,0.0000,0.0000,0.0000,0.0000,0.0000,0.0000,0.0000,0.0000,0.0000,0.0000,0.0000,0.0000,0.0000,0.0000,0.0000,0.0000,0.0000,0.0000,0.0000,0.0000,0.0000,0.0000,0.0000,0.0000,0.0000,0.0000,0.0000,0.0000,0.0000,0.0000,0.0000,0.0000,0.0000,0.0000,0.0000,0.0000,0.0000,0.0000
45111.1250000,0.0000,0.0000,0.0000,0.0000,0.0000,0.0000,0.0000,0.0000,0.0000,0.0000,0.0000,0.0000,0.0000,0.0000,0.0000,0.0000,0.0000,0.0000,0.0000,0.0000,0.0000,0.0000,0.0000,0.0000,0.0000,0.0000,0.0000,0.0000,0.0000,0.0000,0.0000,0.0000,0.0000,0.0000,0.0000,0.0000,0.0000,0.0000,0.0000,0.0000,0.0000,0.0000,0.0000,0.0000,0.0000,0.0000,0.0000,0.0000,0.0000,0.0000,0.0000,0.0000,0.0000,0.0000,0.0000,0.0000,0.0000,0.0000,0.0000,0.0000,0.0000,0.0000,0.0000,0.0000,0.0000,0.0000,0.0000,0.0000,0.0000,0.0000,0.0000,0.0000,0.0000,0.0000,0.0000,0.0000,0.0000,0.0000,0.0000,0.0000,0.0000,0.0000,0.0000,0.0000,0.0000,0.0000,0.0000,0.0000,0.0000,0.0000,0.0000,0.0000,0.0000,0.0000,0.0000,0.0000,0.0000,0.0000,0.0000,0.0000,0.0000,0.0000,0.0000,0.0000,0.0000,0.0000,0.0000,0.0000,0.0000,0.0000,0.0000,0.0000,0.0000,0.0000,0.0000,0.0000,0.0000,0.0000,0.0000,0.0000,0.0000,0.0000,0.0000,0.0000,0.0000,0.0000,0.0000,0.0000,0.0000,0.0000,0.0000,0.0000,0.0000,0.0000,0.0000,0.0000,0.0000,0.0000,0.0000,0.0000,0.0000,0.0000,0.0000,0.0000,0.0000,0.0000,0.0000,0.0000,0.0000,0.0000,0.0000,0.0000,0.0000,0.0000,0.0000,0.0000,0.0000,0.0000,0.0000,0.0000,0.0000,0.0000,0.0000,0.0000,0.0000,0.0000,0.0000,0.0000,0.0000,0.0000,0.0000,0.0000,0.0000,0.0000,0.0000,0.0000,0.0000,0.0000,0.0000,0.0000,0.0000,0.0000,0.0000,0.0000,0.0000,0.0000,0.0000,0.0000,0.0000,0.0000,0.0000,0.0000,0.0000,0.0000,0.0000,0.0000,0.0000,0.0000,0.0000,0.0000,0.0000,0.0000,0.0000,0.0000,0.0000,0.0000,0.0000,0.0000,0.0000,0.0000,0.0000,0.0000,0.0000,0.0000,0.0000,0.0000,0.0000,0.0000,0.0000,0.0000,0.0000,0.0000,0.0000,0.0000,0.0000,0.0000,0.0000,0.0000,0.0000,0.0000,0.0000,0.0000,0.0000,0.0000,0.0000,0.0000
45111.1666667,0.0000,0.0000,0.0000,0.0000,0.0000,0.0000,0.0000,0.0000,0.0000,0.0000,0.0000,0.0000,0.0000,0.0000,0.0000,0.0000,0.0000,0.0000,0.0000,0.0000,0.0000,0.0000,0.0000,0.0000,0.0000,0.0000,0.0000,0.0000,0.0000,0.0000,0.0000,0.0000,0.0000,0.0000,0.0000,0.0000,0.0000,0.0000,0.0000,0.0000,0.0000,0.0000,0.0000,0.0000,0.0000,0.0000,0.0000,0.0000,0.0000,0.0000,0.0000,0.0000,0.0000,0.0000,0.0000,0.0000,0.0000,0.0000,0.0000,0.0000,0.0000,0.0000,0.0000,0.0000,0.0000,0.0000,0.0000,0.0000,0.0000,0.0000,0.0000,0.0000,0.0000,0.0000,0.0000,0.0000,0.0000,0.0000,0.0000,0.0000,0.0000,0.0000,0.0000,0.0000,0.0000,0.0000,0.0000,0.0000,0.0000,0.0000,0.0000,0.0000,0.0000,0.0000,0.0000,0.0000,0.0000,0.0000,0.0000,0.0000,0.0000,0.0000,0.0000,0.0000,0.0000,0.0000,0.0000,0.0000,0.0000,0.0000,0.0000,0.0000,0.0000,0.0000,0.0000,0.0000,0.0000,0.0000,0.0000,0.0000,0.0000,0.0000,0.0000,0.0000,0.0000,0.0000,0.0000,0.0000,0.0000,0.0000,0.0000,0.0000,0.0000,0.0000,0.0000,0.0000,0.0000,0.0000,0.0000,0.0000,0.0000,0.0000,0.0000,0.0000,0.0000,0.0000,0.0000,0.0000,0.0000,0.0000,0.0000,0.0000,0.0000,0.0000,0.0000,0.0000,0.0000,0.0000,0.0000,0.0000,0.0000,0.0000,0.0000,0.0000,0.0000,0.0000,0.0000,0.0000,0.0000,0.0000,0.0000,0.0000,0.0000,0.0000,0.0000,0.0000,0.0000,0.0000,0.0000,0.0000,0.0000,0.0000,0.0000,0.0000,0.0000,0.0000,0.0000,0.0000,0.0000,0.0000,0.0000,0.0000,0.0000,0.0000,0.0000,0.0000,0.0000,0.0000,0.0000,0.0000,0.0000,0.0000,0.0000,0.0000,0.0000,0.0000,0.0000,0.0000,0.0000,0.0000,0.0000,0.0000,0.0000,0.0000,0.0000,0.0000,0.0000,0.0000,0.0000,0.0000,0.0000,0.0000,0.0000,0.0000,0.0000,0.0000,0.0000,0.0000,0.0000,0.0000,0.0000,0.0000,0.0000,0.0000,0.0000,0.0000
45111.2083333,0.0000,0.0000,0.0000,0.0000,0.0000,0.0000,0.0000,0.0000,0.0000,0.0000,0.0000,0.0000,0.0000,0.0000,0.0000,0.0000,0.0000,0.0000,0.0000,0.0000,0.0000,0.0000,0.0000,0.0000,0.0000,0.0000,0.0000,0.0000,0.0000,0.0000,0.0000,0.0000,0.0000,0.0000,0.0000,0.0000,0.0000,0.0000,0.0000,0.0000,0.0000,0.0000,0.0000,0.0000,0.0000,0.0000,0.0000,0.0000,0.0000,0.0000,0.0000,0.0000,0.0000,0.0000,0.0000,0.0000,0.0000,0.0000,0.0000,0.0000,0.0000,0.0000,0.0000,0.0000,0.0000,0.0000,0.0000,0.0000,0.0000,0.0000,0.0000,0.0000,0.0000,0.0000,0.0000,0.0000,0.0000,0.0000,0.0000,0.0000,0.0000,0.0000,0.0000,0.0000,0.0000,0.0000,0.0000,0.0000,0.0000,0.0000,0.0000,0.0000,0.0000,0.0000,0.0000,0.0000,0.0000,0.0000,0.0000,0.0000,0.0000,0.0000,0.0000,0.0000,0.0000,0.0000,0.0000,0.0000,0.0000,0.0000,0.0000,0.0000,0.0000,0.0000,0.0000,0.0000,0.0000,0.0000,0.0000,0.0000,0.0000,0.0000,0.0000,0.0000,0.0000,0.0000,0.0000,0.0000,0.0000,0.0000,0.0000,0.0000,0.0000,0.0000,0.0000,0.0000,0.0000,0.0000,0.0000,0.0000,0.0000,0.0000,0.0000,0.0000,0.0000,0.0000,0.0000,0.0000,0.0000,0.0000,0.0000,0.0000,0.0000,0.0000,0.0000,0.0000,0.0000,0.0000,0.0000,0.0000,0.0000,0.0000,0.0000,0.0000,0.0000,0.0000,0.0000,0.0000,0.0000,0.0000,0.0000,0.0000,0.0000,0.0000,0.0000,0.0000,0.0000,0.0000,0.0000,0.0000,0.0000,0.0000,0.0000,0.0000,0.0000,0.0000,0.0000,0.0000,0.0000,0.0000,0.0000,0.0000,0.0000,0.0000,0.0000,0.0000,0.0000,0.0000,0.0000,0.0000,0.0000,0.0000,0.0000,0.0000,0.0000,0.0000,0.0000,0.0000,0.0000,0.0000,0.0000,0.0000,0.0000,0.0000,0.0000,0.0000,0.0000,0.0000,0.0000,0.0000,0.0000,0.0000,0.0000,0.0000,0.0000,0.0000,0.0000,0.0000,0.0000,0.0000,0.0000,0.0000,0.0000,0.0000,0.0000,0.0000
45111.2500000,0.3056,0.7030,0.9361,0.8961,1.5572,1.2016,1.0788,0.5329,1.0553,1.0977,0.9921,0.8919,0.5785,0.8470,0.7721,0.7922,1.0229,0.9428,0.6805,0.4763,1.1191,0.4645,0.4405,0.7270,0.7679,1.5882,0.7374,0.2722,0.9176,0.2985,0.5852,0.3891,0.5040,0.7800,0.7635,0.6538,1.0339,1.0615,0.3736,1.3957,1.2225,1.2854,0.7419,0.9931,2.0996,1.0261,0.7983,0.8882,0.4870,0.6791,1.0408,0.9653,1.0992,1.1906,0.4562,0.4594,0.5536,0.8578,1.5289,1.1736,1.2279,0.9303,0.4099,0.3697,0.5685,0.4972,0.8134,0.7849,-0.2798,0.1448,0.7244,0.7057,0.5853,0.1625,0.7778,1.0321,0.8390,0.9921,0.6923,1.0956,2.3198,2.0361,1.4688,1.1672,0.9273,0.9629,1.4955,1.1208,1.3027,1.1238,1.2280,1.5479,1.7276,1.2723,0.6369,0.8423,1.0134,1.5378,1.2038,1.0245,1.1286,1.3198,0.9635,1.0214,1.4968,1.9123,1.5783,1.4925,0.7288,1.4142,0.8187,0.3597,1.0433,0.8747,1.0330,0.8805,0.6663,1.1731,0.9565,0.9844,0.2021,0.9392,0.5292,0.8818,0.7355,0.9596,1.0098,1.3889,0.8461,0.3041,0.5597,0.5028,0.5665,0.6720,0.9794,0.6723,0.6739,0.9795,0.6999,0.5822,0.3738,0.8811,0.6197,0.7098,0.9766,0.2531,0.4146,1.2475,0.8007,0.6054,0.5683,0.2017,0.3675,0.2550,0.5829,1.1390,1.3071,1.2176,1.1220,0.6696,1.6932,1.2683,1.2808,1.5974,1.9075,1.1889,1.4284,0.8833,0.7943,0.7025,0.1787,0.4175,0.4657,0.9116,0.8891,1.2048,0.8319,0.9090,0.7577,1.7682,1.4529,1.0893,0.9683,1.2168,0.9637,1.2698,1.1606,1.1700,1.1792,1.1885,1.1978,1.2033,1.2126,1.2220,1.2316,1.2412,1.2509,1.2607,1.2707,1.2809,1.2912,1.3017,1.3124,1.3233,1.3344,1.3457,1.3572,1.3689,1.3808,1.3929,1.4053,1.4179,1.4308,1.4439,1.4572,1.4708,1.4846,1.4987,1.5131,1.5276,1.5425,1.5576,1.5729,1.5885,1.6043,1.6204,1.6366,1.6531,1.6697,1.6866,1.7036,1.7207,1.7380,1.7554,1.7601,1.7780
45111.2916667,1.2197,2.8064,3.7367,3.5771,6.2170,4.8544,4.3075,2.1277,4.2304,4.3913,3.9791,3.5665,2.3310,3.3959,3.0831,3.1633,4.2943,3.7713,2.7219,1.9018,4.4689,1.8549,1.7593,2.9921,3.1553,6.4202,2.9481,1.0873,3.6997,1.2012,2.3434,1.5635,2.4158,3.4352,3.0502,2.6123,4.1736,4.3018,1.6763,5.5985,4.8849,5.1451,2.9649,3.9686,8.3911,4.1009,3.1903,3.5498,1.9463,2.7140,4.2163,3.9196,4.5142,4.7829,1.8230,1.8760,2.2117,3.4552,6.1318,4.7324,4.9816,3.7247,1.6360,1.4753,2.9505,1.9830,3.2409,3.1233,-1.1444,0.5486,2.8804,2.8278,2.3565,0.6201,3.1602,4.1267,3.3630,4.0027,2.8768,4.3680,9.3514,8.1646,5.9120,5.6806,3.6971,3.8365,5.9653,4.4698,5.1982,4.4815,4.9013,6.1808,6.9007,5.0815,2.5408,3.3739,4.0486,6.1486,4.8193,4.1670,4.5372,5.2768,3.8531,4.2158,6.0402,9.8898,8.1581,7.9654,3.5408,7.0122,3.8798,1.4400,4.2486,3.5309,4.1732,3.7430,2.6850,4.7178,3.8444,3.9753,0.8069,3.8765,2.1300,3.5472,2.9439,4.0164,4.0583,5.6010,3.4041,1.2204,2.2602,2.0538,2.3623,3.9997,3.9743,2.8496,2.7037,4.5793,3.8671,2.3306,1.4964,3.5840,2.5151,2.8423,3.9110,1.0131,1.6628,4.9967,3.2309,2.4480,2.2968,0.8073,1.4731,1.0595,2.3530,4.5703,5.2630,4.8769,4.5365,2.6812,6.7819,5.0798,5.6723,6.4283,7.7899,4.7969,5.8291,3.5826,3.2494,3.0259,0.7119,2.0566,1.8628,3.6868,3.5656,5.1392,3.3686,3.6489,3.0509,7.1006,5.8392,4.3618,3.9187,4.9144,3.8676,5.0869,4.6485,4.6871,4.7252,4.7866,4.8019,4.8254,4.8644,4.9041,4.9446,4.9855,5.0270,5.0695,5.1130,5.1346,5.2046,5.2514,5.2995,5.3488,5.3996,5.4517,5.5054,5.5607,5.6177,5.8247,5.7258,5.7870,5.8502,5.9156,5.9831,6.0530,6.1254,6.2005,6.2783,6.2142,6.4662,6.5564,6.6504,6.7486,6.8513,6.9588,7.0715,7.1897,7.3139,7.4446,8.4984,8.5674,8.6369,8.7068,8.7258,8.7978
45111.3333333,2.3699,5.4532,7.5117,6.9516,12.0826,9.9355,8.3723,4.1354,9.5834,9.1832,8.2686,7.5021,5.4944,6.9633,5.9926,6.2314,19.3479,7.8300,8.1966,3.8563,10.0186,3.8807,3.4202,9.0565,7.4716,12.7737,6.1655,2.1145,8.2183,3.1116,5.8174,4.5520,15.1776,11.9212,6.5540,5.1730,9.0039,10.9072,4.1195,12.5931,9.5016,10.6971,5.7676,7.7206,16.8440,11.7777,6.6731,6.9062,3.7866,6.6117,12.2547,11.2317,20.7979,11.0482,3.8760,6.1956,5.7456,8.3580,13.3358,9.8418,23.2717,7.8566,3.1829,2.8703,9.2487,3.8590,17.0969,8.8773,-10.2548,1.0414,5.9392,6.0883,6.9142,1.1613,6.8506,9.7785,6.7580,8.3811,6.0562,10.0977,18.8051,23.7297,12.2309,24.9787,7.1642,8.3361,12.2223,8.6561,10.0744,8.6721,11.9106,11.9842,17.0891,15.5215,5.8173,7.0005,8.3786,15.0017,9.8334,12.6857,8.8160,13.4456,8.0343,20.2805,16.5121,31.2522,25.8947,26.2641,10.6400,21.6650,11.2376,3.6144,9.3484,7.1145,11.5092,17.7024,5.4581,9.2682,8.8568,8.7310,1.5754,17.1548,4.2184,8.0707,5.8761,8.6226,9.1279,11.3359,7.9079,2.5155,5.1212,5.6492,11.7370,15.0725,7.9874,6.2889,5.4471,18.1175,13.5618,4.6969,2.9152,7.0206,4.8518,5.8744,8.3162,1.9733,3.8523,10.1979,6.6083,5.7291,4.5867,1.5788,2.9208,2.3321,5.1111,9.4640,12.0795,9.7185,10.1051,5.5006,31.2182,11.0510,18.1731,12.5594,16.5047,11.7197,12.0420,17.5015,13.8039,11.7399,1.4332,6.5746,4.3134,15.0850,7.9075,21.3701,6.8543,8.3468,6.2891,15.8040,13.4159,9.0387,7.6360,9.8022,7.5532,11.7520,9.6680,9.7764,9.8858,9.9975,10.1126,10.1998,10.3194,10.4428,10.5702,10.7008,10.8357,10.9753,11.1197,11.2694,11.4245,11.5853,11.7521,10.9027,12.1647,12.3567,12.5564,12.7643,12.9807,13.2061,13.4409,13.6857,13.9409,14.2071,14.4847,14.7745,15.0769,15.3926,15.7223,16.0667,16.4264,16.8022,17.1950,24.7646,24.8908,25.0188,25.1485,25.2798,25.4127,25.5470,25.6825,25.8192,25.9569,26.0954,26.1349,26.2775
45111.3750000,3.0451,7.0071,10.0201,8.9325,26.2911,14.9734,10.7580,9.7514,17.5849,13.7536,12.3192,11.3645,7.2821,9.1075,8.4301,9.0525,30.0737,11.5562,21.2894,4.9149,19.4205,5.7806,4.3949,12.4106,8.3193,25.1180,9.5521,2.7170,14.5675,7.5348,8.5553,12.4394,24.6651,26.9622,29.7059,24.7888,15.5385,13.6622,5.4280,39.9424,13.1650,21.2707,7.4114,10.7321,57.4412,28.4836,9.9377,8.8744,6.0086,8.2957,34.1064,30.3815,32.2415,36.6033,5.9846,18.4341,6.5605,16.4518,44.4660,14.5751,35.9476,11.7962,4.0900,3.6883,13.3605,4.9588,26.9671,25.8328,-14.8983,1.3591,21.7706,7.8867,17.2999,1.5479,12.2767,33.7771,9.7252,39.5008,8.4156,14.4755,66.7002,57.1514,17.9450,38.8126,9.1791,10.6478,17.1683,11.0815,12.9013,34.3166,41.9460,22.8543,31.3784,39.9076,10.7543,10.0682,12.2733,19.6308,14.4310,32.8193,12.1515,39.3153,11.8002,31.4554,41.2096,46.9744,39.1152,39.9713,16.4424,32.7239,17.2017,8.8343,12.0566,10.2385,31.0277,27.6877,7.8403,12.4867,16.6066,15.1804,2.0486,26.6552,6.1093,24.6117,8.6249,14.8202,26.3210,37.0974,25.3492,3.7484,9.3716,15.3191,18.8287,24.0125,15.4174,7.1284,7.7167,28.1541,21.4526,6.5121,4.2040,10.6711,19.9438,11.3724,13.7142,3.0291,13.2933,18.5671,28.8935,7.2900,19.3471,2.0900,3.7618,7.6471,6.6307,13.8582,37.0638,12.4430,17.8444,7.1101,47.6838,39.6069,39.1393,17.3301,38.1459,24.1819,19.0355,27.4201,21.5970,18.4651,2.7483,10.7793,5.3414,23.3808,21.9892,32.8863,9.4234,26.1189,9.2095,26.8674,40.5846,17.9943,10.3397,13.8818,10.8928,15.4574,14.1554,14.3538,14.5551,14.7613,14.9734,15.1517,15.3733,15.6016,15.8369,16.0784,16.3272,16.5839,16.8488,17.1223,17.4048,17.6965,17.9979,18.3094,18.6313,18.9642,19.3083,19.6642,20.0322,20.4130,20.8069,21.2145,21.6362,22.0727,22.5244,36.1186,36.2574,36.3989,36.5430,36.6899,36.8394,36.9915,37.1463,37.3036,37.4634,37.6256,37.7902,37.9570,38.1259,38.2968,38.4695,38.6439,38.8197,38.9968,39.0473,39.2300
45111.4166667,3.3300,7.6622,12.9545,11.7610,41.5665,16.1498,14.8769,7.1278,26.5907,14.7223,13.4024,12.1495,7.8415,11.3860,8.7353,10.4572,23.9863,12.4090,16.9705,5.5258,14.6186,7.1624,5.5290,10.3133,10.4918,35.4918,10.3699,5.2614,22.5211,5.8633,17.7324,8.9339,18.1856,20.9169,22.5145,18.9816,26.4432,15.6584,5.2115,31.8116,30.6886,16.6371,8.0979,10.9710,45.8939,23.0300,10.6662,11.3123,6.4839,10.2396,26.5379,23.8975,25.6781,28.7839,6.1281,13.2247,7.1365,25.2865,35.2144,15.5810,28.5576,12.5997,5.0655,4.8152,12.2253,11.1549,21.0651,20.2292,-9.8174,1.6285,17.4092,7.9985,13.0062,1.7882,9.6559,26.2086,10.7408,29.5268,9.3603,20.6288,52.4952,45.2886,19.1752,29.9223,10.0113,11.0934,16.4007,12.1356,33.6760,26.9407,32.1164,37.6307,39.5813,31.0618,17.1288,10.8768,13.2192,20.8297,15.5007,25.5209,14.5673,30.8928,12.6022,24.7057,32.9377,38.4388,32.0195,32.1527,14.0782,27.2008,14.9540,7.6765,12.6709,11.0608,24.4895,21.7188,8.2002,15.1615,24.4884,23.6781,2.3980,21.3821,6.6527,19.8680,8.4495,22.5710,21.5510,29.9700,20.1889,4.1436,14.3031,12.4190,14.8762,18.5574,26.2695,8.4937,8.4337,22.5760,17.1369,14.6607,4.6525,20.5641,15.8345,9.1677,23.0539,2.8425,10.7840,31.2537,22.1797,7.9710,15.2249,2.3222,4.3931,5.9353,7.2179,14.9165,29.6081,14.4716,27.3577,8.6353,37.9595,30.9792,30.7532,18.6539,31.3644,19.6150,21.5511,21.6768,17.6867,15.3289,2.6742,9.2604,5.8593,19.3360,18.3742,26.5559,10.2863,20.9959,9.9107,38.4518,32.4524,14.1562,24.4848,15.1411,11.9878,16.5380,15.1350,15.3186,15.5032,15.6910,15.8830,16.0357,16.2331,16.4352,16.6422,16.8529,17.0685,17.2894,17.5160,17.7484,17.9867,18.2312,18.4821,18.7396,28.3036,28.4254,28.5495,28.6760,28.8049,28.9363,29.0703,29.2068,29.3460,29.4879,29.6325,29.7798,29.9299,30.0829,30.2386,30.3971,30.5584,30.7224,30.8892,31.0586,31.2306,31.4051,31.5821,31.7613,31.9427,32.1262,32.3115,32.4984,32.6869,32.8766,32.9284,33.1241
45111.4583333,4.0220,10.8270,22.1404,67.5901,89.1172,26.8692,25.2802,12.0998,56.5744,60.4213,58.8648,20.4390,33.6165,47.8478,48.4628,17.0891,50.0058,20.0701,14.8999,7.9337,60.5719,11.2102,8.7367,14.9129,17.8957,72.0264,50.2631,10.2162,47.7532,7.2150,40.1982,16.9436,25.2241,22.8696,50.2916,42.4686,56.5268,55.8912,9.5076,65.1760,64.9836,26.3503,10.2716,14.8742,91.9278,47.3403,17.5829,26.1857,10.9905,10.3630,22.3379,50.7186,53.3570,25.0587,9.2422,11.7914,20.1450,56.2996,72.2636,59.9834,59.0973,21.0273,8.7183,7.7317,9.1618,14.3171,45.5597,43.7699,-7.4960,2.6761,15.5190,14.8901,12.8751,6.5395,16.1173,56.1601,44.6372,65.8307,16.2025,23.4659,106.6094,91.6568,74.2774,25.5533,12.1105,15.3760,73.5671,27.2567,72.0489,56.6648,69.0238,78.7930,81.1613,65.4231,14.0897,17.4276,21.5481,34.8519,24.7144,22.1339,53.8400,64.1530,48.2121,52.1210,66.7232,74.8672,62.9021,64.6215,27.9657,52.7977,28.8387,7.0459,52.9356,17.5879,51.1747,46.1300,12.7558,56.8450,52.3986,49.7173,3.6503,44.1789,30.0499,40.9787,53.0127,47.0468,43.4232,60.1076,42.4210,19.5375,31.1108,15.3452,9.0475,13.1684,27.9979,38.0519,36.7417,46.7740,14.6895,31.7833,26.2820,42.9491,34.3856,34.5709,48.1793,5.3364,24.0258,66.0795,16.3128,13.2874,11.4453,3.9454,17.7062,6.1807,11.8379,61.3961,60.6167,63.5750,22.7839,32.1439,77.0024,65.0072,27.3155,43.7749,54.3963,69.4850,69.0445,46.0101,36.5993,31.6934,3.9698,19.8652,9.2161,39.1837,36.9428,54.0349,15.6315,43.7738,16.0390,77.1674,28.8450,22.5992,20.3405,65.2817,21.2750,60.3728,54.4715,54.5930,54.7125,54.8324,54.9538,55.0239,55.1444,55.2666,55.3906,55.5149,55.6408,55.7688,55.8989,56.0311,56.1657,56.3026,56.4420,56.5839,56.7284,56.8756,57.0256,57.1784,57.3341,57.4929,57.6547,57.8196,57.9876,58.1589,58.3335,58.5114,58.6926,58.8772,59.0651,59.2563,59.4509,59.6488,59.8500,60.0543,60.2617,60.4722,60.6855,60.9015,61.1201,61.3410,61.5642,61.7893,62.0161,62.2444,62.3056,62.5410
45111.5000000,4.2880,17.6595,65.6402,76.2757,99.9390,79.1474,74.2794,14.2956,63.8026,68.0867,66.4181,58.2937,38.3995,54.1663,54.9110,50.0219,56.4580,53.4889,41.6025,32.2994,68.2400,13.3820,10.2494,17.3697,52.5937,80.7452,56.9559,6.1350,54.0083,8.6661,45.7771,11.6978,24.5750,51.7574,56.9689,48.2736,63.7649,63.0317,11.4156,73.2019,73.1131,71.6122,16.2091,17.3686,102.6947,53.4653,48.5843,59.7452,32.8621,15.5988,63.9218,57.2997,60.1611,67.9023,10.8519,14.1400,13.9106,63.6398,81.0553,67.5406,66.5069,58.4166,7.7784,9.2515,12.4783,24.1067,51.6262,49.6402,-21.6584,7.5829,42.3365,54.1743,15.3601,8.3384,18.8066,63.3647,50.5800,74.2402,19.2018,27.4948,119.0157,102.4501,83.3686,72.1247,16.5163,21.6314,82.5515,30.4522,80.9878,63.8617,77.6481,88.3728,90.8979,73.5744,43.1505,55.8972,62.1478,98.6447,71.0203,61.3584,60.6796,72.1064,54.4844,58.8255,74.8562,83.6851,70.5063,72.4941,31.9274,59.2875,32.8178,19.2838,59.6738,50.5738,57.6966,52.1459,14.7410,63.9399,59.1079,56.0707,11.5824,49.8680,34.3144,46.2993,59.9135,53.0236,48.8958,67.3229,47.8799,22.6039,35.3916,30.7186,12.7847,15.8594,63.9320,43.0810,41.6065,52.6301,41.4053,36.1194,30.1177,48.4315,39.0288,39.1695,54.2514,19.8444,27.5889,74.1623,18.8922,15.5805,38.2615,12.4271,20.5923,7.4245,13.7692,69.0669,68.0702,71.4608,64.7765,36.6117,86.1875,73.0499,72.1206,82.8696,103.7496,78.1428,77.4713,52.0339,41.5448,36.1116,11.7743,23.0577,30.0465,44.3690,41.8722,60.8163,17.9460,49.5234,43.6939,86.3542,74.0899,61.1448,59.0686,73.4288,64.2789,67.8815,61.3413,61.4709,61.5984,61.7263,61.8558,61.9307,62.0592,62.1896,62.3220,62.4547,62.5891,62.7257,62.8646,63.0059,63.1495,63.2958,63.4446,63.5961,63.7505,63.9077,64.0679,64.2311,64.3974,64.5669,64.7397,64.9158,65.0953,65.2783,65.4647,65.6546,65.8481,66.0452,66.2458,66.4500,66.6578,66.8690,67.0837,67.3018,67.5232,67.7477,67.9753,68.2058,68.4390,68.6747,68.9127,69.1528,69.3947,69.6381,69.7034,69.9543
45111.5416667,12.8754,115.7390,103.4742,123.2617,154.9618,123.4072,116.6688,75.0611,98.2102,105.2201,103.9550,91.0001,60.3602,84.3007,86.8710,77.7465,85.5325,81.5078,64.4387,51.0610,105.1445,16.8531,60.0318,19.3231,82.7729,119.9279,21.9995,4.0235,82.8578,11.4084,17.7934,8.2303,18.0223,81.0704,90.7184,76.8789,98.4968,96.7234,15.2731,109.5240,112.2122,108.4780,23.8801,27.6165,151.0028,80.0962,75.0635,93.6629,51.8988,20.4102,98.6672,87.9969,90.9423,103.3664,12.6243,17.8072,16.7032,23.7336,121.4736,103.0064,100.2587,90.5999,17.5377,12.1066,14.5652,82.5207,80.3405,77.2548,-33.4205,12.2305,65.2493,86.8049,83.6356,13.3642,22.2923,98.0606,78.2479,29.0930,24.3265,31.0002,177.0795,151.9539,126.9111,111.6128,21.0151,95.8923,125.0124,109.3660,125.3337,97.4983,120.5506,134.6147,136.2341,112.5212,68.1901,87.7483,96.2042,153.2300,109.0498,94.6112,91.7193,109.1226,83.1694,90.0236,111.0809,120.1730,101.9787,106.8995,46.5117,84.8841,46.6848,29.7517,91.1636,77.5622,87.7782,80.2865,16.4032,96.7030,23.3596,85.6312,18.4313,75.2181,53.9266,69.7255,23.4184,80.5000,72.2548,99.1528,73.0511,36.4283,14.0647,47.7617,14.3920,18.3571,99.6316,67.1441,16.7317,79.2440,63.6184,56.0182,48.6099,73.2319,60.5894,59.3578,82.0974,32.0494,43.3349,113.4435,21.7433,19.0797,60.0079,19.5472,31.5297,9.6498,15.8329,106.0842,101.5322,109.1100,98.6695,55.4469,127.8109,111.1780,109.3116,123.4459,156.0699,121.6775,116.5308,79.7416,62.3588,54.1170,18.9447,35.3502,47.1441,65.6069,61.5047,90.3971,71.2921,74.9548,66.9572,127.0973,110.2225,92.9118,91.1651,112.9183,100.6167,102.0760,92.1103,92.1925,92.2732,92.3541,92.4360,92.4832,92.5644,92.6466,92.7301,92.8137,92.8983,92.9843,93.0718,93.1606,93.2510,93.3430,93.4366,93.5320,93.6290,93.7279,93.8287,93.9314,94.0360,94.1427,94.2515,94.3623,94.4753,94.5905,94.7079,94.8276,94.9494,95.0736,95.2000,95.3287,95.4596,95.5928,95.7281,95.8656,96.0052,96.1468,96.2903,96.4357,96.5827,96.7314,96.8815,97.0329,97.1855,97.3390,97.3798,97.5380
45111.5833333,10.9506,112.3028,100.4243,22.3653,150.6613,119.8789,113.2946,17.0835,95.3307,102.1605,100.9050,88.2778,58.3952,81.7496,84.2329,75.3603,82.9889,79.0547,62.3870,49.3244,102.0919,16.0219,58.0438,80.6386,80.2448,116.5838,12.6316,3.0730,80.3623,10.8219,16.9846,12.5158,17.1552,78.5912,87.9740,74.4840,95.6044,93.8856,14.4180,106.4171,108.9921,105.3737,22.7953,106.3118,146.9356,77.7008,72.7515,90.8677,50.1421,85.8424,95.7718,85.3732,88.2700,100.3785,11.1815,16.9180,15.2286,13.2326,118.0736,100.0242,97.3636,87.8972,16.2104,12.3029,8.2424,13.3337,77.8882,74.8793,-33.0450,11.4670,63.1832,84.1507,15.4344,12.5731,88.7087,95.1760,75.8553,27.1481,23.1799,150.9364,172.3517,147.8410,123.3455,108.3920,115.6279,93.0502,121.5043,106.1952,121.7723,94.6495,117.1014,130.8584,132.4754,109.2996,66.0228,85.0985,93.3647,148.9666,105.9061,91.8172,89.0274,106.0033,80.6726,87.3543,107.9510,116.8928,99.1135,103.8815,44.9520,82.4370,45.1386,28.5585,88.4645,75.1920,85.1674,77.8429,63.7340,93.8810,22.4084,21.8886,17.5015,72.9190,52.1083,67.5578,93.6141,78.0508,70.0332,96.2852,70.7608,8.4425,53.3630,11.8883,13.2855,10.3259,96.6202,64.9307,62.2942,76.7464,61.4692,54.0350,46.7686,19.1118,14.9897,57.2607,79.4372,4.8420,7.6387,109.9670,20.6889,18.1250,57.7924,18.3123,29.9919,9.0752,61.4931,102.6958,98.2977,105.6517,95.4844,53.3194,123.9642,107.6924,105.8854,119.7085,151.5216,117.9023,112.9472,20.3826,60.1081,52.0799,17.7422,33.7951,45.3035,63.3824,59.4040,87.5973,68.9314,72.5207,64.7126,123.4621,106.9765,90.0552,88.3330,109.5592,97.5352,99.0283,89.3109,89.3970,89.4816,89.5662,89.6516,89.7022,89.7866,89.8720,89.9583,90.0447,90.1320,90.2205,90.3103,90.4014,90.4938,90.5877,90.6831,90.7801,90.8787,90.9790,91.0811,91.1849,91.2906,91.3983,91.5079,91.6195,91.7332,91.8490,91.9670,92.0871,92.2094,92.3339,92.4606,92.5896,92.7207,92.8541,92.9896,93.1272,93.2668,93.4085,93.5521,93.6975,93.8446,93.9933,94.1435,94.2950,94.4476,94.6012,94.6422,94.8005
45111.6250000,7.1969,18.1643,20.2181,17.7033,80.5652,26.4476,59.4909,12.0049,51.4026,54.8085,53.2140,46.6933,30.5281,43.4022,16.4430,40.0659,45.6845,43.1717,33.2870,25.5538,54.9900,10.8324,9.1068,41.7281,14.8355,65.9699,12.5574,3.7462,23.7702,7.1803,12.5940,7.0645,11.7253,20.0920,21.2573,38.3120,22.0626,50.8313,9.3605,59.6187,59.0301,25.7137,29.9486,55.5856,84.3047,43.4044,38.9840,47.7951,26.0169,22.4732,51.4500,46.1554,48.7476,54.9461,8.8994,8.5783,11.4588,16.2410,66.0269,54.6161,53.9875,46.9014,10.3561,8.3868,8.9036,11.1248,15.9785,39.7389,-18.0371,5.6107,14.7231,14.0237,11.7750,6.2298,17.9494,20.0358,40.5853,20.5165,15.9007,76.0005,97.3942,83.8628,67.5634,58.0579,58.8844,49.3330,67.0164,56.6389,65.2465,51.5972,62.4667,71.6295,74.0961,59.4769,12.3515,17.2823,21.1153,79.4637,57.3159,49.3840,49.1696,58.4897,43.9548,25.1813,61.1404,69.1372,58.0435,59.3183,25.9712,48.8870,26.9048,15.1902,48.1538,17.9676,46.6055,17.3735,14.2500,51.7981,18.3366,18.4181,3.7353,40.3113,10.2459,17.3296,47.3913,42.7621,39.7296,54.9594,38.4515,6.6722,15.6311,13.8688,8.6634,12.7787,51.0897,34.1929,33.0494,42.3708,14.3816,11.4513,13.2716,16.2635,11.9812,31.1703,43.5063,4.2966,7.0126,59.5369,16.0704,13.0716,11.2510,9.1081,15.8292,11.1584,31.7451,23.7939,54.9639,57.3078,51.9226,28.9961,70.0065,30.4345,58.0351,67.2010,84.0934,62.3906,62.5738,16.7955,33.1818,28.7548,8.5845,17.9613,23.4892,35.7722,33.8066,49.2699,37.4310,39.7616,34.8584,70.5317,60.2079,49.2218,19.9657,59.0222,20.8838,54.9333,49.6030,49.7347,49.8643,49.9943,50.1258,50.2040,50.3344,50.4667,50.6007,50.7351,50.8710,51.0090,51.1491,51.2914,51.4360,51.5830,51.7324,51.8844,52.0391,52.1964,52.3565,52.5195,52.6854,52.8543,53.0263,53.2015,53.3799,53.5615,53.7464,53.9347,54.1263,54.3214,54.5198,54.7216,54.9268,55.1354,55.3472,55.5623,55.7805,56.0018,56.2259,56.4529,56.6824,56.9143,57.1484,57.3845,57.6223,57.8615,57.9268,58.1733
45111.6666667,3.1572,8.6840,17.9160,14.9345,100.0777,23.6022,22.5758,8.4355,62.6309,21.6925,17.1891,18.2834,11.4948,16.9989,14.4293,15.8114,18.8683,17.6543,12.9964,9.3507,14.2369,6.5350,7.7504,12.8204,8.8180,78.6317,9.0540,2.8190,13.4311,4.4301,28.3899,5.9660,7.7702,18.8749,24.3117,15.9763,62.7018,61.7443,15.7834,24.8541,19.2386,22.3950,16.9802,21.3215,100.2959,51.3220,15.5678,59.0068,9.3383,15.5252,18.8556,55.8925,58.3653,21.7586,15.2781,8.9647,10.2037,14.3592,79.2897,22.3821,22.5906,18.6827,15.9155,13.1629,48.0690,15.4336,50.4125,48.3653,-7.0889,2.0839,9.6080,53.8352,9.9965,2.3158,16.3497,62.3479,15.9635,17.2640,32.9119,97.9929,117.3469,100.4659,26.9522,22.6073,74.8174,19.0900,81.2169,69.7464,80.4785,21.0789,20.7395,87.3941,89.2651,72.4254,10.4954,14.9910,18.7006,30.7996,22.5384,19.4352,20.4666,70.5558,17.8164,57.3544,72.6556,80.2870,67.4269,70.0573,29.0802,55.9657,29.6083,5.9334,14.5082,15.4754,18.3719,21.2176,9.9510,21.2187,15.5952,15.5831,3.0448,47.8111,8.6739,44.1404,13.4053,51.1597,46.3084,64.7420,45.9991,8.8653,6.8041,28.7206,12.1478,15.1170,63.0141,41.4758,39.8080,50.4044,39.3986,34.1280,6.7159,46.1686,10.1465,36.7507,17.6421,2.5479,11.1424,72.6802,13.3069,11.4552,9.5813,4.4808,6.1760,9.4547,38.7308,67.4664,65.4597,16.5456,20.0479,33.9224,83.5362,71.2117,70.1229,80.3736,101.9588,20.2085,75.2754,18.0669,38.7507,33.2052,2.6685,20.2697,9.1384,41.3354,38.6957,58.0639,44.4707,47.1080,13.8229,83.4591,71.5180,59.0756,57.4172,72.0481,19.4091,65.6203,58.9435,59.0439,59.1429,59.2424,59.3431,59.4039,59.5042,59.6059,59.7092,59.8129,59.9179,60.0246,60.1330,60.2432,60.3553,60.4693,60.5853,60.7033,60.8233,60.9456,61.0700,61.1966,61.3256,61.4569,61.5905,61.7266,61.8652,62.0062,62.1498,62.2958,62.4445,62.5957,62.7494,62.9057,63.0646,63.2259,63.3896,63.5557,63.7242,63.8949,64.0677,64.2425,64.4192,64.5976,64.7776,64.9590,65.1416,65.3252,65.3774,65.5662
45111.7083333,3.0668,7.3654,9.7444,9.9458,16.7725,14.2437,13.0906,6.0921,17.5697,13.0667,11.2185,10.7350,6.8498,10.1180,11.8241,9.4422,11.8975,11.0136,7.9713,4.8469,11.6374,5.0395,4.9605,7.6122,7.7145,33.7405,8.7027,2.7350,9.8401,3.6848,6.7573,4.8966,6.2511,8.9572,10.2054,7.2005,15.3396,25.0569,7.7373,16.0776,13.4525,14.6590,9.2494,12.1723,43.7354,21.7184,9.4447,23.0353,5.2344,8.4775,11.9935,22.6490,24.3166,13.8031,5.1337,6.7107,7.6252,9.4632,23.2093,13.8190,14.2899,11.1274,6.1619,7.1912,11.2233,6.5014,19.9420,13.1643,-3.8355,1.4030,7.7994,9.8967,6.2919,1.5615,9.3272,13.0608,9.7192,11.6436,9.4552,35.9689,50.1862,43.1955,16.9426,13.6809,27.9118,11.3498,33.7293,27.7311,32.1808,13.0216,13.6902,35.9304,37.7251,16.0761,6.9801,9.5022,11.6334,18.3075,13.9431,11.8928,12.9220,29.3345,11.1199,16.1369,15.9312,36.3682,30.2142,30.4240,12.9269,25.5004,13.6839,3.8845,11.1746,9.9138,11.7663,12.6737,6.7288,13.4763,10.5067,10.5593,2.3792,19.9723,5.7871,18.4821,13.1703,21.1123,20.0069,28.1185,18.7914,3.4266,5.6444,11.2794,7.5937,7.8762,24.7797,16.2489,15.7618,21.0218,15.8166,7.9391,4.7661,9.7279,6.7957,15.0920,11.1810,2.4616,4.0849,15.3360,9.4213,6.2577,6.2790,2.5458,3.9953,3.2406,14.8111,15.0251,14.1765,12.2696,11.5514,13.9696,35.8177,16.4005,20.5241,34.2149,42.7200,12.9950,31.5272,13.2760,16.2625,13.9705,2.2666,8.1570,5.4040,13.2546,16.8743,24.8279,18.2060,19.5197,8.6507,36.2769,30.5392,24.3231,22.9956,29.0660,11.4434,27.5128,24.7669,24.8597,24.9511,25.0429,25.1359,25.1902,25.2827,25.3765,25.4718,25.5674,25.6643,25.7628,25.8630,25.9649,26.0687,26.1743,26.2819,26.3914,26.5031,26.6168,26.7328,26.8509,26.9714,27.0942,27.2194,27.3471,27.4772,27.6098,27.7451,27.8828,28.0232,28.1662,28.3118,28.4600,28.6108,28.7641,28.9200,29.0783,29.2390,29.4021,29.5673,29.7346,29.9040,30.0751,30.2479,30.4223,30.5979,30.7747,30.8250,31.0071
45111.7500000,2.5408,6.2544,8.1938,7.4529,13.3266,10.9565,9.9996,5.3481,9.5994,10.0766,8.9906,8.2069,4.8098,7.7730,7.1272,7.2653,9.2326,8.5018,5.9546,4.1069,10.1057,4.1976,3.6665,6.0861,6.3929,15.5872,6.1405,2.2666,7.9060,3.2616,6.3723,3.2408,5.6040,8.1522,9.9920,6.4358,8.8541,21.9793,3.7848,12.5542,10.7496,11.3897,7.0066,9.1646,38.5501,9.9839,7.2871,9.7519,4.1678,6.4399,9.2996,9.5157,21.2179,10.5649,3.8018,6.1921,5.1564,8.8842,14.1394,10.7035,11.1195,8.5573,6.2924,3.0764,7.2510,4.1357,17.3978,12.5072,-2.8966,1.1110,5.9616,5.9826,5.0878,1.2241,7.1247,8.4828,6.8658,10.3327,6.5383,14.8495,22.3433,19.6456,13.0535,10.5853,10.2192,8.6178,15.2933,11.7953,13.1148,10.0904,12.2817,17.8707,14.9115,11.5318,5.3682,8.4215,8.9902,14.0135,10.8869,9.1693,9.3976,25.7727,8.3921,15.5303,12.8893,31.7436,26.2753,26.5849,10.7893,21.9962,11.4027,3.0382,8.9815,7.7636,9.1959,11.2707,5.5713,10.2986,8.2255,8.7686,1.6259,8.3544,4.5078,8.4927,12.0294,9.7080,8.6823,24.5084,8.3603,2.7997,5.0362,4.1983,5.4356,7.3596,21.8359,14.0476,13.5783,18.2300,13.5977,5.5484,4.2012,8.3004,5.3230,12.8901,8.2860,2.0417,3.3761,10.5496,7.0622,6.0980,4.9082,1.7054,3.1321,2.3047,7.9087,10.2455,10.8886,10.6174,9.3669,6.6409,31.4985,15.8196,15.8012,16.1537,19.5928,10.5520,27.7245,9.6569,8.2397,11.8201,1.4615,3.9824,4.1507,10.1982,8.5788,21.5803,15.7095,16.8694,6.7161,17.6482,26.7348,10.9280,20.1248,12.8170,8.7802,13.1050,12.0139,12.2283,12.4493,12.6788,12.9179,13.1342,13.3918,13.6607,13.9416,14.2342,14.5400,22.3872,22.4691,22.5525,22.6373,22.7237,22.8117,22.9013,22.9925,23.0856,23.1804,23.2771,23.3756,23.4761,23.5786,23.6831,23.7897,23.8983,24.0091,24.1220,24.2371,24.3543,24.4737,24.5953,24.7191,24.8450,24.9730,25.1031,25.2352,25.3693,25.5053,25.6430,25.7824,25.9234,26.0659,26.2096,26.3545,26.5004,26.5418,26.6922
45111.7916667,1.6026,3.9325,5.0024,4.7005,8.1702,6.3558,5.7175,3.1067,5.7540,5.8145,5.2466,4.7096,3.0333,4.4444,4.0954,4.1940,5.4069,4.9551,3.5884,2.5507,6.1576,2.4376,2.3121,3.8159,4.0310,8.4338,3.8717,1.4291,4.9003,1.5671,3.5612,2.0433,2.6464,4.0960,4.0090,3.4335,5.4294,5.8494,2.0815,7.3838,6.4207,6.7799,3.9107,5.2316,11.3861,5.4458,4.2295,4.7913,2.5631,3.6107,5.4978,5.1603,6.1611,6.3215,2.3963,2.7085,2.9073,4.5049,8.2188,6.1619,6.4454,4.8818,2.1503,1.9391,3.0983,2.6065,7.2957,5.8766,-1.5488,0.7021,3.7777,3.7341,3.0314,0.7751,4.0261,5.3458,4.3268,5.1514,3.5924,5.7065,12.0936,10.5980,7.6469,6.1132,4.8167,5.0060,7.8059,5.8123,6.9298,5.8378,7.1093,8.2068,9.0426,6.5993,3.3479,4.3515,5.2776,8.0754,6.3005,5.3399,5.8561,11.1680,5.0157,5.4638,8.1445,14.5983,8.2028,7.7742,3.7433,7.2114,5.4473,1.8300,5.5350,4.5700,5.4093,5.7984,3.5109,6.1359,5.0384,5.3438,1.0024,4.8825,2.7380,4.6158,3.8303,5.3296,5.2643,7.2311,4.4396,1.6530,3.0380,2.6633,3.2678,4.0682,5.1004,3.4814,5.7349,7.9713,5.8098,3.0269,1.9236,4.9145,3.2473,5.6197,5.0857,1.2857,2.1259,6.5057,4.2458,3.2001,2.9427,1.0098,1.8735,1.4030,3.4976,6.0946,6.8130,6.5451,5.9078,3.5114,9.1902,6.6779,8.3055,8.5023,10.1071,6.4635,8.1250,5.3391,4.7300,5.2723,0.8840,2.1569,2.4134,5.0278,4.6250,9.5924,4.5315,4.9479,3.9428,9.3929,11.8270,5.7500,5.2252,6.4823,5.0610,6.7517,6.1683,6.2305,6.2934,6.3579,6.4108,6.4569,6.5245,6.5947,6.6676,6.7428,6.8212,6.9029,6.9884,7.0780,7.1719,7.2618,7.3639,7.4713,7.5843,7.7036,7.8295,7.9626,8.1035,8.2528,8.4112,8.5794,10.8537,10.9215,10.9905,11.0609,11.1326,11.2057,11.2801,11.3558,11.4329,11.5113,11.5909,11.6719,11.7541,11.8375,11.9221,12.0078,12.0945,12.1822,12.2707,12.3601,12.4501,12.5408,12.5658,12.6593
45111.8333333,0.3851,0.8861,1.1799,1.1294,1.9628,1.5146,1.3599,0.6717,1.3303,1.3891,1.2567,1.1233,0.7287,1.0677,0.9733,0.9986,1.2894,1.1885,0.8578,0.6004,1.4107,0.5855,0.5553,0.9164,0.9681,2.0021,0.9297,0.3431,1.1567,0.3763,0.7377,0.4906,0.6354,0.9834,0.9625,0.8243,1.3034,1.3383,0.4710,1.7595,1.5413,1.6205,0.9354,1.2520,2.6471,1.2974,1.0070,1.1206,0.6140,0.8569,1.3122,1.2169,1.3857,1.5016,0.5750,0.5791,0.6976,1.0810,1.9267,1.4786,1.5467,1.1715,0.5160,0.4653,0.7151,0.6252,1.0223,0.9857,-0.3646,0.1687,0.8973,0.8777,0.7271,0.1859,0.9656,1.2821,1.0377,1.2355,0.8616,1.3684,2.8994,2.5409,1.9350,1.4516,1.1546,1.1947,1.8622,1.3933,1.6222,1.3938,1.5283,1.9290,2.1529,1.5817,0.7842,1.0430,1.2567,1.9225,1.4965,1.2718,1.3976,1.6395,1.1988,1.2721,1.8683,2.3883,1.9656,1.8628,0.8969,1.7279,1.0053,0.4370,1.3016,1.0873,1.2869,1.0950,0.8262,1.4631,1.1918,1.2253,0.2400,1.1666,0.6537,1.1421,0.9186,1.1932,1.2531,1.7311,1.0504,0.3715,0.6913,0.6189,0.7004,0.8344,1.2213,0.8336,0.8349,1.2173,0.8667,0.7192,0.4606,1.0974,0.7690,0.8779,1.2149,0.3078,0.5090,1.5574,0.9966,0.7529,0.7030,0.2399,0.4465,0.3131,0.7216,1.4207,1.6291,1.5425,1.3989,0.8323,2.1164,1.5858,1.6857,1.9989,2.3804,1.5870,1.8424,1.1007,0.9833,0.8665,0.2114,0.5096,0.5731,1.1283,1.0982,1.4980,1.0303,1.1264,0.9368,2.2065,1.8099,1.3538,1.2032,1.5163,1.1991,1.5797,1.4413,1.4528,1.4641,1.4754,1.4869,1.4935,1.5049,1.5164,1.5281,1.5399,1.5518,1.5639,1.5762,1.5887,1.6014,1.6143,1.6275,1.6409,1.6546,1.6685,1.6826,1.6971,1.7118,1.7268,1.7421,1.7577,1.7736,1.7898,1.8063,1.8231,1.8402,1.8577,1.8754,1.8935,1.9119,1.9306,1.9496,1.9690,1.9886,2.0085,2.0286,2.0491,2.0697,2.0906,2.1117,2.1330,2.1544,2.1760,2.1819,2.2042
45111.8750000,0.0000,0.0000,0.0000,0.0000,0.0000,0.0000,0.0000,0.0000,0.0000,0.0000,0.0000,0.0000,0.0000,0.0000,0.0000,0.0000,0.0000,0.0000,0.0000,0.0000,0.0000,0.0000,0.0000,0.0000,0.0000,0.0000,0.0000,0.0000,0.0000,0.0000,0.0000,0.0000,0.0000,0.0000,0.0000,0.0000,0.0000,0.0000,0.0000,0.0000,0.0000,0.0000,0.0000,0.0000,0.0000,0.0000,0.0000,0.0000,0.0000,0.0000,0.0000,0.0000,0.0000,0.0000,0.0000,0.0000,0.0000,0.0000,0.0000,0.0000,0.0000,0.0000,0.0000,0.0000,0.0000,0.0000,0.0000,0.0000,0.0000,0.0000,0.0000,0.0000,0.0000,0.0000,0.0000,0.0000,0.0000,0.0000,0.0000,0.0000,0.0000,0.0000,0.0000,0.0000,0.0000,0.0000,0.0000,0.0000,0.0000,0.0000,0.0000,0.0000,0.0000,0.0000,0.0000,0.0000,0.0000,0.0000,0.0000,0.0000,0.0000,0.0000,0.0000,0.0000,0.0000,0.0000,0.0000,0.0000,0.0000,0.0000,0.0000,0.0000,0.0000,0.0000,0.0000,0.0000,0.0000,0.0000,0.0000,0.0000,0.0000,0.0000,0.0000,0.0000,0.0000,0.0000,0.0000,0.0000,0.0000,0.0000,0.0000,0.0000,0.0000,0.0000,0.0000,0.0000,0.0000,0.0000,0.0000,0.0000,0.0000,0.0000,0.0000,0.0000,0.0000,0.0000,0.0000,0.0000,0.0000,0.0000,0.0000,0.0000,0.0000,0.0000,0.0000,0.0000,0.0000,0.0000,0.0000,0.0000,0.0000,0.0000,0.0000,0.0000,0.0000,0.0000,0.0000,0.0000,0.0000,0.0000,0.0000,0.0000,0.0000,0.0000,0.0000,0.0000,0.0000,0.0000,0.0000,0.0000,0.0000,0.0000,0.0000,0.0000,0.0000,0.0000,0.0000,0.0000,0.0000,0.0000,0.0000,0.0000,0.0000,0.0000,0.0000,0.0000,0.0000,0.0000,0.0000,0.0000,0.0000,0.0000,0.0000,0.0000,0.0000,0.0000,0.0000,0.0000,0.0000,0.0000,0.0000,0.0000,0.0000,0.0000,0.0000,0.0000,0.0000,0.0000,0.0000,0.0000,0.0000,0.0000,0.0000,0.0000,0.0000,0.0000,0.0000,0.0000,0.0000,0.0000,0.0000,0.0000,0.0000,0.0000,0.0000,0.0000
45111.9166667,0.0000,0.0000,0.0000,0.0000,0.0000,0.0000,0.0000,0.0000,0.0000,0.0000,0.0000,0.0000,0.0000,0.0000,0.0000,0.0000,0.0000,0.0000,0.0000,0.0000,0.0000,0.0000,0.0000,0.0000,0.0000,0.0000,0.0000,0.0000,0.0000,0.0000,0.0000,0.0000,0.0000,0.0000,0.0000,0.0000,0.0000,0.0000,0.0000,0.0000,0.0000,0.0000,0.0000,0.0000,0.0000,0.0000,0.0000,0.0000,0.0000,0.0000,0.0000,0.0000,0.0000,0.0000,0.0000,0.0000,0.0000,0.0000,0.0000,0.0000,0.0000,0.0000,0.0000,0.0000,0.0000,0.0000,0.0000,0.0000,0.0000,0.0000,0.0000,0.0000,0.0000,0.0000,0.0000,0.0000,0.0000,0.0000,0.0000,0.0000,0.0000,0.0000,0.0000,0.0000,0.0000,0.0000,0.0000,0.0000,0.0000,0.0000,0.0000,0.0000,0.0000,0.0000,0.0000,0.0000,0.0000,0.0000,0.0000,0.0000,0.0000,0.0000,0.0000,0.0000,0.0000,0.0000,0.0000,0.0000,0.0000,0.0000,0.0000,0.0000,0.0000,0.0000,0.0000,0.0000,0.0000,0.0000,0.0000,0.0000,0.0000,0.0000,0.0000,0.0000,0.0000,0.0000,0.0000,0.0000,0.0000,0.0000,0.0000,0.0000,0.0000,0.0000,0.0000,0.0000,0.0000,0.0000,0.0000,0.0000,0.0000,0.0000,0.0000,0.0000,0.0000,0.0000,0.0000,0.0000,0.0000,0.0000,0.0000,0.0000,0.0000,0.0000,0.0000,0.0000,0.0000,0.0000,0.0000,0.0000,0.0000,0.0000,0.0000,0.0000,0.0000,0.0000,0.0000,0.0000,0.0000,0.0000,0.0000,0.0000,0.0000,0.0000,0.0000,0.0000,0.0000,0.0000,0.0000,0.0000,0.0000,0.0000,0.0000,0.0000,0.0000,0.0000,0.0000,0.0000,0.0000,0.0000,0.0000,0.0000,0.0000,0.0000,0.0000,0.0000,0.0000,0.0000,0.0000,0.0000,0.0000,0.0000,0.0000,0.0000,0.0000,0.0000,0.0000,0.0000,0.0000,0.0000,0.0000,0.0000,0.0000,0.0000,0.0000,0.0000,0.0000,0.0000,0.0000,0.0000,0.0000,0.0000,0.0000,0.0000,0.0000,0.0000,0.0000,0.0000,0.0000,0.0000,0.0000,0.0000,0.0000,0.0000,0.0000,0.0000
45111.9583333,0.0000,0.0000,0.0000,0.0000,0.0000,0.0000,0.0000,0.0000,0.0000,0.0000,0.0000,0.0000,0.0000,0.0000,0.0000,0.0000,0.0000,0.0000,0.0000,0.0000,0.0000,0.0000,0.0000,0.0000,0.0000,0.0000,0.0000,0.0000,0.0000,0.0000,0.0000,0.0000,0.0000,0.0000,0.0000,0.0000,0.0000,0.0000,0.0000,0.0000,0.0000,0.0000,0.0000,0.0000,0.0000,0.0000,0.0000,0.0000,0.0000,0.0000,0.0000,0.0000,0.0000,0.0000,0.0000,0.0000,0.0000,0.0000,0.0000,0.0000,0.0000,0.0000,0.0000,0.0000,0.0000,0.0000,0.0000,0.0000,0.0000,0.0000,0.0000,0.0000,0.0000,0.0000,0.0000,0.0000,0.0000,0.0000,0.0000,0.0000,0.0000,0.0000,0.0000,0.0000,0.0000,0.0000,0.0000,0.0000,0.0000,0.0000,0.0000,0.0000,0.0000,0.0000,0.0000,0.0000,0.0000,0.0000,0.0000,0.0000,0.0000,0.0000,0.0000,0.0000,0.0000,0.0000,0.0000,0.0000,0.0000,0.0000,0.0000,0.0000,0.0000,0.0000,0.0000,0.0000,0.0000,0.0000,0.0000,0.0000,0.0000,0.0000,0.0000,0.0000,0.0000,0.0000,0.0000,0.0000,0.0000,0.0000,0.0000,0.0000,0.0000,0.0000,0.0000,0.0000,0.0000,0.0000,0.0000,0.0000,0.0000,0.0000,0.0000,0.0000,0.0000,0.0000,0.0000,0.0000,0.0000,0.0000,0.0000,0.0000,0.0000,0.0000,0.0000,0.0000,0.0000,0.0000,0.0000,0.0000,0.0000,0.0000,0.0000,0.0000,0.0000,0.0000,0.0000,0.0000,0.0000,0.0000,0.0000,0.0000,0.0000,0.0000,0.0000,0.0000,0.0000,0.0000,0.0000,0.0000,0.0000,0.0000,0.0000,0.0000,0.0000,0.0000,0.0000,0.0000,0.0000,0.0000,0.0000,0.0000,0.0000,0.0000,0.0000,0.0000,0.0000,0.0000,0.0000,0.0000,0.0000,0.0000,0.0000,0.0000,0.0000,0.0000,0.0000,0.0000,0.0000,0.0000,0.0000,0.0000,0.0000,0.0000,0.0000,0.0000,0.0000,0.0000,0.0000,0.0000,0.0000,0.0000,0.0000,0.0000,0.0000,0.0000,0.0000,0.0000,0.0000,0.0000,0.0000,0.0000,0.0000,0.0000,0.0000,0.0000
45112.0000000,0.0000,0.0000,0.0000,0.0000,0.0000,0.0000,0.0000,0.0000,0.0000,0.0000,0.0000,0.0000,0.0000,0.0000,0.0000,0.0000,0.0000,0.0000,0.0000,0.0000,0.0000,0.0000,0.0000,0.0000,0.0000,0.0000,0.0000,0.0000,0.0000,0.0000,0.0000,0.0000,0.0000,0.0000,0.0000,0.0000,0.0000,0.0000,0.0000,0.0000,0.0000,0.0000,0.0000,0.0000,0.0000,0.0000,0.0000,0.0000,0.0000,0.0000,0.0000,0.0000,0.0000,0.0000,0.0000,0.0000,0.0000,0.0000,0.0000,0.0000,0.0000,0.0000,0.0000,0.0000,0.0000,0.0000,0.0000,0.0000,0.0000,0.0000,0.0000,0.0000,0.0000,0.0000,0.0000,0.0000,0.0000,0.0000,0.0000,0.0000,0.0000,0.0000,0.0000,0.0000,0.0000,0.0000,0.0000,0.0000,0.0000,0.0000,0.0000,0.0000,0.0000,0.0000,0.0000,0.0000,0.0000,0.0000,0.0000,0.0000,0.0000,0.0000,0.0000,0.0000,0.0000,0.0000,0.0000,0.0000,0.0000,0.0000,0.0000,0.0000,0.0000,0.0000,0.0000,0.0000,0.0000,0.0000,0.0000,0.0000,0.0000,0.0000,0.0000,0.0000,0.0000,0.0000,0.0000,0.0000,0.0000,0.0000,0.0000,0.0000,0.0000,0.0000,0.0000,0.0000,0.0000,0.0000,0.0000,0.0000,0.0000,0.0000,0.0000,0.0000,0.0000,0.0000,0.0000,0.0000,0.0000,0.0000,0.0000,0.0000,0.0000,0.0000,0.0000,0.0000,0.0000,0.0000,0.0000,0.0000,0.0000,0.0000,0.0000,0.0000,0.0000,0.0000,0.0000,0.0000,0.0000,0.0000,0.0000,0.0000,0.0000,0.0000,0.0000,0.0000,0.0000,0.0000,0.0000,0.0000,0.0000,0.0000,0.0000,0.0000,0.0000,0.0000,0.0000,0.0000,0.0000,0.0000,0.0000,0.0000,0.0000,0.0000,0.0000,0.0000,0.0000,0.0000,0.0000,0.0000,0.0000,0.0000,0.0000,0.0000,0.0000,0.0000,0.0000,0.0000,0.0000,0.0000,0.0000,0.0000,0.0000,0.0000,0.0000,0.0000,0.0000,0.0000,0.0000,0.0000,0.0000,0.0000,0.0000,0.0000,0.0000,0.0000,0.0000,0.0000,0.0000,0.0000,0.0000,0.0000,0.0000,0.0000,0.0000,0.0000
45112.0416667,0.0000,0.0000,0.0000,0.0000,0.0000,0.0000,0.0000,0.0000,0.0000,0.0000,0.0000,0.0000,0.0000,0.0000,0.0000,0.0000,0.0000,0.0000,0.0000,0.0000,0.0000,0.0000,0.0000,0.0000,0.0000,0.0000,0.0000,0.0000,0.0000,0.0000,0.0000,0.0000,0.0000,0.0000,0.0000,0.0000,0.0000,0.0000,0.0000,0.0000,0.0000,0.0000,0.0000,0.0000,0.0000,0.0000,0.0000,0.0000,0.0000,0.0000,0.0000,0.0000,0.0000,0.0000,0.0000,0.0000,0.0000,0.0000,0.0000,0.0000,0.0000,0.0000,0.0000,0.0000,0.0000,0.0000,0.0000,0.0000,0.0000,0.0000,0.0000,0.0000,0.0000,0.0000,0.0000,0.0000,0.0000,0.0000,0.0000,0.0000,0.0000,0.0000,0.0000,0.0000,0.0000,0.0000,0.0000,0.0000,0.0000,0.0000,0.0000,0.0000,0.0000,0.0000,0.0000,0.0000,0.0000,0.0000,0.0000,0.0000,0.0000,0.0000,0.0000,0.0000,0.0000,0.0000,0.0000,0.0000,0.0000,0.0000,0.0000,0.0000,0.0000,0.0000,0.0000,0.0000,0.0000,0.0000,0.0000,0.0000,0.0000,0.0000,0.0000,0.0000,0.0000,0.0000,0.0000,0.0000,0.0000,0.0000,0.0000,0.0000,0.0000,0.0000,0.0000,0.0000,0.0000,0.0000,0.0000,0.0000,0.0000,0.0000,0.0000,0.0000,0.0000,0.0000,0.0000,0.0000,0.0000,0.0000,0.0000,0.0000,0.0000,0.0000,0.0000,0.0000,0.0000,0.0000,0.0000,0.0000,0.0000,0.0000,0.0000,0.0000,0.0000,0.0000,0.0000,0.0000,0.0000,0.0000,0.0000,0.0000,0.0000,0.0000,0.0000,0.0000,0.0000,0.0000,0.0000,0.0000,0.0000,0.0000,0.0000,0.0000,0.0000,0.0000,0.0000,0.0000,0.0000,0.0000,0.0000,0.0000,0.0000,0.0000,0.0000,0.0000,0.0000,0.0000,0.0000,0.0000,0.0000,0.0000,0.0000,0.0000,0.0000,0.0000,0.0000,0.0000,0.0000,0.0000,0.0000,0.0000,0.0000,0.0000,0.0000,0.0000,0.0000,0.0000,0.0000,0.0000,0.0000,0.0000,0.0000,0.0000,0.0000,0.0000,0.0000,0.0000,0.0000,0.0000,0.0000,0.0000,0.0000,0.0000,0.0000,0.0000
45112.0833333,0.0000,0.0000,0.0000,0.0000,0.0000,0.0000,0.0000,0.0000,0.0000,0.0000,0.0000,0.0000,0.0000,0.0000,0.0000,0.0000,0.0000,0.0000,0.0000,0.0000,0.0000,0.0000,0.0000,0.0000,0.0000,0.0000,0.0000,0.0000,0.0000,0.0000,0.0000,0.0000,0.0000,0.0000,0.0000,0.0000,0.0000,0.0000,0.0000,0.0000,0.0000,0.0000,0.0000,0.0000,0.0000,0.0000,0.0000,0.0000,0.0000,0.0000,0.0000,0.0000,0.0000,0.0000,0.0000,0.0000,0.0000,0.0000,0.0000,0.0000,0.0000,0.0000,0.0000,0.0000,0.0000,0.0000,0.0000,0.0000,0.0000,0.0000,0.0000,0.0000,0.0000,0.0000,0.0000,0.0000,0.0000,0.0000,0.0000,0.0000,0.0000,0.0000,0.0000,0.0000,0.0000,0.0000,0.0000,0.0000,0.0000,0.0000,0.0000,0.0000,0.0000,0.0000,0.0000,0.0000,0.0000,0.0000,0.0000,0.0000,0.0000,0.0000,0.0000,0.0000,0.0000,0.0000,0.0000,0.0000,0.0000,0.0000,0.0000,0.0000,0.0000,0.0000,0.0000,0.0000,0.0000,0.0000,0.0000,0.0000,0.0000,0.0000,0.0000,0.0000,0.0000,0.0000,0.0000,0.0000,0.0000,0.0000,0.0000,0.0000,0.0000,0.0000,0.0000,0.0000,0.0000,0.0000,0.0000,0.0000,0.0000,0.0000,0.0000,0.0000,0.0000,0.0000,0.0000,0.0000,0.0000,0.0000,0.0000,0.0000,0.0000,0.0000,0.0000,0.0000,0.0000,0.0000,0.0000,0.0000,0.0000,0.0000,0.0000,0.0000,0.0000,0.0000,0.0000,0.0000,0.0000,0.0000,0.0000,0.0000,0.0000,0.0000,0.0000,0.0000,0.0000,0.0000,0.0000,0.0000,0.0000,0.0000,0.0000,0.0000,0.0000,0.0000,0.0000,0.0000,0.0000,0.0000,0.0000,0.0000,0.0000,0.0000,0.0000,0.0000,0.0000,0.0000,0.0000,0.0000,0.0000,0.0000,0.0000,0.0000,0.0000,0.0000,0.0000,0.0000,0.0000,0.0000,0.0000,0.0000,0.0000,0.0000,0.0000,0.0000,0.0000,0.0000,0.0000,0.0000,0.0000,0.0000,0.0000,0.0000,0.0000,0.0000,0.0000,0.0000,0.0000,0.0000,0.0000,0.0000,0.0000,0.0000,0.0000,0.0000
45112.1250000,0.0000,0.0000,0.0000,0.0000,0.0000,0.0000,0.0000,0.0000,0.0000,0.0000,0.0000,0.0000,0.0000,0.0000,0.0000,0.0000,0.0000,0.0000,0.0000,0.0000,0.0000,0.0000,0.0000,0.0000,0.0000,0.0000,0.0000,0.0000,0.0000,0.0000,0.0000,0.0000,0.0000,0.0000,0.0000,0.0000,0.0000,0.0000,0.0000,0.0000,0.0000,0.0000,0.0000,0.0000,0.0000,0.0000,0.0000,0.0000,0.0000,0.0000,0.0000,0.0000,0.0000,0.0000,0.0000,0.0000,0.0000,0.0000,0.0000,0.0000,0.0000,0.0000,0.0000,0.0000,0.0000,0.0000,0.0000,0.0000,0.0000,0.0000,0.0000,0.0000,0.0000,0.0000,0.0000,0.0000,0.0000,0.0000,0.0000,0.0000,0.0000,0.0000,0.0000,0.0000,0.0000,0.0000,0.0000,0.0000,0.0000,0.0000,0.0000,0.0000,0.0000,0.0000,0.0000,0.0000,0.0000,0.0000,0.0000,0.0000,0.0000,0.0000,0.0000,0.0000,0.0000,0.0000,0.0000,0.0000,0.0000,0.0000,0.0000,0.0000,0.0000,0.0000,0.0000,0.0000,0.0000,0.0000,0.0000,0.0000,0.0000,0.0000,0.0000,0.0000,0.0000,0.0000,0.0000,0.0000,0.0000,0.0000,0.0000,0.0000,0.0000,0.0000,0.0000,0.0000,0.0000,0.0000,0.0000,0.0000,0.0000,0.0000,0.0000,0.0000,0.0000,0.0000,0.0000,0.0000,0.0000,0.0000,0.0000,0.0000,0.0000,0.0000,0.0000,0.0000,0.0000,0.0000,0.0000,0.0000,0.0000,0.0000,0.0000,0.0000,0.0000,0.0000,0.0000,0.0000,0.0000,0.0000,0.0000,0.0000,0.0000,0.0000,0.0000,0.0000,0.0000,0.0000,0.0000,0.0000,0.0000,0.0000,0.0000,0.0000,0.0000,0.0000,0.0000,0.0000,0.0000,0.0000,0.0000,0.0000,0.0000,0.0000,0.0000,0.0000,0.0000,0.0000,0.0000,0.0000,0.0000,0.0000,0.0000,0.0000,0.0000,0.0000,0.0000,0.0000,0.0000,0.0000,0.0000,0.0000,0.0000,0.0000,0.0000,0.0000,0.0000,0.0000,0.0000,0.0000,0.0000,0.0000,0.0000,0.0000,0.0000,0.0000,0.0000,0.0000,0.0000,0.0000,0.0000,0.0000,0.0000,0.0000,0.0000,0.0000
45112.1666667,0.0000,0.0000,0.0000,0.0000,0.0000,0.0000,0.0000,0.0000,0.0000,0.0000,0.0000,0.0000,0.0000,0.0000,0.0000,0.0000,0.0000,0.0000,0.0000,0.0000,0.0000,0.0000,0.0000,0.0000,0.0000,0.0000,0.0000,0.0000,0.0000,0.0000,0.0000,0.0000,0.0000,0.0000,0.0000,0.0000,0.0000,0.0000,0.0000,0.0000,0.0000,0.0000,0.0000,0.0000,0.0000,0.0000,0.0000,0.0000,0.0000,0.0000,0.0000,0.0000,0.0000,0.0000,0.0000,0.0000,0.0000,0.0000,0.0000,0.0000,0.0000,0.0000,0.0000,0.0000,0.0000,0.0000,0.0000,0.0000,0.0000,0.0000,0.0000,0.0000,0.0000,0.0000,0.0000,0.0000,0.0000,0.0000,0.0000,0.0000,0.0000,0.0000,0.0000,0.0000,0.0000,0.0000,0.0000,0.0000,0.0000,0.0000,0.0000,0.0000,0.0000,0.0000,0.0000,0.0000,0.0000,0.0000,0.0000,0.0000,0.0000,0.0000,0.0000,0.0000,0.0000,0.0000,0.0000,0.0000,0.0000,0.0000,0.0000,0.0000,0.0000,0.0000,0.0000,0.0000,0.0000,0.0000,0.0000,0.0000,0.0000,0.0000,0.0000,0.0000,0.0000,0.0000,0.0000,0.0000,0.0000,0.0000,0.0000,0.0000,0.0000,0.0000,0.0000,0.0000,0.0000,0.0000,0.0000,0.0000,0.0000,0.0000,0.0000,0.0000,0.0000,0.0000,0.0000,0.0000,0.0000,0.0000,0.0000,0.0000,0.0000,0.0000,0.0000,0.0000,0.0000,0.0000,0.0000,0.0000,0.0000,0.0000,0.0000,0.0000,0.0000,0.0000,0.0000,0.0000,0.0000,0.0000,0.0000,0.0000,0.0000,0.0000,0.0000,0.0000,0.0000,0.0000,0.0000,0.0000,0.0000,0.0000,0.0000,0.0000,0.0000,0.0000,0.0000,0.0000,0.0000,0.0000,0.0000,0.0000,0.0000,0.0000,0.0000,0.0000,0.0000,0.0000,0.0000,0.0000,0.0000,0.0000,0.0000,0.0000,0.0000,0.0000,0.0000,0.0000,0.0000,0.0000,0.0000,0.0000,0.0000,0.0000,0.0000,0.0000,0.0000,0.0000,0.0000,0.0000,0.0000,0.0000,0.0000,0.0000,0.0000,0.0000,0.0000,0.0000,0.0000,0.0000,0.0000,0.0000,0.0000,0.0000,0.0000,0.0000
45112.2083333,0.0000,0.0000,0.0000,0.0000,0.0000,0.0000,0.0000,0.0000,0.0000,0.0000,0.0000,0.0000,0.0000,0.0000,0.0000,0.0000,0.0000,0.0000,0.0000,0.0000,0.0000,0.0000,0.0000,0.0000,0.0000,0.0000,0.0000,0.0000,0.0000,0.0000,0.0000,0.0000,0.0000,0.0000,0.0000,0.0000,0.0000,0.0000,0.0000,0.0000,0.0000,0.0000,0.0000,0.0000,0.0000,0.0000,0.0000,0.0000,0.0000,0.0000,0.0000,0.0000,0.0000,0.0000,0.0000,0.0000,0.0000,0.0000,0.0000,0.0000,0.0000,0.0000,0.0000,0.0000,0.0000,0.0000,0.0000,0.0000,0.0000,0.0000,0.0000,0.0000,0.0000,0.0000,0.0000,0.0000,0.0000,0.0000,0.0000,0.0000,0.0000,0.0000,0.0000,0.0000,0.0000,0.0000,0.0000,0.0000,0.0000,0.0000,0.0000,0.0000,0.0000,0.0000,0.0000,0.0000,0.0000,0.0000,0.0000,0.0000,0.0000,0.0000,0.0000,0.0000,0.0000,0.0000,0.0000,0.0000,0.0000,0.0000,0.0000,0.0000,0.0000,0.0000,0.0000,0.0000,0.0000,0.0000,0.0000,0.0000,0.0000,0.0000,0.0000,0.0000,0.0000,0.0000,0.0000,0.0000,0.0000,0.0000,0.0000,0.0000,0.0000,0.0000,0.0000,0.0000,0.0000,0.0000,0.0000,0.0000,0.0000,0.0000,0.0000,0.0000,0.0000,0.0000,0.0000,0.0000,0.0000,0.0000,0.0000,0.0000,0.0000,0.0000,0.0000,0.0000,0.0000,0.0000,0.0000,0.0000,0.0000,0.0000,0.0000,0.0000,0.0000,0.0000,0.0000,0.0000,0.0000,0.0000,0.0000,0.0000,0.0000,0.0000,0.0000,0.0000,0.0000,0.0000,0.0000,0.0000,0.0000,0.0000,0.0000,0.0000,0.0000,0.0000,0.0000,0.0000,0.0000,0.0000,0.0000,0.0000,0.0000,0.0000,0.0000,0.0000,0.0000,0.0000,0.0000,0.0000,0.0000,0.0000,0.0000,0.0000,0.0000,0.0000,0.0000,0.0000,0.0000,0.0000,0.0000,0.0000,0.0000,0.0000,0.0000,0.0000,0.0000,0.0000,0.0000,0.0000,0.0000,0.0000,0.0000,0.0000,0.0000,0.0000,0.0000,0.0000,0.0000,0.0000,0.0000,0.0000,0.0000,0.0000,0.0000,0.0000
45112.2500000,0.3494,0.8122,1.0753,1.0372,1.8145,1.3897,1.2459,0.6029,1.2095,1.2615,1.1401,1.0189,0.6428,0.9635,0.8806,0.8974,1.1641,1.0704,0.7605,0.5226,1.2870,0.5285,0.4906,0.8274,0.8736,1.8350,0.8436,0.3022,1.0438,0.3284,0.6625,0.4445,0.5740,0.8874,0.8740,0.7420,1.1872,1.2178,0.4211,1.6081,1.4110,1.4808,0.8544,1.1457,2.4452,1.1656,0.9041,1.0179,0.5372,0.7762,1.1953,1.1027,1.2573,1.3701,0.5098,0.5261,0.6311,0.9874,1.7703,1.3509,1.4112,1.0651,0.4696,0.4242,0.6472,0.5680,0.9271,0.8933,-0.3809,0.1321,0.8255,0.8162,0.6768,0.1581,0.9033,1.2020,0.9710,1.1632,0.8112,1.2918,2.7388,2.3984,1.7251,1.3672,1.0885,1.1243,1.7568,1.3136,1.5313,1.3133,1.4428,1.8226,2.0344,1.4935,0.7375,0.9834,1.1858,1.8156,1.4124,1.1982,1.3185,1.5486,1.1140,1.1843,1.7458,2.2338,1.8359,1.7380,0.8165,1.6427,0.9174,0.3898,1.2107,1.0091,1.1971,1.0172,0.7640,1.3640,1.1108,1.1405,0.2067,1.0827,0.6016,1.0139,0.8569,1.1103,1.1629,1.6170,0.9757,0.3373,0.6375,0.5681,0.6472,0.7757,1.1421,0.7736,0.7740,1.1336,0.8032,0.6645,0.4240,1.0169,0.7099,0.8117,1.1319,0.2785,0.4664,1.4598,0.9304,0.7021,0.6512,0.2106,0.4038,0.2873,0.6695,1.3307,1.5247,1.4234,1.3071,0.7624,1.9849,1.4822,1.4968,1.8718,2.2496,1.3936,1.6720,1.0230,0.9110,0.8003,0.1853,0.4614,0.5265,1.0469,1.0186,1.4009,0.9600,1.0512,0.8729,2.0752,1.7000,1.2694,1.1283,1.4258,1.1264,1.4842,1.3528,1.3640,1.3749,1.3859,1.3971,1.4036,1.4147,1.4259,1.4372,1.4486,1.4601,1.4718,1.4837,1.4957,1.5080,1.5204,1.5331,1.5459,1.5590,1.5724,1.5859,1.5997,1.6138,1.6281,1.6427,1.6575,1.6726,1.6880,1.7037,1.7196,1.7359,1.7524,1.7693,1.7864,1.8038,1.8215,1.8395,1.8577,1.8763,1.8950,1.9141,1.9334,1.9529,1.9726,1.9925,2.0125,2.0328,2.0531,2.0586,2.0796
45112.2916667,0.4384,1.0192,1.3493,1.3016,2.2771,1.7482,1.5636,0.7567,1.5210,1.5838,1.4322,1.2779,0.8076,1.2102,1.1051,1.1262,1.4756,1.3439,0.9547,0.6558,1.6152,0.6633,0.6157,1.0448,1.1029,2.3089,1.0590,0.3793,1.3127,0.4128,0.8320,0.5586,0.7489,1.1370,1.0971,0.9314,1.4934,1.5331,0.5417,2.0202,1.7712,1.8596,1.0726,1.4383,3.0697,1.4633,1.1350,1.2779,0.6743,0.9745,1.5046,1.3887,1.5869,1.7216,0.6399,0.6632,0.7920,1.2412,2.2232,1.6981,1.7757,1.3364,0.5888,0.5317,0.8602,0.7113,1.1592,1.1147,-0.4943,0.1470,1.0163,1.0111,0.8385,0.1762,1.1220,1.4899,1.2005,1.4489,1.0164,1.6096,3.4226,2.9910,2.1506,1.7766,1.3546,1.3962,2.1882,1.6350,1.9091,1.6341,1.7996,2.2759,2.5417,1.8652,0.9183,1.2284,1.4818,2.2734,1.7673,1.5036,1.6509,1.9390,1.3957,1.4938,2.1931,2.9704,2.4379,2.3298,1.0659,2.1205,1.1893,0.4881,1.5246,1.2682,1.5049,1.2924,0.9596,1.7133,1.3951,1.4336,0.2580,1.3665,0.7550,1.2716,1.0753,1.4060,1.4599,2.0322,1.2240,0.4227,0.8009,0.7152,0.8184,1.0697,1.4376,0.9824,0.9717,1.4715,1.0854,0.8338,0.5320,1.2807,0.8935,1.0189,1.4212,0.3493,0.5855,1.8334,1.1701,0.8835,0.8192,0.2640,0.5068,0.3633,0.8419,1.6719,1.9169,1.7877,1.6447,0.9570,2.4929,1.8614,1.9205,2.3529,2.8209,1.7527,2.1077,1.2872,1.1476,1.0176,0.2303,0.6011,0.6583,1.3124,1.2733,1.7760,1.2028,1.3145,1.0913,2.6000,2.1290,1.5872,1.4137,1.7874,1.4094,1.8561,1.6907,1.7045,1.7182,1.7319,1.7457,1.7540,1.7679,1.7820,1.7963,1.8107,1.8253,1.8402,1.8553,1.8690,1.8866,1.9026,1.9190,1.9357,1.9528,1.9702,1.9879,2.0061,2.0246,2.0548,2.0621,2.0818,2.1019,2.1225,2.1435,2.1650,2.1870,2.2095,2.2324,2.2451,2.2817,2.3064,2.3318,2.3577,2.3842,2.4113,2.4391,2.4675,2.4966,2.5264,2.6259,2.6513,2.6770,2.7028,2.7100,2.7366
45112.3333333,1.4938,3.4731,4.6467,4.4355,7.7600,6.0615,5.3289,2.5787,5.4388,5.5230,4.9856,4.4646,2.8144,4.1944,3.7663,3.8537,7.1560,4.6749,3.7863,2.2633,5.7596,2.3126,2.0985,4.1914,4.0252,7.9344,3.6925,1.2929,4.6717,1.5456,3.0756,2.1918,4.6065,4.9144,3.8564,3.1922,5.2653,5.7249,2.0308,7.2174,6.0386,6.4735,3.6570,4.9038,10.5665,5.2533,3.8699,4.3572,2.2991,3.5786,5.9110,5.4260,7.7348,6.2075,2.2420,2.7507,2.9767,4.5494,7.8547,5.9173,8.6916,4.6743,2.0075,1.8129,3.6864,2.4254,6.0103,4.3248,-3.4904,0.4762,3.6298,3.5458,3.2878,0.5504,3.9383,5.3787,4.0927,5.0260,3.5441,5.7749,11.7379,11.6900,7.4243,8.8533,4.5756,4.8786,7.5195,5.5126,6.4457,5.4981,6.5411,7.6881,9.3092,7.3889,3.2428,4.2213,5.0927,8.3030,6.0578,5.9614,5.5668,7.1674,4.8259,7.4167,8.3677,12.7243,10.4579,10.2686,4.3527,8.9368,4.7713,1.7802,5.4092,4.3654,5.7792,6.4425,3.3121,5.8552,5.0196,5.0788,0.8745,6.5239,2.5860,4.5606,3.6929,4.9696,5.2101,7.1829,4.4215,1.4633,2.8643,2.7416,4.1528,5.2161,4.9550,3.5091,3.3455,6.8819,4.9834,2.8699,1.8121,4.3791,3.0434,3.5354,4.9789,1.1890,2.1058,6.3415,4.0526,3.2027,2.8155,0.8986,1.7351,1.2913,2.9745,5.8132,6.8972,6.1405,5.8611,3.3150,12.0687,6.5752,8.0250,8.0378,9.9112,6.4487,7.3375,6.4415,5.3495,4.5983,0.7874,2.5398,2.3715,5.9904,4.5227,8.3155,4.1605,4.7191,3.7868,9.2542,7.3985,5.5149,4.8236,6.1429,4.8084,6.6882,5.8791,5.9322,5.9850,6.0383,6.0928,6.1284,6.1835,6.2398,6.2975,6.3558,6.4155,6.4766,6.5393,6.6035,6.6695,6.7373,6.8070,6.6791,6.9638,7.0406,7.1196,7.2011,7.2850,7.3716,7.4609,7.5530,7.6480,7.7461,7.8475,7.9521,8.0601,8.1718,8.2871,8.4063,8.5294,8.6567,8.7882,10.3293,10.4106,10.4932,10.5769,10.6617,10.7475,10.8343,10.9220,11.0105,11.0996,11.1893,11.2158,11.3082
45112.3750000,2.9104,6.7672,9.4855,8.6428,23.4548,13.8802,10.3850,8.3568,15.4352,12.6547,11.3520,10.3568,6.4548,8.5247,7.8892,8.3397,24.7177,10.5372,17.0121,4.4725,17.0647,5.2688,4.0903,10.8026,7.7755,22.4056,8.6959,2.5207,12.7649,6.0085,7.5461,10.2088,19.6348,21.8777,24.1083,19.9282,13.8653,12.4828,4.7817,33.3889,12.4922,18.8410,7.1318,10.1899,48.7883,23.4616,9.0124,8.4979,5.3021,7.6204,28.1035,24.9477,26.6619,30.3771,5.2998,14.9409,6.0431,14.2511,37.3302,13.4509,29.8994,10.7860,3.9156,3.5360,11.2064,4.7320,21.9686,20.9965,-14.0042,0.9010,17.5529,7.3569,14.2710,1.0289,10.8596,27.8425,8.9438,32.4783,7.8256,13.4147,56.7358,48.4957,16.7283,32.1707,8.8938,10.0039,16.1898,10.6995,12.5161,28.4338,34.8459,20.7204,27.6366,33.2709,9.2546,9.2971,11.3554,18.3031,13.4450,27.1096,11.4527,32.8833,10.8112,25.9664,34.6584,40.0072,33.0581,33.6553,13.1735,27.5799,13.9444,6.5577,11.2773,9.4837,25.7785,22.8190,7.2061,11.9040,14.6101,13.5345,1.6855,22.1271,5.5896,20.3980,8.1194,13.2110,22.0244,31.4385,21.0112,3.2968,8.1081,12.3058,15.2867,19.6857,13.8565,7.1856,7.1850,23.5458,17.6464,6.0443,3.8734,9.8762,16.3033,9.9872,12.4556,2.6615,10.5699,16.9010,23.8977,6.8029,15.7625,1.7855,3.4179,3.9071,6.1878,13.0174,31.3697,12.0847,16.0151,6.6630,40.6305,33.3535,33.0129,16.6792,33.7516,21.2600,17.6419,22.8349,17.9409,15.2339,2.0371,8.4790,4.8838,19.5330,18.3531,27.7638,8.8241,21.7781,8.4896,24.4271,34.4420,12.3374,9.8890,13.1986,10.3414,14.4795,13.2086,13.3801,13.5535,13.7308,13.9128,14.0611,14.2504,14.4451,14.6456,14.8508,15.0619,15.2795,15.5037,15.7350,15.9735,16.2195,16.4734,16.7355,17.0061,17.2855,17.5742,17.8723,18.1804,18.4987,18.8277,19.1678,19.5194,19.8829,20.2588,30.8152,30.9502,31.0879,31.2282,31.3712,31.5168,31.6650,31.8158,31.9692,32.1250,32.2833,32.4440,32.6069,32.7720,32.9391,33.1081,33.2788,33.4510,33.6247,33.6757,33.8551
45112.4166667,2.7169,6.3168,9.9549,9.2302,28.6127,12.5882,11.5057,5.4383,18.1328,11.4082,10.3665,9.3160,5.8494,8.7250,7.0308,8.0155,16.4135,9.5417,11.2666,4.2460,11.4120,5.3098,4.2197,7.8004,8.0072,24.8868,7.9034,3.6269,15.2918,3.9873,11.6184,6.1638,11.7470,14.0143,14.9931,12.5422,18.0261,11.8262,3.9188,22.1662,21.0975,13.0427,6.6527,8.9958,32.5730,15.8393,8.1493,8.8579,4.8227,7.6775,18.1015,16.2790,17.6784,19.8386,4.6104,8.8415,5.5400,16.9414,24.6223,12.1226,19.7749,9.6993,3.9959,3.7510,8.4655,7.7201,14.1960,13.6067,-7.6239,0.8869,11.6693,6.4330,9.0023,1.0219,7.5819,17.8696,8.2919,19.8808,7.2691,15.0838,37.2069,32.0526,15.0718,20.4976,8.2811,8.9116,13.5104,9.9887,23.1577,18.5239,22.0175,26.1821,27.7997,21.4584,11.3427,8.4489,10.2855,16.3358,12.1649,17.4354,11.3273,21.4512,9.7224,16.9040,23.0975,27.4500,22.6658,22.5910,9.4717,19.2111,10.1793,4.7671,10.0387,8.5997,16.8276,14.7600,6.3655,11.8629,16.6915,16.2378,1.5780,14.6953,5.0864,13.6376,6.8570,15.5476,15.0015,21.1490,13.8348,3.0209,9.5380,8.2347,9.9352,12.4827,17.9894,6.6487,6.6067,15.6884,11.6716,9.8743,3.6024,14.2263,10.6999,7.1010,16.0097,2.1928,7.1001,21.7557,15.0873,6.2460,10.2300,1.6761,3.3258,3.9914,5.6887,11.8041,20.8738,11.7598,19.0339,6.6697,26.9650,21.6288,21.5286,15.2708,23.7309,14.7734,16.5057,14.9620,12.2561,10.5676,1.7565,6.1156,4.5136,13.5170,12.8550,18.7094,8.1329,14.5684,7.6989,27.4387,22.9649,11.1611,16.8928,12.1523,9.5914,13.0716,11.9165,12.0485,12.1808,12.3150,12.4519,12.5556,12.6955,12.8386,12.9848,13.1333,13.2850,13.4403,13.5992,13.7620,13.9288,14.0996,14.2747,14.4542,20.0903,20.1914,20.2944,20.3994,20.5064,20.6155,20.7266,20.8399,20.9554,21.0731,21.1930,21.3153,21.4398,21.5666,21.6957,21.8272,21.9609,22.0969,22.2352,22.3756,22.5182,22.6629,22.8096,22.9582,23.1086,23.2606,23.4142,23.5692,23.7254,23.8827,23.9258,24.0881
45112.4583333,3.4678,8.6433,14.3092,31.1618,43.8586,17.9175,16.4948,7.8356,27.7942,29.5800,28.3135,13.3076,15.6560,23.0240,22.8283,11.3355,24.9638,13.4251,9.6814,5.7694,29.7956,7.1127,5.9190,9.2240,11.5240,37.2936,23.3413,5.3720,23.4450,4.4166,18.4274,8.7803,12.5362,13.4127,23.5400,19.7486,27.6891,27.6067,5.8433,33.3761,32.2287,18.2053,8.4928,11.7239,48.4723,23.9572,11.5542,15.4448,6.9496,8.2276,15.0642,24.9516,26.8293,17.0847,6.2217,7.3412,11.0032,26.5250,37.0700,29.9528,29.9283,13.8079,5.8854,5.2661,7.0269,8.4788,21.9739,21.0763,-5.5658,1.2836,10.1675,10.0215,8.4889,2.2677,10.9425,27.4777,21.6802,31.1011,10.5455,16.0619,55.6392,47.8983,37.4168,17.0928,10.5715,11.8869,37.3067,17.3983,35.5052,28.2386,33.8364,39.7308,41.7960,32.6876,9.1229,11.8283,14.5110,23.2477,17.0065,14.7803,27.1392,32.4668,23.8884,25.8125,34.5809,40.4088,33.5152,33.7093,14.1904,28.2804,15.0253,4.3866,26.2934,12.0261,25.5226,22.5645,8.8386,28.6637,25.5658,24.6583,2.1233,22.1513,14.0358,20.5324,24.4895,23.4847,22.3179,31.3740,20.9633,8.5401,14.7037,8.5685,6.8643,9.1673,16.8333,18.2472,17.7416,23.6422,9.8616,15.2403,11.8160,21.5574,16.5410,17.1597,24.2745,3.4000,11.1848,33.1225,11.3379,8.9096,7.8684,2.4463,8.3970,3.8401,8.1439,30.6309,31.3952,31.9979,15.9445,16.0275,40.3456,32.8742,18.7626,27.1069,33.2884,34.1537,35.5215,22.9273,18.6197,16.0813,2.3056,9.5568,6.2999,20.3375,19.2919,28.1070,11.1962,22.1627,10.8310,40.8805,20.4493,15.6137,13.9691,32.6532,14.3406,31.0415,28.0007,28.1077,28.2129,28.3184,28.4252,28.4873,28.5934,28.7009,28.8101,28.9195,29.0303,29.1429,29.2574,29.3738,29.4921,29.6126,29.7352,29.8599,29.9870,30.1164,30.2482,30.3825,30.5194,30.6589,30.8010,30.9459,31.0935,31.2439,31.3972,31.5533,31.7124,31.8744,32.0393,32.2072,32.3779,32.5515,32.7279,32.9071,33.0891,33.2736,33.4606,33.6500,33.8416,34.0353,34.2308,34.4281,34.6269,34.8269,34.8812,35.0874
45112.5000000,3.8792,12.3526,34.2985,38.8633,53.9036,42.1438,39.1616,9.5478,34.2423,36.4534,35.0264,30.6807,19.5703,28.5149,28.4014,26.2835,30.6761,28.8152,21.6939,16.1769,36.6883,8.7584,7.1198,12.2069,27.3208,45.4215,29.1235,4.3040,28.9224,5.4633,23.1025,7.5741,13.7821,27.0493,29.3283,24.6699,34.1444,33.9872,7.2487,40.7593,39.6122,39.3244,11.9607,14.1851,58.7871,29.3778,25.7144,31.3825,16.5635,11.1879,34.2622,30.7627,32.9208,37.0499,7.4978,9.1027,9.5987,32.9809,45.2431,36.7854,36.6536,31.0651,6.0676,6.4321,9.0730,13.4987,27.2312,26.1355,-13.3219,2.7811,22.3418,27.6748,10.3940,3.2023,13.1660,33.9017,26.8304,38.6200,12.9076,19.4051,67.5945,58.2043,45.8303,38.7637,13.3736,15.6447,45.6385,20.5592,43.6880,34.7088,41.6873,48.6460,50.9573,40.1305,22.1947,29.3288,33.2599,53.2335,38.5157,32.9561,33.2875,39.7559,29.4177,31.7746,42.1284,48.8219,40.6163,41.0154,17.4396,34.2495,18.3395,9.4503,32.3173,27.0754,31.3424,27.8318,10.5115,35.0956,31.5245,30.3034,4.9732,27.1573,17.5061,25.1689,30.5165,28.7760,27.1603,38.0390,25.7058,10.7786,18.1968,15.6964,8.9870,11.1320,33.9325,22.4806,21.8150,28.7843,21.8915,18.7577,14.7703,26.2814,20.3517,20.9640,29.5920,9.3517,13.8808,40.4533,13.4743,10.7158,19.7847,5.6811,10.4468,4.7113,9.7057,37.5506,38.2078,39.1650,35.4899,19.7321,48.9885,40.2276,39.9173,46.8856,58.3376,42.0434,43.3355,28.2202,22.8717,19.7986,5.3893,11.9834,15.5402,24.8881,23.5940,34.3017,13.2410,27.2396,23.6105,49.6186,41.9666,33.7001,31.9738,40.1191,34.3071,37.9486,34.2556,34.3753,34.4931,34.6112,34.7308,34.8004,34.9191,35.0395,35.1617,35.2842,35.4083,35.5344,35.6626,35.7929,35.9255,36.0604,36.1977,36.3375,36.4799,36.6249,36.7726,36.9232,37.0766,37.2329,37.3922,37.5545,37.7200,37.8887,38.0605,38.2356,38.4139,38.5955,38.7803,38.9685,39.1599,39.3545,39.5523,39.7532,39.9571,40.1639,40.3735,40.5857,40.8005,41.0175,41.2367,41.4577,41.6804,41.9045,41.9656,42.1965
45112.5416667,10.8929,86.3215,78.6233,93.0326,120.4649,94.9547,89.2849,55.2462,75.4759,80.8909,79.3465,69.1503,44.4754,63.9201,65.4249,58.7579,65.8877,62.4378,48.1595,37.0493,81.0239,14.5863,43.5327,17.9246,62.3695,94.8031,19.9560,4.3574,63.3473,9.4394,15.9004,8.1388,15.6588,61.2567,68.3260,57.4153,75.6823,74.5350,12.8022,85.9881,86.9594,84.5511,21.4469,25.6906,120.9646,61.9935,56.9181,71.2353,37.8756,18.4685,75.8533,67.5099,70.4896,80.2566,11.3775,15.3192,15.0588,22.0538,95.7278,79.9145,78.1894,69.2711,14.8285,10.7866,13.6302,60.7715,61.0082,58.5438,-30.1671,6.3861,49.2041,65.1357,62.0868,7.2968,20.3737,75.3636,59.5269,26.7877,21.5121,29.0429,141.6319,121.3239,99.3657,86.2226,20.6596,73.3803,98.1376,84.3191,97.2335,75.5032,93.2474,105.6007,107.8733,87.5986,50.9345,66.6904,73.9609,119.2928,84.5958,72.8183,71.2673,85.3503,63.9197,69.3499,87.7767,96.9827,81.4654,84.6428,35.1580,67.6491,35.7508,20.6601,70.3568,59.2506,67.7787,61.3008,15.2905,75.2409,22.2594,65.9220,11.3222,57.9053,39.7475,53.5141,21.0337,62.0161,56.1405,78.3655,55.8050,25.4340,12.8738,34.9995,13.2022,16.8146,76.3478,50.4655,15.5724,61.2221,47.9825,41.6791,35.0282,56.1941,45.2916,44.8705,63.3655,21.9945,31.3073,88.2468,20.1791,17.0635,44.6701,12.4874,22.3658,7.9740,14.4774,82.3034,79.9637,85.0415,76.7194,41.9896,101.7946,86.9246,85.6900,98.0781,124.0418,94.3064,91.9785,61.4785,48.1163,41.4832,12.2973,25.8405,34.9859,51.2995,48.1403,71.4739,55.0881,58.2772,51.4570,102.0973,87.6930,72.6784,70.6707,88.2795,77.6431,80.5832,72.5410,72.6620,72.7808,72.8997,73.0199,73.0910,73.2098,73.3301,73.4519,73.5738,73.6971,73.8221,73.9491,74.0780,74.2090,74.3421,74.4774,74.6151,74.7552,74.8977,75.0429,75.1907,75.3412,75.4946,75.6508,75.8099,75.9721,76.1373,76.3056,76.4771,76.6517,76.8295,77.0105,77.1947,77.3820,77.5725,77.7661,77.9628,78.1624,78.3648,78.5700,78.7778,78.9880,79.2005,79.4150,79.6314,79.8494,80.0688,80.1292,80.3553
45112.5833333,9.5290,84.2420,76.7196,21.3513,117.7398,92.7321,87.1708,15.0393,73.6458,78.9519,77.4318,67.4395,43.2528,62.3144,63.7827,57.2551,64.2536,60.8694,46.8679,35.9732,79.0837,13.9781,42.3202,60.8592,60.7903,92.6114,13.2698,3.6724,61.7584,9.0261,15.2882,11.1219,15.0214,59.7014,66.6233,55.9307,73.8466,72.7250,12.1949,83.9650,84.9038,82.5498,20.6229,81.5822,118.2684,60.4404,55.4539,69.4812,36.7835,64.5077,74.0146,65.8384,68.7660,78.3375,10.3422,14.6720,13.9776,14.5147,93.5128,78.0013,76.3157,67.5607,13.8817,10.8998,9.1349,12.3295,59.4604,57.0449,-29.9061,5.9206,47.8935,63.4943,14.2970,6.8134,67.2132,73.5333,58.0106,25.3150,20.6554,115.4378,138.5223,118.6142,97.0698,84.1771,88.2207,71.5861,95.8690,82.3097,94.9697,73.6763,91.0608,103.1813,105.4196,85.5320,49.5816,65.0259,72.1580,116.5888,82.5863,71.0397,69.5281,83.3333,62.3212,67.6432,85.7225,94.7676,79.5471,82.6528,34.1365,66.0022,34.7217,19.9115,68.6283,57.7397,66.1021,59.7473,48.0326,73.4188,21.4850,21.2003,10.7517,56.4219,38.6103,52.1148,70.8033,60.4412,54.6850,76.4734,54.3383,7.1778,39.7089,10.8514,12.3803,11.1295,74.4400,49.0617,47.0877,59.5901,46.5953,40.4009,33.8634,18.4848,13.9073,43.4723,61.5909,4.4723,7.4230,85.9340,19.3265,16.3162,43.1661,11.5702,21.2109,7.5185,45.9962,79.9165,77.6079,82.5780,74.4324,40.3597,98.9922,84.4118,83.2022,95.3410,120.7934,91.6363,89.3493,19.5647,46.3296,39.8222,11.2058,24.5307,33.5258,49.5288,46.4546,69.3485,53.2927,56.4328,49.7586,99.4240,85.3066,70.5896,68.6287,85.9005,75.4751,78.3729,70.4962,70.6239,70.7495,70.8752,71.0019,71.0804,71.2057,71.3322,71.4600,71.5878,71.7168,71.8473,71.9794,72.1132,72.2488,72.3863,72.5258,72.6673,72.8109,72.9566,73.1047,73.2551,73.4080,73.5634,73.7213,73.8819,74.0452,74.2113,74.3802,74.5520,74.7267,74.9043,75.0849,75.2684,75.4549,75.6443,75.8365,76.0317,76.2296,76.4301,76.6333,76.8389,77.0468,77.2568,77.4688,77.6825,77.8978,78.1144,78.1744,78.3975
45112.6250000,8.4231,22.7869,22.3285,18.2602,131.8183,29.8467,97.7601,13.4654,81.4648,87.6426,86.4800,74.9851,47.6139,69.0410,17.8147,63.2447,70.2638,66.6683,51.3509,39.4138,87.6587,12.5271,9.3801,68.0417,14.7024,101.0409,10.8827,2.2047,29.3337,8.1668,13.6403,6.5814,13.5472,24.7208,27.4897,62.5162,24.1083,80.2959,11.2216,91.7849,94.0549,26.6796,45.3414,91.5155,128.8689,65.6036,61.0108,77.4783,40.3216,31.3946,81.9988,72.5500,75.2409,86.2775,8.7306,8.2611,12.1178,15.9777,102.5158,85.9812,83.5822,74.8731,12.7110,9.6029,6.8447,12.5577,16.1579,63.0493,-35.7210,5.0940,15.3236,14.5344,12.3309,6.0961,20.9740,20.4454,63.9503,22.2872,18.6881,132.1308,152.1719,129.8302,107.3441,93.6293,100.0988,79.6446,105.7104,91.6579,105.8689,81.1582,101.6023,114.2545,115.8065,94.5940,12.4574,18.5056,22.9638,130.6308,27.5245,78.5901,76.0948,91.6209,68.3667,30.5915,93.3493,101.6438,85.3479,89.6490,35.7316,70.1327,35.9140,20.7499,75.5081,19.0262,72.5089,17.7551,15.4694,80.4917,18.3817,17.9741,2.9795,61.3634,10.1032,17.5733,80.1256,66.0997,58.8094,82.8076,59.4154,7.0353,19.8219,17.3006,6.4602,12.6105,82.9623,54.0952,51.6885,64.9199,15.1109,11.5020,18.4823,15.5683,11.8949,47.0523,67.3275,3.5317,5.9026,95.1274,16.7912,14.4763,11.4142,11.4355,22.0915,16.4006,50.7470,25.8841,84.4680,91.0820,81.8021,43.3132,107.8884,36.6452,91.3669,104.0390,133.0129,102.2060,97.8335,16.6005,49.6196,42.2711,10.7788,25.4969,36.0742,52.6367,49.0301,74.7745,57.6790,60.9906,53.8538,107.6196,92.5274,77.0152,21.3817,94.8082,23.3756,85.2982,76.4369,76.5328,76.6276,76.7229,76.8193,76.8830,76.9791,77.0764,77.1749,77.2736,77.3734,77.4745,77.5769,77.6806,77.7858,77.8923,78.0003,78.1098,78.2208,78.3332,78.4473,78.5629,78.6802,78.7991,78.9197,79.0419,79.1659,79.2916,79.4190,79.5482,79.6792,79.8120,79.9465,80.0828,80.2208,80.3606,80.5020,80.6451,80.7897,80.9359,81.0836,81.2326,81.3829,81.5343,81.6867,81.8400,81.9941,82.1488,82.1956,82.3541
45112.6666667,3.5523,9.1974,16.3618,14.3158,74.6905,21.5539,20.2411,8.0253,46.2878,19.6473,16.1646,16.2855,10.0205,15.1650,13.1652,14.0628,17.2414,16.0227,11.5314,8.0667,14.8513,6.5029,7.0156,11.8711,9.4583,59.9247,9.5194,3.0774,13.1815,4.1771,21.2048,5.7904,7.5047,16.0579,19.6480,13.5237,46.3189,45.7755,11.9638,23.2468,18.7223,21.0798,14.8386,18.9694,77.4549,38.3164,13.9320,43.0813,8.1558,13.4629,17.4871,41.2595,43.5904,20.1714,11.9163,8.1158,9.3425,13.6674,60.2018,20.5019,20.8700,16.7752,12.4488,10.4619,34.0629,12.4960,36.7925,35.2271,-7.2161,1.2940,9.5822,38.6828,9.3450,1.5227,14.4629,46.0627,14.3709,16.3047,25.2307,71.1974,90.3808,77.2911,25.1023,20.6387,54.3174,17.2025,61.3758,51.6652,59.9869,19.2871,19.7667,65.9528,68.0803,54.2485,9.7721,13.8706,17.1996,28.2001,20.7584,17.7144,18.8494,53.1483,16.2444,42.5290,55.3701,62.5854,52.0415,53.5264,21.2656,43.1457,21.9740,4.9900,14.5475,14.2364,16.9990,18.0279,9.5498,19.6366,14.8593,14.9261,2.3184,35.4918,7.9574,32.6784,12.4088,37.9778,34.7592,49.3933,33.8491,6.6883,6.9314,20.2164,10.3974,13.0125,46.3815,29.9566,28.7854,37.5452,28.5967,24.4027,5.9515,34.1380,9.4104,26.7572,16.2098,2.6339,8.7737,54.3516,12.5855,8.1009,8.8086,3.0830,5.2454,7.0125,27.6273,50.2114,49.5660,16.8824,18.6542,24.5939,63.9594,53.4102,52.7451,61.3494,77.8013,19.2787,57.0222,16.0294,28.5982,24.2842,2.0697,13.9296,7.8697,30.8887,28.9216,43.9373,32.7516,34.9435,12.5069,64.2747,54.4819,44.1315,42.4406,53.7974,17.5063,49.5386,44.3654,44.4786,44.5904,44.7028,44.8168,44.8858,44.9996,45.1151,45.2326,45.3506,45.4703,45.5921,45.7160,45.8422,45.9706,46.1014,46.2347,46.3705,46.5088,46.6498,46.7935,46.9399,47.0891,47.2413,47.3963,47.5543,47.7153,47.8794,48.0465,48.2167,48.3900,48.5663,48.7458,48.9284,49.1140,49.3025,49.4941,49.6884,49.8856,50.0854,50.2878,50.4925,50.6995,50.9085,51.1194,51.3320,51.5459,51.7611,51.8276,52.0487
45112.7083333,3.0697,7.5704,9.9343,10.4534,17.5641,15.2796,14.1228,6.3158,20.3197,13.9432,11.7772,11.4214,7.0378,10.6909,13.3720,9.9249,12.4738,11.5339,8.2143,4.6780,11.8728,5.1636,5.0298,7.7030,7.6840,41.1417,9.2182,2.6587,10.0380,3.7894,7.0259,5.2784,6.6895,9.3473,11.2052,7.3912,17.3376,30.7589,9.1257,17.0221,14.0516,15.4669,10.0261,13.1541,53.6366,25.9375,9.9011,28.5853,5.1727,9.1199,12.6543,27.6404,29.4769,14.6237,5.2226,7.5412,8.4048,9.8677,26.6132,14.7192,15.1417,11.8451,6.9714,8.5797,13.2814,7.0825,24.3986,15.1109,-5.0106,0.9221,7.9167,11.0308,6.4858,1.0932,9.9869,14.2481,10.2262,12.5325,10.6012,46.8852,62.3659,53.3077,18.1541,14.6741,35.7632,12.1297,41.7653,34.6077,40.3650,13.8470,14.4956,44.8056,46.6389,17.6460,7.1757,9.9907,12.3425,19.9267,14.8987,12.6486,13.6596,36.0800,11.6984,18.4789,16.4980,43.6673,36.0755,36.7962,14.2727,29.9251,14.9412,3.6240,11.5251,10.3361,12.3639,14.1426,6.6877,14.2606,10.9387,10.8686,1.9290,23.8830,5.8363,21.9465,15.5720,25.5177,23.6026,33.8994,22.5977,3.3498,5.5488,13.0480,8.1678,8.2896,30.8956,19.6745,18.9349,25.2955,18.8815,8.5495,4.9968,10.0389,6.9238,17.7362,11.7479,2.2738,3.9107,16.6893,10.0216,6.3567,6.4150,2.1506,3.7920,3.3488,17.9584,16.6351,14.7606,12.4753,11.7914,16.2525,43.9472,18.0828,23.8243,42.0366,53.2660,13.6637,38.8380,14.9953,19.1183,16.1313,1.8601,8.8105,5.4986,14.6422,19.5380,29.9083,21.8220,23.4119,8.9856,44.3006,37.2422,29.7067,28.3123,36.1695,12.2827,33.6074,30.0313,30.1248,30.2169,30.3094,30.4031,30.4580,30.5513,30.6460,30.7422,30.8388,30.9367,31.0363,31.1377,31.2409,31.3461,31.4531,31.5622,31.6734,31.7868,31.9024,32.0203,32.1405,32.2632,32.3883,32.5160,32.6463,32.7792,32.9147,33.0530,33.1940,33.3378,33.4843,33.6337,33.7858,33.9407,34.0983,34.2586,34.4216,34.5872,34.7553,34.9258,35.0986,35.2736,35.4507,35.6296,35.8102,35.9923,36.1757,36.2318,36.4210
45112.7500000,2.3294,6.0093,7.7611,6.9182,12.6531,10.6701,9.8025,5.3175,9.2494,9.7814,8.6724,7.9267,4.2856,7.4621,6.8800,6.9408,8.7958,8.0750,5.4796,3.6803,9.7397,4.0022,3.2751,5.5741,5.8337,15.6944,5.6353,2.0187,7.3507,3.2379,6.5482,2.9699,5.8453,8.2905,11.0706,6.3651,8.2822,27.0986,3.7574,12.0934,10.2522,10.8856,6.9070,8.9523,47.3580,9.8276,6.9430,10.1866,3.7394,6.3101,8.8961,9.4801,25.7361,10.0930,3.4097,6.9224,4.9962,9.1237,13.8808,10.3734,10.7230,8.2838,7.2885,2.8331,7.9199,3.7923,21.3693,14.4741,-3.4742,0.7159,5.3938,5.5867,4.8108,0.7658,6.9355,7.8300,6.2685,10.7705,6.5193,17.0474,22.7096,19.9178,12.6710,10.3409,10.8836,8.3230,15.8257,12.3005,13.4909,9.7644,12.5947,19.4163,14.2840,11.2740,4.9583,8.5394,8.6536,13.8491,10.6220,8.8562,8.7277,31.8141,7.9177,17.9726,12.2210,37.9424,31.2022,32.1094,11.5718,25.5463,12.0437,2.5694,8.4602,7.3722,8.7973,12.3682,5.0894,9.8226,7.7497,8.3876,1.2077,7.9271,4.1085,8.3306,14.2584,9.8096,8.0853,29.4777,8.3214,2.5372,4.7225,3.7534,5.2659,7.6431,27.4504,17.0248,16.2887,21.8950,16.1781,5.3483,4.2641,8.0999,4.9154,15.0239,7.7211,1.7298,2.9608,9.9313,6.7352,6.1714,4.5465,1.2748,2.6992,2.1239,8.6892,9.9408,10.1266,10.1511,8.7107,6.4862,38.7286,17.5224,17.4399,16.6153,20.4609,10.2215,34.2772,10.0762,8.2864,13.4479,1.0830,3.6300,3.8340,10.5815,8.3609,25.9382,18.7818,20.1801,6.3432,18.0707,32.6296,11.0948,24.8986,13.3835,8.5697,13.5155,12.3509,12.6203,12.8998,13.1915,13.4966,13.7854,14.1172,14.4650,14.8294,15.2106,15.6102,26.9051,26.9806,27.0573,27.1355,27.2150,27.2961,27.3787,27.4628,27.5486,27.6360,27.7252,27.8161,27.9089,28.0035,28.1000,28.1984,28.2988,28.4012,28.5056,28.6120,28.7205,28.8311,28.9437,29.0583,29.1751,29.2938,29.4145,29.5371,29.6617,29.7880,29.9161,30.0458,30.1771,30.3098,30.4438,30.5790,30.7152,30.7551,30.8957
45112.7916667,1.1346,2.7370,3.5294,3.3689,5.8942,4.5348,4.0703,2.0801,4.0156,4.1200,3.7203,3.3197,2.0863,3.1300,2.8778,2.9296,3.7971,3.4805,2.4772,1.7165,4.2955,1.7171,1.5939,2.6885,2.8385,6.0015,2.7414,0.9820,3.4248,1.0672,2.3441,1.4446,1.8656,2.8839,2.8407,2.4116,3.8584,4.0670,1.4151,5.2484,4.5862,4.8249,2.7828,3.7303,8.0922,3.8108,2.9530,3.3588,1.7479,2.5405,3.8976,3.6202,4.2397,4.4804,1.6570,1.8277,2.0511,3.2090,5.8297,4.3889,4.5838,3.4588,1.5246,1.3768,2.1456,1.8420,4.1993,3.5825,-1.3078,0.3595,2.6164,2.6207,2.1435,0.4102,2.8542,3.8023,3.0441,3.6951,2.5729,4.1268,8.7607,7.6479,5.4861,4.3528,3.4554,3.5519,5.5911,4.1547,4.9261,4.1434,4.8712,5.8568,6.4897,4.7229,2.3158,3.0841,3.7437,5.8132,4.4842,3.7815,4.1454,6.6340,3.5332,3.8200,5.7058,9.0007,5.8307,5.5399,2.5249,5.0816,3.2717,1.1711,3.8887,3.2019,3.8135,3.7021,2.4262,4.3498,3.5540,3.7059,0.5833,3.4218,1.8790,3.2105,2.7271,3.6496,3.6753,5.1411,3.0964,1.0597,2.0440,1.7864,2.1527,2.6746,3.6339,2.4325,3.2967,4.7192,3.3611,2.0813,1.3147,3.3396,2.2384,3.2788,3.5850,0.8378,1.4339,4.6563,2.9816,2.2435,2.0397,0.5931,1.2143,0.9178,2.2841,4.3013,4.8503,4.6147,4.1836,2.3979,6.4882,4.7545,5.4317,6.0504,7.2475,4.5608,5.6123,3.5334,3.0949,3.1093,0.5199,1.4117,1.6381,3.4048,3.1956,5.7634,3.1031,3.3999,2.7430,6.6885,7.1234,4.0524,3.6459,4.5939,3.5919,4.7643,4.3305,4.3702,4.4099,4.4503,4.4863,4.5132,4.5549,4.5979,4.6421,4.6874,4.7340,4.7823,4.8323,4.8842,4.9381,4.9907,5.0485,5.1087,5.1714,5.2370,5.3056,5.3773,5.4526,5.5316,5.6145,5.7018,6.6310,6.6790,6.7280,6.7779,6.8287,6.8805,6.9333,6.9869,7.0416,7.0971,7.1536,7.2110,7.2692,7.3284,7.3883,7.4490,7.5104,7.5725,7.6353,7.6986,7.7624,7.8266,7.8443,7.9105
45112.8333333,0.7130,1.6578,2.1947,2.1171,3.7039,2.8369,2.5435,1.2308,2.4691,2.6038,2.3601,2.0778,1.3111,1.9669,1.7976,1.8320,2.3765,2.1853,1.5526,1.0668,2.6275,1.0791,1.0016,1.6895,1.7838,3.7472,1.7227,0.6171,2.1317,0.6707,1.3530,0.9078,1.1724,1.8123,1.7851,1.5155,2.4247,2.4872,0.8601,3.2845,2.8820,3.0248,1.7454,2.3404,4.9952,2.4002,1.8498,2.0834,1.0973,1.5895,2.4419,2.2527,2.5684,2.8024,1.0413,1.0746,1.2889,2.0166,3.6151,2.7580,2.8805,2.1735,0.9581,0.8652,1.3190,1.1575,1.8893,1.8206,-0.8135,0.2264,1.6352,1.6280,1.3469,0.2578,1.7936,2.3894,1.9129,2.3220,1.6168,2.5933,5.5051,4.8059,4.0055,2.7204,2.1713,2.2265,3.5040,2.6108,3.0543,2.5979,2.8739,3.6398,4.0628,2.9678,1.4366,1.9380,2.3439,3.6540,2.8076,2.3759,2.5990,3.0723,2.2170,2.3620,3.4974,4.4800,3.6639,3.4812,1.5866,3.1932,1.7769,0.7349,2.4253,2.0042,2.3898,2.0224,1.5096,2.7295,2.2175,2.2720,0.3669,2.1473,1.1787,2.2501,1.7208,2.2072,2.3018,3.2299,1.9327,0.6448,1.2486,1.1045,1.2708,1.5370,2.2835,1.5285,1.5264,2.2504,1.5824,1.3024,0.8261,2.0325,1.4072,1.5953,2.2524,0.5264,0.9010,2.9258,1.8528,1.3960,1.2803,0.3760,0.7615,0.5554,1.3183,2.6623,3.0459,2.9734,2.6128,1.5197,3.9886,2.9837,3.4599,3.7742,4.5270,3.3394,3.6653,2.0460,1.7947,1.5651,0.3274,0.8815,1.0250,2.0634,1.9993,2.7874,1.8946,2.0773,1.7167,4.1586,3.3951,2.5231,2.2417,2.8496,2.2443,2.9559,2.6848,2.7062,2.7272,2.7483,2.7697,2.7821,2.8033,2.8248,2.8466,2.8685,2.8906,2.9132,2.9361,2.9594,2.9830,3.0072,3.0317,3.0567,3.0821,3.1080,3.1345,3.1614,3.1888,3.2167,3.2452,3.2743,3.3039,3.3340,3.3648,3.3961,3.4280,3.4605,3.4936,3.5273,3.5615,3.5964,3.6318,3.6678,3.7043,3.7413,3.7789,3.8169,3.8554,3.8943,3.9336,3.9732,4.0131,4.0533,4.0643,4.1057
45112.8750000,0.0000,0.0000,0.0000,0.0000,0.0000,0.0000,0.0000,0.0000,0.0000,0.0000,0.0000,0.0000,0.0000,0.0000,0.0000,0.0000,0.0000,0.0000,0.0000,0.0000,0.0000,0.0000,0.0000,0.0000,0.0000,0.0000,0.0000,0.0000,0.0000,0.0000,0.0000,0.0000,0.0000,0.0000,0.0000,0.0000,0.0000,0.0000,0.0000,0.0000,0.0000,0.0000,0.0000,0.0000,0.0000,0.0000,0.0000,0.0000,0.0000,0.0000,0.0000,0.0000,0.0000,0.0000,0.0000,0.0000,0.0000,0.0000,0.0000,0.0000,0.0000,0.0000,0.0000,0.0000,0.0000,0.0000,0.0000,0.0000,0.0000,0.0000,0.0000,0.0000,0.0000,0.0000,0.0000,0.0000,0.0000,0.0000,0.0000,0.0000,0.0000,0.0000,0.0000,0.0000,0.0000,0.0000,0.0000,0.0000,0.0000,0.0000,0.0000,0.0000,0.0000,0.0000,0.0000,0.0000,0.0000,0.0000,0.0000,0.0000,0.0000,0.0000,0.0000,0.0000,0.0000,0.0000,0.0000,0.0000,0.0000,0.0000,0.0000,0.0000,0.0000,0.0000,0.0000,0.0000,0.0000,0.0000,0.0000,0.0000,0.0000,0.0000,0.0000,0.0000,0.0000,0.0000,0.0000,0.0000,0.0000,0.0000,0.0000,0.0000,0.0000,0.0000,0.0000,0.0000,0.0000,0.0000,0.0000,0.0000,0.0000,0.0000,0.0000,0.0000,0.0000,0.0000,0.0000,0.0000,0.0000,0.0000,0.0000,0.0000,0.0000,0.0000,0.0000,0.0000,0.0000,0.0000,0.0000,0.0000,0.0000,0.0000,0.0000,0.0000,0.0000,0.0000,0.0000,0.0000,0.0000,0.0000,0.0000,0.0000,0.0000,0.0000,0.0000,0.0000,0.0000,0.0000,0.0000,0.0000,0.0000,0.0000,0.0000,0.0000,0.0000,0.0000,0.0000,0.0000,0.0000,0.0000,0.0000,0.0000,0.0000,0.0000,0.0000,0.0000,0.0000,0.0000,0.0000,0.0000,0.0000,0.0000,0.0000,0.0000,0.0000,0.0000,0.0000,0.0000,0.0000,0.0000,0.0000,0.0000,0.0000,0.0000,0.0000,0.0000,0.0000,0.0000,0.0000,0.0000,0.0000,0.0000,0.0000,0.0000,0.0000,0.0000,0.0000,0.0000,0.0000,0.0000,0.0000,0.0000,0.0000,0.0000,0.0000,0.0000
45112.9166667,0.0000,0.0000,0.0000,0.0000,0.0000,0.0000,0.0000,0.0000,0.0000,0.0000,0.0000,0.0000,0.0000,0.0000,0.0000,0.0000,0.0000,0.0000,0.0000,0.0000,0.0000,0.0000,0.0000,0.0000,0.0000,0.0000,0.0000,0.0000,0.0000,0.0000,0.0000,0.0000,0.0000,0.0000,0.0000,0.0000,0.0000,0.0000,0.0000,0.0000,0.0000,0.0000,0.0000,0.0000,0.0000,0.0000,0.0000,0.0000,0.0000,0.0000,0.0000,0.0000,0.0000,0.0000,0.0000,0.0000,0.0000,0.0000,0.0000,0.0000,0.0000,0.0000,0.0000,0.0000,0.0000,0.0000,0.0000,0.0000,0.0000,0.0000,0.0000,0.0000,0.0000,0.0000,0.0000,0.0000,0.0000,0.0000,0.0000,0.0000,0.0000,0.0000,0.0000,0.0000,0.0000,0.0000,0.0000,0.0000,0.0000,0.0000,0.0000,0.0000,0.0000,0.0000,0.0000,0.0000,0.0000,0.0000,0.0000,0.0000,0.0000,0.0000,0.0000,0.0000,0.0000,0.0000,0.0000,0.0000,0.0000,0.0000,0.0000,0.0000,0.0000,0.0000,0.0000,0.0000,0.0000,0.0000,0.0000,0.0000,0.0000,0.0000,0.0000,0.0000,0.0000,0.0000,0.0000,0.0000,0.0000,0.0000,0.0000,0.0000,0.0000,0.0000,0.0000,0.0000,0.0000,0.0000,0.0000,0.0000,0.0000,0.0000,0.0000,0.0000,0.0000,0.0000,0.0000,0.0000,0.0000,0.0000,0.0000,0.0000,0.0000,0.0000,0.0000,0.0000,0.0000,0.0000,0.0000,0.0000,0.0000,0.0000,0.0000,0.0000,0.0000,0.0000,0.0000,0.0000,0.0000,0.0000,0.0000,0.0000,0.0000,0.0000,0.0000,0.0000,0.0000,0.0000,0.0000,0.0000,0.0000,0.0000,0.0000,0.0000,0.0000,0.0000,0.0000,0.0000,0.0000,0.0000,0.0000,0.0000,0.0000,0.0000,0.0000,0.0000,0.0000,0.0000,0.0000,0.0000,0.0000,0.0000,0.0000,0.0000,0.0000,0.0000,0.0000,0.0000,0.0000,0.0000,0.0000,0.0000,0.0000,0.0000,0.0000,0.0000,0.0000,0.0000,0.0000,0.0000,0.0000,0.0000,0.0000,0.0000,0.0000,0.0000,0.0000,0.0000,0.0000,0.0000,0.0000,0.0000,0.0000,0.0000,0.0000,0.0000
45112.9583333,0.0000,0.0000,0.0000,0.0000,0.0000,0.0000,0.0000,0.0000,0.0000,0.0000,0.0000,0.0000,0.0000,0.0000,0.0000,0.0000,0.0000,0.0000,0.0000,0.0000,0.0000,0.0000,0.0000,0.0000,0.0000,0.0000,0.0000,0.0000,0.0000,0.0000,0.0000,0.0000,0.0000,0.0000,0.0000,0.0000,0.0000,0.0000,0.0000,0.0000,0.0000,0.0000,0.0000,0.0000,0.0000,0.0000,0.0000,0.0000,0.0000,0.0000,0.0000,0.0000,0.0000,0.0000,0.0000,0.0000,0.0000,0.0000,0.0000,0.0000,0.0000,0.0000,0.0000,0.0000,0.0000,0.0000,0.0000,0.0000,0.0000,0.0000,0.0000,0.0000,0.0000,0.0000,0.0000,0.0000,0.0000,0.0000,0.0000,0.0000,0.0000,0.0000,0.0000,0.0000,0.0000,0.0000,0.0000,0.0000,0.0000,0.0000,0.0000,0.0000,0.0000,0.0000,0.0000,0.0000,0.0000,0.0000,0.0000,0.0000,0.0000,0.0000,0.0000,0.0000,0.0000,0.0000,0.0000,0.0000,0.0000,0.0000,0.0000,0.0000,0.0000,0.0000,0.0000,0.0000,0.0000,0.0000,0.0000,0.0000,0.0000,0.0000,0.0000,0.0000,0.0000,0.0000,0.0000,0.0000,0.0000,0.0000,0.0000,0.0000,0.0000,0.0000,0.0000,0.0000,0.0000,0.0000,0.0000,0.0000,0.0000,0.0000,0.0000,0.0000,0.0000,0.0000,0.0000,0.0000,0.0000,0.0000,0.0000,0.0000,0.0000,0.0000,0.0000,0.0000,0.0000,0.0000,0.0000,0.0000,0.0000,0.0000,0.0000,0.0000,0.0000,0.0000,0.0000,0.0000,0.0000,0.0000,0.0000,0.0000,0.0000,0.0000,0.0000,0.0000,0.0000,0.0000,0.0000,0.0000,0.0000,0.0000,0.0000,0.0000,0.0000,0.0000,0.0000,0.0000,0.0000,0.0000,0.0000,0.0000,0.0000,0.0000,0.0000,0.0000,0.0000,0.0000,0.0000,0.0000,0.0000,0.0000,0.0000,0.0000,0.0000,0.0000,0.0000,0.0000,0.0000,0.0000,0.0000,0.0000,0.0000,0.0000,0.0000,0.0000,0.0000,0.0000,0.0000,0.0000,0.0000,0.0000,0.0000,0.0000,0.0000,0.0000,0.0000,0.0000,0.0000,0.0000,0.0000,0.0000,0.0000,0.0000,0.0000,0.0000
45113.0000000,0.0000,0.0000,0.0000,0.0000,0.0000,0.0000,0.0000,0.0000,0.0000,0.0000,0.0000,0.0000,0.0000,0.0000,0.0000,0.0000,0.0000,0.0000,0.0000,0.0000,0.0000,0.0000,0.0000,0.0000,0.0000,0.0000,0.0000,0.0000,0.0000,0.0000,0.0000,0.0000,0.0000,0.0000,0.0000,0.0000,0.0000,0.0000,0.0000,0.0000,0.0000,0.0000,0.0000,0.0000,0.0000,0.0000,0.0000,0.0000,0.0000,0.0000,0.0000,0.0000,0.0000,0.0000,0.0000,0.0000,0.0000,0.0000,0.0000,0.0000,0.0000,0.0000,0.0000,0.0000,0.0000,0.0000,0.0000,0.0000,0.0000,0.0000,0.0000,0.0000,0.0000,0.0000,0.0000,0.0000,0.0000,0.0000,0.0000,0.0000,0.0000,0.0000,0.0000,0.0000,0.0000,0.0000,0.0000,0.0000,0.0000,0.0000,0.0000,0.0000,0.0000,0.0000,0.0000,0.0000,0.0000,0.0000,0.0000,0.0000,0.0000,0.0000,0.0000,0.0000,0.0000,0.0000,0.0000,0.0000,0.0000,0.0000,0.0000,0.0000,0.0000,0.0000,0.0000,0.0000,0.0000,0.0000,0.0000,0.0000,0.0000,0.0000,0.0000,0.0000,0.0000,0.0000,0.0000,0.0000,0.0000,0.0000,0.0000,0.0000,0.0000,0.0000,0.0000,0.0000,0.0000,0.0000,0.0000,0.0000,0.0000,0.0000,0.0000,0.0000,0.0000,0.0000,0.0000,0.0000,0.0000,0.0000,0.0000,0.0000,0.0000,0.0000,0.0000,0.0000,0.0000,0.0000,0.0000,0.0000,0.0000,0.0000,0.0000,0.0000,0.0000,0.0000,0.0000,0.0000,0.0000,0.0000,0.0000,0.0000,0.0000,0.0000,0.0000,0.0000,0.0000,0.0000,0.0000,0.0000,0.0000,0.0000,0.0000,0.0000,0.0000,0.0000,0.0000,0.0000,0.0000,0.0000,0.0000,0.0000,0.0000,0.0000,0.0000,0.0000,0.0000,0.0000,0.0000,0.0000,0.0000,0.0000,0.0000,0.0000,0.0000,0.0000,0.0000,0.0000,0.0000,0.0000,0.0000,0.0000,0.0000,0.0000,0.0000,0.0000,0.0000,0.0000,0.0000,0.0000,0.0000,0.0000,0.0000,0.0000,0.0000,0.0000,0.0000,0.0000,0.0000,0.0000,0.0000,0.0000,0.0000,0.0000,0.0000,0.0000
45113.0416667,0.0000,0.0000,0.0000,0.0000,0.0000,0.0000,0.0000,0.0000,0.0000,0.0000,0.0000,0.0000,0.0000,0.0000,0.0000,0.0000,0.0000,0.0000,0.0000,0.0000,0.0000,0.0000,0.0000,0.0000,0.0000,0.0000,0.0000,0.0000,0.0000,0.0000,0.0000,0.0000,0.0000,0.0000,0.0000,0.0000,0.0000,0.0000,0.0000,0.0000,0.0000,0.0000,0.0000,0.0000,0.0000,0.0000,0.0000,0.0000,0.0000,0.0000,0.0000,0.0000,0.0000,0.0000,0.0000,0.0000,0.0000,0.0000,0.0000,0.0000,0.0000,0.0000,0.0000,0.0000,0.0000,0.0000,0.0000,0.0000,0.0000,0.0000,0.0000,0.0000,0.0000,0.0000,0.0000,0.0000,0.0000,0.0000,0.0000,0.0000,0.0000,0.0000,0.0000,0.0000,0.0000,0.0000,0.0000,0.0000,0.0000,0.0000,0.0000,0.0000,0.0000,0.0000,0.0000,0.0000,0.0000,0.0000,0.0000,0.0000,0.0000,0.0000,0.0000,0.0000,0.0000,0.0000,0.0000,0.0000,0.0000,0.0000,0.0000,0.0000,0.0000,0.0000,0.0000,0.0000,0.0000,0.0000,0.0000,0.0000,0.0000,0.0000,0.0000,0.0000,0.0000,0.0000,0.0000,0.0000,0.0000,0.0000,0.0000,0.0000,0.0000,0.0000,0.0000,0.0000,0.0000,0.0000,0.0000,0.0000,0.0000,0.0000,0.0000,0.0000,0.0000,0.0000,0.0000,0.0000,0.0000,0.0000,0.0000,0.0000,0.0000,0.0000,0.0000,0.0000,0.0000,0.0000,0.0000,0.0000,0.0000,0.0000,0.0000,0.0000,0.0000,0.0000,0.0000,0.0000,0.0000,0.0000,0.0000,0.0000,0.0000,0.0000,0.0000,0.0000,0.0000,0.0000,0.0000,0.0000,0.0000,0.0000,0.0000,0.0000,0.0000,0.0000,0.0000,0.0000,0.0000,0.0000,0.0000,0.0000,0.0000,0.0000,0.0000,0.0000,0.0000,0.0000,0.0000,0.0000,0.0000,0.0000,0.0000,0.0000,0.0000,0.0000,0.0000,0.0000,0.0000,0.0000,0.0000,0.0000,0.0000,0.0000,0.0000,0.0000,0.0000,0.0000,0.0000,0.0000,0.0000,0.0000,0.0000,0.0000,0.0000,0.0000,0.0000,0.0000,0.0000,0.0000,0.0000,0.0000,0.0000,0.0000,0.0000,0.0000
45113.0833333,0.0000,0.0000,0.0000,0.0000,0.0000,0.0000,0.0000,0.0000,0.0000,0.0000,0.0000,0.0000,0.0000,0.0000,0.0000,0.0000,0.0000,0.0000,0.0000,0.0000,0.0000,0.0000,0.0000,0.0000,0.0000,0.0000,0.0000,0.0000,0.0000,0.0000,0.0000,0.0000,0.0000,0.0000,0.0000,0.0000,0.0000,0.0000,0.0000,0.0000,0.0000,0.0000,0.0000,0.0000,0.0000,0.0000,0.0000,0.0000,0.0000,0.0000,0.0000,0.0000,0.0000,0.0000,0.0000,0.0000,0.0000,0.0000,0.0000,0.0000,0.0000,0.0000,0.0000,0.0000,0.0000,0.0000,0.0000,0.0000,0.0000,0.0000,0.0000,0.0000,0.0000,0.0000,0.0000,0.0000,0.0000,0.0000,0.0000,0.0000,0.0000,0.0000,0.0000,0.0000,0.0000,0.0000,0.0000,0.0000,0.0000,0.0000,0.0000,0.0000,0.0000,0.0000,0.0000,0.0000,0.0000,0.0000,0.0000,0.0000,0.0000,0.0000,0.0000,0.0000,0.0000,0.0000,0.0000,0.0000,0.0000,0.0000,0.0000,0.0000,0.0000,0.0000,0.0000,0.0000,0.0000,0.0000,0.0000,0.0000,0.0000,0.0000,0.0000,0.0000,0.0000,0.0000,0.0000,0.0000,0.0000,0.0000,0.0000,0.0000,0.0000,0.0000,0.0000,0.0000,0.0000,0.0000,0.0000,0.0000,0.0000,0.0000,0.0000,0.0000,0.0000,0.0000,0.0000,0.0000,0.0000,0.0000,0.0000,0.0000,0.0000,0.0000,0.0000,0.0000,0.0000,0.0000,0.0000,0.0000,0.0000,0.0000,0.0000,0.0000,0.0000,0.0000,0.0000,0.0000,0.0000,0.0000,0.0000,0.0000,0.0000,0.0000,0.0000,0.0000,0.0000,0.0000,0.0000,0.0000,0.0000,0.0000,0.0000,0.0000,0.0000,0.0000,0.0000,0.0000,0.0000,0.0000,0.0000,0.0000,0.0000,0.0000,0.0000,0.0000,0.0000,0.0000,0.0000,0.0000,0.0000,0.0000,0.0000,0.0000,0.0000,0.0000,0.0000,0.0000,0.0000,0.0000,0.0000,0.0000,0.0000,0.0000,0.0000,0.0000,0.0000,0.0000,0.0000,0.0000,0.0000,0.0000,0.0000,0.0000,0.0000,0.0000,0.0000,0.0000,0.0000,0.0000,0.0000,0.0000,0.0000,0.0000,0.0000,0.0000
45113.1250000,0.0000,0.0000,0.0000,0.0000,0.0000,0.0000,0.0000,0.0000,0.0000,0.0000,0.0000,0.0000,0.0000,0.0000,0.0000,0.0000,0.0000,0.0000,0.0000,0.0000,0.0000,0.0000,0.0000,0.0000,0.0000,0.0000,0.0000,0.0000,0.0000,0.0000,0.0000,0.0000,0.0000,0.0000,0.0000,0.0000,0.0000,0.0000,0.0000,0.0000,0.0000,0.0000,0.0000,0.0000,0.0000,0.0000,0.0000,0.0000,0.0000,0.0000,0.0000,0.0000,0.0000,0.0000,0.0000,0.0000,0.0000,0.0000,0.0000,0.0000,0.0000,0.0000,0.0000,0.0000,0.0000,0.0000,0.0000,0.0000,0.0000,0.0000,0.0000,0.0000,0.0000,0.0000,0.0000,0.0000,0.0000,0.0000,0.0000,0.0000,0.0000,0.0000,0.0000,0.0000,0.0000,0.0000,0.0000,0.0000,0.0000,0.0000,0.0000,0.0000,0.0000,0.0000,0.0000,0.0000,0.0000,0.0000,0.0000,0.0000,0.0000,0.0000,0.0000,0.0000,0.0000,0.0000,0.0000,0.0000,0.0000,0.0000,0.0000,0.0000,0.0000,0.0000,0.0000,0.0000,0.0000,0.0000,0.0000,0.0000,0.0000,0.0000,0.0000,0.0000,0.0000,0.0000,0.0000,0.0000,0.0000,0.0000,0.0000,0.0000,0.0000,0.0000,0.0000,0.0000,0.0000,0.0000,0.0000,0.0000,0.0000,0.0000,0.0000,0.0000,0.0000,0.0000,0.0000,0.0000,0.0000,0.0000,0.0000,0.0000,0.0000,0.0000,0.0000,0.0000,0.0000,0.0000,0.0000,0.0000,0.0000,0.0000,0.0000,0.0000,0.0000,0.0000,0.0000,0.0000,0.0000,0.0000,0.0000,0.0000,0.0000,0.0000,0.0000,0.0000,0.0000,0.0000,0.0000,0.0000,0.0000,0.0000,0.0000,0.0000,0.0000,0.0000,0.0000,0.0000,0.0000,0.0000,0.0000,0.0000,0.0000,0.0000,0.0000,0.0000,0.0000,0.0000,0.0000,0.0000,0.0000,0.0000,0.0000,0.0000,0.0000,0.0000,0.0000,0.0000,0.0000,0.0000,0.0000,0.0000,0.0000,0.0000,0.0000,0.0000,0.0000,0.0000,0.0000,0.0000,0.0000,0.0000,0.0000,0.0000,0.0000,0.0000,0.0000,0.0000,0.0000,0.0000,0.0000,0.0000,0.0000,0.0000,0.0000,0.0000
45113.1666667,0.0000,0.0000,0.0000,0.0000,0.0000,0.0000,0.0000,0.0000,0.0000,0.0000,0.0000,0.0000,0.0000,0.0000,0.0000,0.0000,0.0000,0.0000,0.0000,0.0000,0.0000,0.0000,0.0000,0.0000,0.0000,0.0000,0.0000,0.0000,0.0000,0.0000,0.0000,0.0000,0.0000,0.0000,0.0000,0.0000,0.0000,0.0000,0.0000,0.0000,0.0000,0.0000,0.0000,0.0000,0.0000,0.0000,0.0000,0.0000,0.0000,0.0000,0.0000,0.0000,0.0000,0.0000,0.0000,0.0000,0.0000,0.0000,0.0000,0.0000,0.0000,0.0000,0.0000,0.0000,0.0000,0.0000,0.0000,0.0000,0.0000,0.0000,0.0000,0.0000,0.0000,0.0000,0.0000,0.0000,0.0000,0.0000,0.0000,0.0000,0.0000,0.0000,0.0000,0.0000,0.0000,0.0000,0.0000,0.0000,0.0000,0.0000,0.0000,0.0000,0.0000,0.0000,0.0000,0.0000,0.0000,0.0000,0.0000,0.0000,0.0000,0.0000,0.0000,0.0000,0.0000,0.0000,0.0000,0.0000,0.0000,0.0000,0.0000,0.0000,0.0000,0.0000,0.0000,0.0000,0.0000,0.0000,0.0000,0.0000,0.0000,0.0000,0.0000,0.0000,0.0000,0.0000,0.0000,0.0000,0.0000,0.0000,0.0000,0.0000,0.0000,0.0000,0.0000,0.0000,0.0000,0.0000,0.0000,0.0000,0.0000,0.0000,0.0000,0.0000,0.0000,0.0000,0.0000,0.0000,0.0000,0.0000,0.0000,0.0000,0.0000,0.0000,0.0000,0.0000,0.0000,0.0000,0.0000,0.0000,0.0000,0.0000,0.0000,0.0000,0.0000,0.0000,0.0000,0.0000,0.0000,0.0000,0.0000,0.0000,0.0000,0.0000,0.0000,0.0000,0.0000,0.0000,0.0000,0.0000,0.0000,0.0000,0.0000,0.0000,0.0000,0.0000,0.0000,0.0000,0.0000,0.0000,0.0000,0.0000,0.0000,0.0000,0.0000,0.0000,0.0000,0.0000,0.0000,0.0000,0.0000,0.0000,0.0000,0.0000,0.0000,0.0000,0.0000,0.0000,0.0000,0.0000,0.0000,0.0000,0.0000,0.0000,0.0000,0.0000,0.0000,0.0000,0.0000,0.0000,0.0000,0.0000,0.0000,0.0000,0.0000,0.0000,0.0000,0.0000,0.0000,0.0000,0.0000,0.0000,0.0000,0.0000,0.0000,0.0000
45113.2083333,0.0000,0.0000,0.0000,0.0000,0.0000,0.0000,0.0000,0.0000,0.0000,0.0000,0.0000,0.0000,0.0000,0.0000,0.0000,0.0000,0.0000,0.0000,0.0000,0.0000,0.0000,0.0000,0.0000,0.0000,0.0000,0.0000,0.0000,0.0000,0.0000,0.0000,0.0000,0.0000,0.0000,0.0000,0.0000,0.0000,0.0000,0.0000,0.0000,0.0000,0.0000,0.0000,0.0000,0.0000,0.0000,0.0000,0.0000,0.0000,0.0000,0.0000,0.0000,0.0000,0.0000,0.0000,0.0000,0.0000,0.0000,0.0000,0.0000,0.0000,0.0000,0.0000,0.0000,0.0000,0.0000,0.0000,0.0000,0.0000,0.0000,0.0000,0.0000,0.0000,0.0000,0.0000,0.0000,0.0000,0.0000,0.0000,0.0000,0.0000,0.0000,0.0000,0.0000,0.0000,0.0000,0.0000,0.0000,0.0000,0.0000,0.0000,0.0000,0.0000,0.0000,0.0000,0.0000,0.0000,0.0000,0.0000,0.0000,0.0000,0.0000,0.0000,0.0000,0.0000,0.0000,0.0000,0.0000,0.0000,0.0000,0.0000,0.0000,0.0000,0.0000,0.0000,0.0000,0.0000,0.0000,0.0000,0.0000,0.0000,0.0000,0.0000,0.0000,0.0000,0.0000,0.0000,0.0000,0.0000,0.0000,0.0000,0.0000,0.0000,0.0000,0.0000,0.0000,0.0000,0.0000,0.0000,0.0000,0.0000,0.0000,0.0000,0.0000,0.0000,0.0000,0.0000,0.0000,0.0000,0.0000,0.0000,0.0000,0.0000,0.0000,0.0000,0.0000,0.0000,0.0000,0.0000,0.0000,0.0000,0.0000,0.0000,0.0000,0.0000,0.0000,0.0000,0.0000,0.0000,0.0000,0.0000,0.0000,0.0000,0.0000,0.0000,0.0000,0.0000,0.0000,0.0000,0.0000,0.0000,0.0000,0.0000,0.0000,0.0000,0.0000,0.0000,0.0000,0.0000,0.0000,0.0000,0.0000,0.0000,0.0000,0.0000,0.0000,0.0000,0.0000,0.0000,0.0000,0.0000,0.0000,0.0000,0.0000,0.0000,0.0000,0.0000,0.0000,0.0000,0.0000,0.0000,0.0000,0.0000,0.0000,0.0000,0.0000,0.0000,0.0000,0.0000,0.0000,0.0000,0.0000,0.0000,0.0000,0.0000,0.0000,0.0000,0.0000,0.0000,0.0000,0.0000,0.0000,0.0000,0.0000,0.0000,0.0000,0.0000
45113.2500000,0.2714,0.6262,0.8324,0.7985,1.3902,1.0705,0.9608,0.4719,0.9378,0.9762,0.8823,0.7911,0.5094,0.7511,0.6852,0.7017,0.9072,0.8357,0.6006,0.4182,0.9954,0.4119,0.3884,0.6448,0.6810,1.4145,0.6550,0.2398,0.8137,0.2623,0.5183,0.3455,0.4471,0.6917,0.6782,0.5794,0.9192,0.9435,0.3305,1.2420,1.0884,1.1438,0.6602,0.8840,1.8740,0.9095,0.7070,0.7892,0.4282,0.6029,0.9253,0.8568,0.9759,1.0588,0.4023,0.4079,0.4907,0.7624,1.3610,1.0425,1.0898,0.8243,0.3631,0.3275,0.5017,0.4389,0.7157,0.6880,-0.2809,0.0980,0.6152,0.6077,0.5025,0.1049,0.6668,0.8869,0.7112,0.8592,0.5982,0.9574,2.0310,1.7740,1.2720,1.0059,0.8021,0.8237,1.2938,0.9645,1.1272,0.9602,1.0605,1.3423,1.4978,1.0948,0.5317,0.7157,0.8650,1.3390,1.0335,0.8730,0.9591,1.1326,0.8267,0.8796,1.2990,1.6627,1.3635,1.2942,0.6007,1.2089,0.6733,0.2828,0.8994,0.7480,0.8887,0.7541,0.5648,1.0133,0.8248,0.8459,0.1456,0.8011,0.4425,0.7490,0.6362,0.8218,0.8587,1.1992,0.7205,0.2446,0.4680,0.4154,0.4756,0.5726,0.8470,0.5701,0.5698,0.8373,0.5908,0.4874,0.3100,0.7498,0.5214,0.5956,0.8361,0.2002,0.3392,1.0832,0.6879,0.5187,0.4780,0.1467,0.2897,0.2089,0.4917,0.9861,1.1288,1.0550,0.9694,0.5596,1.4759,1.1013,1.1120,1.3920,1.6723,1.0365,1.2426,0.7565,0.6701,0.5859,0.1282,0.3352,0.3854,0.7700,0.7464,1.0341,0.7049,0.7721,0.6389,1.5366,1.2557,0.9345,0.8302,1.0530,0.8300,1.0930,0.9936,1.0014,1.0089,1.0166,1.0243,1.0287,1.0363,1.0441,1.0520,1.0599,1.0679,1.0760,1.0843,1.0927,1.1013,1.1100,1.1189,1.1280,1.1372,1.1466,1.1562,1.1660,1.1760,1.1862,1.1966,1.2072,1.2180,1.2290,1.2402,1.2517,1.2634,1.2752,1.2874,1.2997,1.3123,1.3250,1.3380,1.3512,1.3646,1.3782,1.3920,1.4059,1.4201,1.4344,1.4488,1.4634,1.4780,1.4928,1.4968,1.5120
45113.2916667,1.3670,3.1544,4.1934,4.0230,7.0050,5.4785,4.8416,2.3779,4.7889,4.9311,4.4728,3.9984,2.6000,3.8058,3.4532,3.5365,4.8549,4.2206,3.0331,2.1079,5.0171,2.0764,1.9579,3.3716,3.5628,7.2450,3.3057,1.2091,4.1536,1.3542,2.6210,1.7542,2.8067,3.9565,3.4206,2.9224,4.6994,4.8483,1.9351,6.2951,5.4905,5.7823,3.3305,4.4603,9.4556,4.5892,3.5673,3.9823,2.1607,3.0425,4.7471,4.4090,5.0918,5.3782,2.0311,2.1144,2.4776,3.8882,6.9047,5.3310,5.6128,4.1798,1.8349,1.6553,3.5399,2.2219,3.6274,3.4917,-1.3839,0.5269,3.1676,3.1371,2.6109,0.5672,3.5040,4.5540,3.6792,4.4467,3.2178,4.8606,10.4533,9.0737,6.5510,6.5994,4.0788,4.1951,6.5756,4.9045,5.7258,4.8845,5.3860,6.8114,7.6006,5.5576,2.7055,3.6482,4.3905,6.7862,5.2529,4.5257,4.9045,5.7421,4.1894,4.6288,6.6472,11.6360,9.5344,9.4046,3.8474,8.0764,4.1861,1.4359,4.6569,3.8304,4.5506,4.1268,2.8866,5.1624,4.1973,4.3334,0.7401,4.2111,2.2594,3.7937,3.2213,4.4095,4.3718,6.1319,3.6493,1.2455,2.3984,2.1595,2.5296,4.7207,4.3645,3.1060,2.8933,5.1595,4.4456,2.4686,1.5702,3.8743,2.6864,3.0168,4.2336,1.0146,1.7215,5.4845,3.5147,2.6594,2.4495,0.7440,1.4693,1.1062,2.5137,5.0037,5.7530,5.3420,4.9696,2.8348,7.4735,5.5768,6.4100,7.0937,8.6891,5.2965,6.4497,3.8929,3.4929,3.2405,0.6526,2.1540,1.9601,3.9659,3.8113,5.6757,3.6447,3.9459,3.2831,7.8367,6.4162,4.7584,4.2876,5.4181,4.2386,5.5682,5.0651,5.1063,5.1471,5.1881,5.2288,5.2536,5.2952,5.3376,5.3809,5.4245,5.4689,5.5143,5.5608,5.6084,5.6595,5.7099,5.7617,5.8150,5.8699,5.9265,5.9850,6.0453,6.1077,6.3859,6.2236,6.2910,6.3608,6.4333,6.5085,6.5866,6.6679,6.7525,6.8408,6.7319,7.0611,7.1655,7.2752,7.3904,7.5116,7.6393,7.7739,7.9162,8.0666,8.2259,9.6828,9.7554,9.8287,9.9024,9.9215,9.9976
45113.3333333,1.3943,3.2173,4.3161,4.1031,7.1443,5.5945,4.9377,2.4251,5.0306,5.1181,4.6208,4.1549,2.6736,3.9193,3.5217,3.6191,6.4238,4.3725,3.5225,2.1732,5.3172,2.1589,1.9966,3.8422,3.7344,7.3011,3.4337,1.2329,4.3482,1.4661,2.8611,2.0072,4.0371,4.4619,3.5781,2.9930,4.8734,5.2647,1.8868,6.6523,5.5979,5.9903,3.3956,4.5473,9.7173,4.8904,3.6368,4.0599,2.2028,3.3082,5.3890,4.9700,6.9149,5.7193,2.1198,2.4954,2.7491,4.1803,7.2251,5.4771,7.7388,4.3419,1.8708,1.6877,3.3347,2.2653,5.3629,3.9809,-2.6981,0.5578,3.3880,3.2782,2.9922,0.6107,3.6217,4.9151,3.7852,4.5897,3.2329,5.2298,10.6784,10.4684,6.7666,7.7047,4.1839,4.4515,6.8481,5.0363,5.8742,5.0223,5.8892,6.9854,8.3494,6.5501,2.9234,3.8109,4.5909,7.1221,5.4563,5.2500,5.0129,6.3613,4.3762,6.4257,7.4527,11.1002,9.1167,8.9171,3.8213,7.7813,4.1654,1.5676,4.8305,3.9102,5.0953,5.5048,2.9587,5.2507,4.4644,4.5227,0.7593,5.5857,2.3013,4.0411,3.3045,4.4134,4.6155,6.3911,3.9097,1.2853,2.5243,2.3824,3.5060,4.4008,4.4227,3.0978,2.9705,5.8684,4.2227,2.5401,1.6020,3.8925,2.7069,3.1240,4.4160,1.0359,1.8350,5.6548,3.6011,2.8261,2.4890,0.7605,1.5038,1.1238,2.6192,5.1714,6.0985,5.4740,5.1983,2.9273,10.3391,5.8511,6.9693,7.1942,8.8434,5.7080,6.5422,4.4770,4.5568,3.9122,0.6675,2.1611,2.0907,5.1434,4.0052,7.1364,3.7049,4.1818,3.3681,8.2460,6.6083,4.9208,4.3139,5.4975,4.3051,5.7630,5.2428,5.2890,5.3349,5.3811,5.4282,5.4585,5.5060,5.5545,5.6040,5.6541,5.7052,5.7575,5.8109,5.8657,5.9218,5.9794,6.0383,5.9473,6.1698,6.2344,6.3007,6.3690,6.4391,6.5113,6.5856,6.6622,6.7409,6.8221,6.9057,6.9919,7.0807,7.1723,7.2667,7.3640,7.4644,7.5679,7.6747,8.8501,8.9184,8.9876,9.0578,9.1288,9.2006,9.2732,9.3464,9.4203,9.4947,9.5695,9.5884,9.6656
45113.3750000,2.7516,6.3503,9.3409,8.1000,28.1100,14.7557,9.7501,10.5895,18.6510,13.5534,12.1033,11.2404,7.1133,8.4675,7.8951,8.6062,35.1638,11.2658,24.8977,4.4526,20.9623,5.6653,3.9441,13.3050,7.7559,26.3987,9.4951,2.4367,15.2419,8.5406,8.7495,14.7229,30.1953,32.0707,35.8048,29.7132,16.0862,13.5472,5.5794,23.6884,12.2605,22.7265,6.7152,10.0672,38.4555,33.0478,9.7276,8.0306,5.8153,8.0850,40.4901,35.8453,37.7551,43.1875,5.9280,22.2971,6.3275,17.9804,52.2438,14.3303,42.1612,11.6579,3.7012,3.3390,15.1877,4.4846,31.9678,30.5807,-19.2546,1.1200,25.4238,7.4910,20.3021,1.2771,12.9793,40.0980,9.3382,47.8792,8.2387,14.5684,78.5155,66.9790,17.6136,46.1838,8.3199,10.0896,16.5327,10.0241,11.6877,40.3029,50.0244,23.6183,33.8542,47.0484,11.2980,9.7162,11.9062,19.4910,13.9701,38.5086,11.2528,45.8550,11.4336,36.7061,47.6534,53.5206,44.4266,45.9232,17.6678,36.4988,18.0938,8.9162,9.9387,9.6147,35.6329,31.8123,7.3138,13.3699,17.3868,15.4171,1.5741,30.0193,5.5644,27.4956,8.1585,14.9237,29.1193,41.8721,28.5485,3.3286,9.3601,16.5997,21.0406,27.5265,15.7308,7.0466,7.0368,31.6453,23.9132,5.8150,3.7336,9.9249,22.2375,11.3481,13.4501,2.6104,14.2183,18.7593,33.4330,6.8411,21.6676,1.5729,3.0684,4.5442,6.0054,13.1836,42.0400,11.1023,18.2179,6.2182,54.6074,45.7025,45.0496,14.6827,41.8634,26.4200,18.6976,31.1118,23.6799,19.8721,2.0272,10.9125,4.7772,25.5995,23.8196,37.0474,8.6220,29.2997,8.6012,27.4426,46.2651,12.5198,9.3669,12.9926,10.1219,14.7379,13.4483,13.6635,13.8829,14.1084,14.3409,14.5455,14.7903,15.0432,15.3043,15.5732,15.8508,16.1378,16.4347,16.7417,17.0594,17.3882,17.7284,18.0807,18.4454,18.8230,19.2142,19.6193,20.0390,20.4738,20.9243,21.3912,21.8750,22.3763,22.8960,40.1222,40.2413,40.3626,40.4860,40.6115,40.7391,40.8688,41.0006,41.1343,41.2699,41.4074,41.5466,41.6874,41.8298,41.9736,42.1186,42.2647,42.4117,42.5595,42.5957,42.7477
45113.4166667,2.7391,6.3216,17.9240,14.9686,99.9659,21.3873,20.5031,9.2981,61.8904,19.3950,17.8628,16.3981,10.4071,15.0063,8.0029,13.3533,53.6492,15.7812,38.9571,5.3493,18.4196,11.3771,6.4018,14.7189,14.1832,77.6202,14.6602,10.3346,51.5983,11.6105,44.5098,19.8272,48.5174,50.0036,56.1416,46.8957,62.0330,23.5748,7.2419,70.3130,71.4602,20.6229,6.6902,9.3985,99.2863,50.2033,13.8899,13.5832,8.3207,15.9809,62.1666,55.0724,57.4106,65.6896,8.0146,32.7167,8.7526,63.1752,78.4454,20.1994,63.8230,16.8600,5.7483,6.0363,25.7705,24.4491,49.6653,47.5864,-27.0685,1.5655,39.6443,7.6287,28.5370,1.7337,11.3726,61.7121,13.4331,74.5345,12.7450,40.6439,116.7011,99.6334,24.6688,70.8487,8.3044,11.0486,14.2487,10.1882,80.1005,61.6319,76.7778,86.8685,88.5003,71.7654,41.1946,13.7648,16.9996,28.3578,19.4587,59.4091,18.3972,69.6889,16.1290,56.4525,71.5342,78.7365,65.9243,68.8030,27.4375,54.2400,27.7345,15.3647,13.8631,13.1328,54.8281,49.4970,9.1500,18.7157,56.9387,53.2082,2.2836,46.2992,7.6416,42.5284,8.0207,49.6348,44.4206,62.9127,44.3458,5.1960,31.9136,26.8839,33.6856,43.5709,61.7293,9.7022,9.4261,48.5034,37.5280,32.2428,5.0368,44.2052,35.2186,10.7465,50.1523,2.3178,23.3580,71.1310,52.2886,9.8351,34.5435,1.8421,4.1291,12.1572,7.8232,18.4034,63.4230,14.6979,61.0348,10.0167,81.5869,69.5369,68.4086,18.2128,53.6382,33.2995,32.7516,48.0731,36.5685,30.9282,3.1458,17.9930,6.4731,39.0258,36.2832,55.8989,11.2816,45.0044,12.0466,81.3008,69.4232,17.2638,55.6153,17.1295,13.5103,20.3204,18.5766,18.9364,19.3042,19.6819,20.0705,20.4351,20.8440,21.2650,21.6986,22.1441,22.6027,23.0753,23.5621,24.0638,24.5808,25.1137,25.6630,26.2291,58.2746,58.3707,58.4687,58.5685,58.6704,58.7742,58.8802,58.9882,59.0983,59.2106,59.3251,59.4418,59.5607,59.6819,59.8053,59.9309,60.0588,60.1888,60.3210,60.4552,60.5915,60.7298,60.8699,61.0118,61.1554,61.3005,61.4470,61.5947,61.7435,61.8932,61.9314,62.0856
45113.4583333,2.6053,8.6018,24.4319,101.6286,129.1468,28.8186,27.8044,12.9965,80.6564,86.6165,85.4363,22.1499,48.1107,68.6697,70.7703,17.8358,69.9117,20.7977,15.6256,6.7368,86.5954,12.4525,8.5903,10.7578,19.5325,99.6164,74.3314,13.3938,67.5555,7.9369,59.3102,23.2544,35.5378,27.5678,74.0438,62.2272,80.9134,79.4470,10.8028,90.6270,92.7078,26.7727,6.3678,10.0232,126.4607,65.3615,18.5728,31.7017,11.6724,8.1201,23.3327,71.9728,74.6117,25.8825,9.2269,13.5157,26.3744,82.9989,100.8986,84.8990,82.6355,22.6296,9.0553,7.9436,7.6047,17.1450,65.3603,62.7199,-9.0984,2.3827,16.2578,15.4967,13.7327,7.9948,16.6121,80.5575,63.6027,97.5728,17.9227,24.7311,148.7553,127.2161,105.4241,27.2697,7.9116,12.8735,103.8544,30.5610,103.9111,80.1861,99.7865,112.0315,113.5989,93.0607,15.0927,17.9655,22.5959,37.9548,25.3675,23.4255,75.3006,90.2252,67.8813,73.7349,92.0495,100.1877,84.4327,88.4983,36.5816,69.7437,36.7747,6.8043,74.6431,17.6410,71.7522,65.2391,12.3287,79.4229,74.8180,69.8360,3.1907,60.9339,42.4818,56.1868,78.6906,65.3102,58.3186,81.4281,58.7430,27.1411,43.3054,18.1174,7.2959,12.7244,33.1306,53.3141,50.9702,63.7312,14.6599,43.5735,37.0615,58.3308,47.3233,46.3047,65.8028,5.0024,32.3128,92.4911,16.0615,13.6615,10.9717,3.1927,21.9735,6.4011,11.4071,85.7717,82.0567,88.3663,22.4345,42.3937,104.6858,90.1962,27.8709,50.6561,64.5022,99.0121,94.8824,63.1794,48.3332,41.2105,3.3912,25.0906,8.5943,51.1864,47.6563,72.4388,14.4050,59.0550,15.9765,104.0421,28.1356,22.5639,20.4603,91.4927,22.1325,82.3452,73.7832,73.8565,73.9285,74.0008,74.0741,74.1146,74.1873,74.2612,74.3361,74.4114,74.4876,74.5652,74.6441,74.7244,74.8063,74.8897,74.9746,75.0612,75.1495,75.2395,75.3314,75.4251,75.5206,75.6181,75.7176,75.8191,75.9227,76.0283,76.1361,76.2460,76.3580,76.4722,76.5886,76.7072,76.8279,76.9507,77.0756,77.2026,77.3315,77.4624,77.5952,77.7296,77.8658,78.0035,78.1425,78.2829,78.4243,78.5666,78.6028,78.7496
45113.5000000,4.1917,13.8983,41.3729,47.0103,64.0671,50.4325,47.0117,10.9648,41.0762,43.6960,42.1436,37.0453,24.1509,34.4968,34.4690,31.8786,36.8154,34.6949,26.5397,20.1787,43.9182,10.0701,8.1816,13.8326,33.1630,53.6553,35.3970,4.9441,34.8420,6.4456,28.3160,8.7142,16.4483,32.7837,35.5709,30.1056,40.9466,40.7065,8.4298,48.3330,47.2478,46.7919,13.3409,15.5057,68.8893,35.1954,31.1362,37.8510,20.5752,12.5983,41.0757,36.9604,39.3445,44.1793,8.6096,10.4681,10.9067,39.8284,53.4903,43.8781,43.6275,37.3704,6.7102,7.2716,10.2124,15.9730,32.9089,31.6324,-14.2591,4.4751,27.1712,33.6383,11.8424,4.9717,14.8782,40.6395,32.4045,46.4349,14.6274,21.6628,79.1457,68.2724,54.3162,46.2935,14.6070,17.5383,54.0244,23.2621,52.0129,41.4490,49.7183,57.5665,60.0342,47.7273,27.1001,35.3846,39.8568,63.1866,45.8995,39.4786,39.7074,47.1873,35.3230,38.0742,49.7810,57.1438,47.8281,48.4429,21.3545,40.4707,22.3350,12.1936,38.6607,32.6096,37.4961,33.5121,11.9307,41.7830,37.8240,36.2962,6.9767,32.5641,21.5324,30.2308,36.9374,34.4061,32.3645,44.8266,30.8245,13.6213,22.1866,19.2356,10.1786,12.5291,40.4418,27.0390,26.1943,34.0551,26.1648,22.5211,17.9914,31.0304,24.2753,24.8171,34.7539,11.4400,16.6245,47.3540,14.8540,11.8918,23.3978,6.8299,12.2482,5.2504,10.6182,43.6757,44.0543,45.4359,41.1873,22.8314,56.3891,46.6256,46.1955,54.0010,67.3823,49.0157,50.0062,32.6800,26.2667,22.6722,6.1484,13.8072,18.0529,28.4867,26.9312,39.3544,14.2955,31.3573,27.2455,56.8413,48.1759,38.8703,37.0360,46.4742,39.9247,43.6573,39.3666,39.4882,39.6079,39.7279,39.8496,39.9191,40.0398,40.1623,40.2866,40.4113,40.5376,40.6660,40.7965,40.9293,41.0645,41.2020,41.3420,41.4846,41.6299,41.7779,41.9287,42.0824,42.2391,42.3988,42.5616,42.7276,42.8968,43.0693,43.2452,43.4243,43.6069,43.7929,43.9822,44.1750,44.3712,44.5707,44.7735,44.9795,45.1887,45.4009,45.6160,45.8339,46.0544,46.2773,46.5024,46.7295,46.9583,47.1886,47.2496,47.4871
45113.5416667,12.6552,114.5955,102.2420,122.0947,153.7420,122.1696,115.4581,73.8537,96.9540,103.9637,102.7253,89.7560,59.0552,83.0458,85.6540,76.4921,84.2500,80.2340,63.1463,49.7743,103.9055,16.5408,58.7892,18.9473,81.5486,118.6389,21.6137,3.8866,81.6142,11.0906,17.4299,8.0278,17.6934,79.8673,89.5530,75.6941,97.2914,95.5081,14.9551,108.2645,111.0017,107.2378,23.5124,27.1926,149.7146,78.8422,73.8435,92.4754,50.6649,20.0474,97.4631,86.7837,89.7101,102.1543,12.3142,17.5126,16.3925,23.3525,120.2525,101.8082,99.0378,89.4189,17.2547,11.9022,14.2773,81.4288,79.1721,76.0832,-34.8090,10.9634,64.0486,85.6844,82.5337,12.0954,21.9103,96.8976,77.0694,28.6945,23.9953,30.6386,175.8772,150.7465,125.7503,110.4675,20.7004,94.7526,123.8481,108.2376,124.2124,96.3265,119.4326,133.4787,135.0654,111.3863,67.0445,86.6322,95.0747,152.1361,107.9117,93.4662,90.5405,107.9655,81.9728,88.8350,109.8497,118.8771,100.6975,105.6536,45.2199,83.5900,45.3637,28.4976,89.9753,76.3624,86.5790,79.0889,16.0283,95.5004,22.9457,84.4358,17.1439,73.9889,52.7277,68.4918,23.0475,79.2751,70.9654,97.8508,71.7796,35.1274,13.6696,46.4351,13.9998,17.9467,98.3334,65.7901,16.2897,77.7717,62.1254,54.4921,47.0796,71.5987,58.9367,57.6201,80.3473,30.2250,41.4679,111.6049,21.1788,18.5622,58.0310,17.3549,29.2229,9.0970,15.1706,103.6845,99.0155,106.6213,96.1950,52.8422,125.1880,108.6042,106.7436,120.8042,153.4534,119.1262,113.8540,77.0366,59.5133,51.1631,15.8458,32.3771,44.2361,62.5386,58.3585,87.2715,68.1747,71.8136,63.8078,123.8847,107.0209,89.7355,88.0267,109.8040,97.5164,98.8634,88.8652,88.9342,89.0022,89.0706,89.1402,89.1771,89.2465,89.3173,89.3895,89.4620,89.5358,89.6110,89.6878,89.7661,89.8460,89.9277,90.0110,90.0961,90.1829,90.2717,90.3623,90.4548,90.5493,90.6458,90.7443,90.8449,90.9477,91.0525,91.1595,91.2687,91.3800,91.4936,91.6093,91.7272,91.8473,91.9695,92.0938,92.2202,92.3485,92.4788,92.6110,92.7449,92.8804,93.0175,93.1559,93.2957,93.4365,93.5782,93.6128,93.7591
45113.5833333,10.7655,111.2336,99.2625,22.0426,149.5276,118.7179,112.1579,16.7453,94.1426,100.9747,99.7455,87.0997,57.1479,80.5587,83.0804,74.1676,81.7703,77.8435,61.1529,48.0920,100.9229,8.6562,56.8584,79.4902,79.0838,115.3690,12.3119,2.9716,79.1813,10.5249,16.6449,12.3095,16.8504,77.4501,86.8734,73.3599,94.4662,92.7367,14.1244,105.2280,107.8531,104.2038,22.4550,105.2128,145.7307,76.5079,71.5912,89.7459,48.9615,84.7379,94.6349,84.2236,87.1021,99.2347,10.9074,16.6468,14.9491,12.9502,116.9261,98.8938,96.2096,86.7803,15.9559,12.1055,8.0382,13.0934,76.7804,73.7673,-34.4045,10.2407,62.0386,83.0929,15.1598,11.3457,87.6237,94.0792,74.7368,26.7853,22.8759,150.0007,171.2399,146.7161,122.2596,107.3171,114.6329,91.9759,120.4142,105.1363,120.7255,93.5437,116.0565,129.7995,131.3843,108.2351,64.9348,84.0456,92.3010,147.9565,104.8380,90.7380,87.9136,104.9166,79.5388,86.2310,106.7916,115.6717,97.9017,102.7070,43.7142,81.2098,43.8752,27.3593,87.3497,74.0628,84.0426,76.7187,62.6179,92.7590,22.0242,21.4861,16.2809,71.7740,50.9904,66.4146,92.6039,76.9351,68.8651,95.1231,69.6305,8.1313,52.2203,11.5366,12.9541,10.0608,95.5364,63.8048,61.1455,75.5628,60.2823,52.8402,45.5913,18.6837,14.6043,55.9696,78.1600,4.6077,7.3496,108.6787,20.2752,17.7522,56.4208,16.7900,28.4039,8.6967,59.8667,101.0768,96.5852,103.9677,93.7872,51.5088,122.1526,105.9094,104.0993,117.8627,149.7051,116.1299,111.0632,19.7788,58.0405,49.8942,15.4153,31.5146,43.0464,60.9539,56.8653,85.0656,66.3869,69.9372,62.1023,120.7966,104.3056,87.3938,85.6954,106.9391,94.9188,96.2970,86.5364,86.5995,86.6615,86.7239,86.7875,86.8183,86.8818,86.9467,87.0130,87.0797,87.1477,87.2173,87.2885,87.3614,87.4361,87.5125,87.5908,87.6709,87.7530,87.8371,87.9232,88.0114,88.1017,88.1942,88.2889,88.3859,88.4851,88.5866,88.6904,88.7966,88.9051,89.0160,89.1292,89.2448,89.3626,89.4828,89.6052,89.7298,89.8565,89.9853,90.1160,90.2486,90.3830,90.5190,90.6565,90.7953,90.9353,91.0764,91.1103,91.2560
45113.6250000,8.6976,23.3424,22.9868,18.6958,134.1052,30.5691,100.1308,14.0232,83.9447,90.1141,88.9132,77.4730,50.3079,71.5631,18.4435,65.7778,72.8132,69.2155,53.9962,42.0884,90.0876,12.9868,9.8949,70.4933,15.2572,103.4858,11.2531,2.3367,30.3763,8.6987,14.1941,6.7976,14.0355,25.6118,28.3338,64.9253,24.8323,82.6895,11.7195,94.2079,96.4020,27.4192,46.5965,93.8193,131.2045,68.0953,63.4724,79.8448,42.8795,32.3802,84.3732,74.9618,77.6689,88.6397,9.1867,8.5185,12.5501,16.4362,104.8276,88.3175,85.9594,77.2223,13.1053,9.8921,7.1048,12.9836,16.7521,65.4089,-32.6385,7.8107,16.0470,15.0115,12.7479,8.8147,21.6318,21.0466,66.3182,22.7895,19.1226,134.0854,154.2781,132.0103,109.5405,95.8546,102.1973,81.9009,107.9094,93.8549,108.0104,83.4548,103.7521,116.3791,117.9671,96.7749,12.9980,19.0941,23.6255,132.6601,28.2171,80.8461,78.4068,93.8406,70.7457,31.5359,95.6921,104.0449,87.7884,92.0235,38.3794,72.6364,38.6031,23.3687,77.8290,19.7570,74.8520,18.3750,16.1747,82.8029,18.9576,18.5900,3.6727,63.7578,10.6789,18.3318,82.2611,68.4103,61.2158,85.1291,61.7547,7.6774,20.8908,18.4647,6.7966,13.1077,85.1300,56.3789,53.9975,67.2198,15.8110,12.1141,19.5787,16.1894,12.4744,49.4194,69.5818,3.8947,6.3269,97.2325,17.3173,14.9539,11.9577,13.8648,24.4562,17.5315,52.9133,26.5055,86.5430,93.0866,83.8618,45.5255,109.8646,37.4126,93.2889,105.9405,134.7902,104.0064,99.6955,17.1149,51.5653,44.1905,12.7982,27.4429,37.8367,54.3286,50.6470,76.2423,59.1394,62.3967,55.2279,108.8275,93.7373,78.2252,21.7376,95.8726,23.6991,86.3761,77.5175,77.5810,77.6431,77.7054,77.7686,77.7984,77.8610,77.9247,77.9895,78.0546,78.1207,78.1881,78.2570,78.3273,78.3992,78.4727,78.5479,78.6248,78.7035,78.7840,78.8665,78.9510,79.0375,79.1261,79.2168,79.3097,79.4049,79.5023,79.6020,79.7040,79.8084,79.9152,80.0243,80.1358,80.2497,80.3659,80.4845,80.6053,80.7283,80.8535,80.9808,81.1101,81.2412,81.3741,81.5086,81.6445,81.7818,81.9202,81.9511,82.0944
45113.6666667,2.6070,7.6371,17.4516,14.1934,110.2844,23.1429,22.3619,7.8759,68.3888,21.2530,16.4335,17.9916,11.1558,16.6454,13.9631,15.4479,18.2056,17.0689,12.5484,9.0188,12.6337,5.9348,7.3600,12.2625,7.5494,85.2027,7.9363,2.3106,12.3141,4.0321,30.5382,5.5374,7.2125,18.9954,25.2994,16.0826,68.5805,67.3685,16.8030,23.9091,18.0410,21.4487,17.0325,21.1964,108.6978,55.3401,15.1471,64.7813,8.9830,15.5354,18.1781,60.8866,63.3034,21.0259,15.9071,8.7502,9.8461,13.6360,86.2172,21.8026,21.8529,18.3344,16.9293,13.9085,53.1751,16.0133,55.0632,52.7791,-7.5368,1.7152,8.5973,59.4566,9.5381,1.9415,16.2040,68.2582,15.5357,16.5985,35.6514,109.5716,127.9240,109.2360,26.1907,22.1590,83.1603,18.7601,88.6710,76.5940,88.4744,20.5197,19.8259,95.6981,97.2619,79.2092,9.9252,14.4411,18.1533,30.4386,21.9605,18.9558,19.7914,76.8688,17.2461,62.4627,78.6536,86.1124,72.2813,75.6370,30.4957,59.5718,30.8034,5.4726,13.1998,14.8432,17.6682,21.3813,9.1731,20.4950,14.7454,14.6278,2.6753,51.6364,8.1463,47.5637,12.9712,55.4856,49.6518,69.8290,49.8595,8.9908,5.9293,30.8977,11.9831,15.0806,69.2376,45.1995,43.2477,54.5412,42.6767,36.9432,6.4127,49.9414,9.5499,39.5481,17.0081,2.0638,11.2674,79.5727,12.6272,7.1103,9.0710,4.2214,5.7347,9.8647,42.2714,73.8448,70.9248,14.9862,19.3144,36.3471,90.6386,77.7392,76.4404,87.2881,111.4009,19.3158,81.9246,17.7619,41.5253,35.3541,2.3201,21.2130,8.8083,44.0168,40.9775,62.4479,47.8769,50.6676,13.2264,90.0308,77.1909,63.9350,62.4157,78.6038,19.0268,70.8969,63.4726,63.5413,63.6087,63.6760,63.7442,63.7790,63.8462,63.9143,63.9833,64.0524,64.1224,64.1934,64.2657,64.3392,64.4140,64.4902,64.5679,64.6470,64.7276,64.8099,64.8938,64.9795,65.0669,65.1561,65.2472,65.3402,65.4352,65.5321,65.6311,65.7322,65.8354,65.9407,66.0481,66.1577,66.2693,66.3831,66.4990,66.6169,66.7369,66.8587,66.9825,67.1081,67.2353,67.3642,67.4945,67.6261,67.7590,67.8928,67.9200,68.0586
45113.7083333,2.5607,6.7538,8.8067,10.1449,16.2570,16.0878,15.2673,6.4839,27.8956,14.8189,11.7744,12.3552,7.6362,11.4947,17.6197,10.6789,13.0060,12.1087,8.7563,4.1229,10.4969,4.9153,5.1200,6.9360,6.4400,62.2678,9.7446,2.2687,9.3917,4.3343,7.2797,5.9742,7.4809,9.5949,13.3356,7.1905,22.2254,48.3873,13.9854,17.3770,13.4969,15.5947,11.1592,14.3754,80.1316,39.7724,10.5629,46.1471,4.9643,10.2220,12.9520,43.5649,45.5919,15.0568,5.2955,9.6090,10.3005,9.5334,34.3955,15.4401,15.6912,12.7025,9.0386,12.6633,9.4515,8.3049,39.0736,21.0255,-5.2256,1.1248,7.7070,13.7675,6.1963,1.3003,10.8944,16.3208,10.8496,13.2110,12.8578,78.3640,94.2358,80.3163,18.7198,15.4859,59.2413,12.9679,64.4687,55.0316,63.8815,14.5287,14.3565,69.5758,71.1024,20.0711,7.1863,10.1977,12.8063,21.1404,15.5310,13.3117,14.1845,55.6855,12.2445,24.8448,15.2866,63.6346,53.0383,55.2269,21.4141,43.5820,21.8309,3.8784,10.8820,10.6245,12.6987,18.0812,5.8622,14.7265,10.6907,10.3153,2.6355,36.9128,5.8733,33.8901,22.2227,39.6927,35.6666,50.8646,35.4378,3.6613,4.9269,21.1915,10.0990,8.8767,49.4949,31.7317,30.3502,39.0688,30.0043,10.7198,5.9987,9.9988,6.9280,27.8065,12.1765,2.0241,3.4163,18.4040,10.6882,5.7033,6.4823,3.0734,4.0469,4.0522,29.4561,19.6124,14.1159,10.5683,10.4098,25.4539,66.3517,20.9165,31.9818,63.7553,81.5598,13.0778,59.5586,19.6797,29.4292,24.8412,2.7272,14.1573,6.0093,19.0037,29.2857,45.2579,34.0587,36.2202,9.3935,66.1508,56.3091,46.0616,44.7050,56.7664,13.1233,51.4282,45.9099,45.9831,46.0549,46.1268,46.1995,46.2397,46.3116,46.3845,46.4584,46.5323,46.6072,46.6832,46.7604,46.8388,46.9186,46.9996,47.0821,47.1661,47.2515,47.3385,47.4271,47.5174,47.6093,47.7030,47.7984,47.8956,47.9947,48.0957,48.1986,48.3034,48.4101,48.5188,48.6295,48.7421,48.8567,48.9732,49.0916,49.2119,49.3340,49.4578,49.5833,49.7104,49.8389,49.9688,50.1000,50.2323,50.3656,50.4996,50.5284,50.6667
45113.7500000,2.3353,6.0465,7.8226,6.8745,12.5737,10.7684,9.9268,5.5360,9.3953,9.9284,8.7860,8.0880,4.3876,7.6338,7.0305,7.1232,8.9724,8.2499,5.6388,3.8315,9.8616,4.0857,3.3474,5.6131,5.8711,16.0086,5.6487,2.0681,7.4436,3.4942,6.8824,2.9803,6.1263,8.6372,11.7234,6.5942,8.3190,29.3786,3.9248,12.2147,10.3050,10.9700,7.0281,9.0675,50.4119,10.1486,7.1215,10.5938,3.8708,6.4618,8.9981,9.7620,27.9002,10.1824,3.4771,7.3463,5.1128,9.4050,14.0254,10.5085,10.8641,8.4369,7.7996,2.8340,8.4148,3.8064,23.3650,15.6430,-3.1597,0.9356,5.5552,5.6276,4.5868,1.0225,7.0695,7.8224,6.3122,11.0626,6.6183,17.7611,22.8991,20.1507,12.7262,10.4531,11.2278,8.4361,16.1924,12.6691,13.7714,9.9017,12.8730,20.0572,14.2500,11.3854,5.0481,8.8169,8.7554,13.8916,10.7371,8.9807,8.7603,34.2157,8.0347,19.2468,12.2617,40.4531,33.4631,34.4688,13.0468,27.5466,13.5292,2.8144,8.5356,7.5248,8.9372,13.1541,5.1787,9.9214,7.8117,8.5309,1.4372,8.1002,4.2403,8.6463,15.2539,10.1655,8.2330,31.6911,8.6404,2.7547,4.9181,3.8920,5.5129,8.0343,29.7376,18.7672,17.9860,23.8133,17.8625,5.6051,4.6137,8.3608,5.0432,16.6396,7.7942,1.8424,3.0742,9.9093,6.8220,6.3889,4.6683,1.5490,2.9296,2.2492,9.3680,10.0382,10.1179,10.1988,8.7125,6.8538,41.3708,18.3435,18.2417,16.9673,20.8268,10.2592,36.7506,10.5423,8.7206,14.9364,1.3044,3.9848,4.0201,11.2257,8.7388,27.9847,20.5524,22.0015,6.5087,18.4175,34.9798,11.4190,26.9961,13.7559,8.6794,13.9108,12.7644,13.0569,13.3608,13.6781,14.0103,14.3277,14.6899,15.0695,15.4677,15.8844,16.3216,28.9675,29.0411,29.1159,29.1919,29.2692,29.3480,29.4281,29.5096,29.5927,29.6773,29.7635,29.8512,29.9407,30.0318,30.1246,30.2192,30.3156,30.4138,30.5138,30.6156,30.7193,30.8248,30.9321,31.0413,31.1522,31.2649,31.3794,31.4955,31.6132,31.7324,31.8531,31.9752,32.0985,32.2229,32.3484,32.4747,32.6016,32.6325,32.7633
45113.7916667,1.7110,4.2930,5.3787,5.0358,8.7697,6.8239,6.1397,3.4099,6.2201,6.2344,5.6230,5.0377,3.2134,4.7388,4.3834,4.4780,5.7780,5.2829,3.8129,2.7094,6.6808,2.5994,2.4511,4.0695,4.2985,9.0624,4.1351,1.5139,5.2532,1.6561,3.9534,2.1815,2.8232,4.3681,4.2829,3.6592,5.8052,6.3381,2.2535,7.9195,6.8751,7.2650,4.1889,5.6057,12.3266,5.8229,4.5165,5.1597,2.7122,3.8697,5.8884,5.5400,6.7002,6.7847,2.5436,2.9926,3.1029,4.8207,8.8731,6.5937,6.8942,5.2163,2.2981,2.0732,3.3445,2.7835,8.7870,6.8512,-1.7564,0.6923,4.0291,4.0150,3.2379,0.7705,4.3036,5.7195,4.6153,5.5244,3.8510,6.1342,13.0072,11.3864,8.2094,6.5697,5.1669,5.3632,8.3854,6.2286,7.4872,6.2540,7.8728,8.8612,9.7282,7.0746,3.5904,4.6525,5.6591,8.7018,6.7709,5.7263,6.2699,13.4150,5.3594,5.8878,8.8422,17.1993,8.7778,8.3252,3.9491,7.6985,6.1259,1.9066,5.9551,4.8853,5.7938,6.5944,3.7568,6.5765,5.4103,5.7860,1.0188,5.2106,2.9064,4.9320,4.1017,5.8065,5.6207,7.7414,4.7506,1.7645,3.2718,2.8413,3.5819,4.5314,5.4632,3.7090,6.8351,9.4629,6.8924,3.2207,2.0372,5.3556,3.4675,6.5991,5.4379,1.3447,2.2436,6.9779,4.5684,3.4384,3.1312,1.0280,1.9600,1.5106,3.8797,6.5861,7.3002,7.0840,6.3477,3.7426,9.9755,7.1799,9.4500,9.1775,10.9258,7.0249,8.9428,5.9519,5.2346,6.1181,0.9007,2.2697,2.5595,5.4548,4.9286,11.3666,4.9012,5.3540,4.2085,10.1384,14.1050,6.1823,5.6525,6.9993,5.4382,7.2806,6.6454,6.7165,6.7886,6.8631,7.3624,6.9763,7.0549,7.1369,7.2224,7.3112,7.4041,7.5015,7.6038,7.7114,7.8249,7.9324,8.0566,8.1879,8.3267,8.4738,8.6298,8.7956,8.9717,9.1593,9.3592,9.5724,12.7478,12.8197,12.8929,12.9676,13.0436,13.1210,13.1997,13.2799,13.3615,13.4444,13.5286,13.6142,13.7011,13.7891,13.8784,13.9687,14.0602,14.1525,14.2458,14.3398,14.4345,14.5298,14.5548,14.6530
45113.8333333,0.6578,1.5178,2.0177,1.9356,3.3702,2.5953,2.3292,1.1440,2.2737,2.3886,2.1639,1.9181,1.2349,1.8211,1.6613,1.7014,2.1996,2.0261,1.4561,1.0140,2.4135,0.9988,0.9418,1.5636,1.6514,3.4303,1.5885,0.5815,1.9735,0.6362,1.2570,0.8379,1.0844,1.6778,1.6450,1.4055,2.2296,2.2887,0.8016,3.0127,2.6403,2.7748,1.6015,2.1447,4.5466,2.2214,1.7175,1.9178,1.0389,1.4658,2.2451,2.0790,2.3682,2.5722,0.9765,0.9900,1.1912,1.8508,3.3041,2.5315,2.6469,2.0027,0.8823,0.7960,1.2205,1.0683,1.7468,1.6853,-0.6582,0.2664,1.5266,1.5005,1.2426,0.2957,1.6515,2.1949,1.7711,2.1200,1.4778,2.3536,4.9899,4.3681,3.5668,2.4891,1.9818,2.0456,3.1969,2.3891,2.7854,2.3865,2.6232,3.3141,3.6991,2.7134,1.3364,1.7844,2.1522,3.3148,2.5685,2.1818,2.3918,2.8116,2.0484,2.1760,3.2031,4.0968,3.3659,3.1921,1.5142,2.9519,1.6968,0.7281,2.2313,1.8562,2.2025,1.8705,1.4072,2.5073,2.0400,2.0955,0.3906,1.9910,1.1094,2.0568,1.5774,2.0393,2.1375,2.9656,1.7926,0.6242,1.1738,1.0475,1.1908,1.4245,2.0935,1.4213,1.4224,2.0803,1.4760,1.2221,0.7806,1.8817,1.3139,1.4938,2.0786,0.5152,0.8597,2.6734,1.7058,1.2877,1.1965,0.3929,0.7468,0.5291,1.2292,2.4371,2.7928,2.7010,2.3975,1.4255,3.6362,2.7266,3.0936,3.4398,4.1051,2.9614,3.2989,1.8873,1.6746,1.4716,0.3453,0.8555,0.9707,1.9226,1.8690,2.5647,1.7582,1.9238,1.5972,3.7911,3.1056,2.3189,2.0607,2.6032,2.0564,2.7088,2.4685,2.4881,2.5075,2.5268,2.5465,2.5578,2.5773,2.5971,2.6171,2.6372,2.6576,2.6783,2.6993,2.7207,2.7425,2.7647,2.7872,2.8102,2.8335,2.8573,2.8816,2.9063,2.9315,2.9572,2.9833,3.0100,3.0372,3.0649,3.0931,3.1219,3.1512,3.1810,3.2114,3.2423,3.2738,3.3057,3.3382,3.3713,3.4048,3.4388,3.4732,3.5081,3.5434,3.5791,3.6151,3.6514,3.6880,3.7248,3.7348,3.7727
45113.8750000,0.0000,0.0000,0.0000,0.0000,0.0000,0.0000,0.0000,0.0000,0.0000,0.0000,0.0000,0.0000,0.0000,0.0000,0.0000,0.0000,0.0000,0.0000,0.0000,0.0000,0.0000,0.0000,0.0000,0.0000,0.0000,0.0000,0.0000,0.0000,0.0000,0.0000,0.0000,0.0000,0.0000,0.0000,0.0000,0.0000,0.0000,0.0000,0.0000,0.0000,0.0000,0.0000,0.0000,0.0000,0.0000,0.0000,0.0000,0.0000,0.0000,0.0000,0.0000,0.0000,0.0000,0.0000,0.0000,0.0000,0.0000,0.0000,0.0000,0.0000,0.0000,0.0000,0.0000,0.0000,0.0000,0.0000,0.0000,0.0000,0.0000,0.0000,0.0000,0.0000,0.0000,0.0000,0.0000,0.0000,0.0000,0.0000,0.0000,0.0000,0.0000,0.0000,0.0000,0.0000,0.0000,0.0000,0.0000,0.0000,0.0000,0.0000,0.0000,0.0000,0.0000,0.0000,0.0000,0.0000,0.0000,0.0000,0.0000,0.0000,0.0000,0.0000,0.0000,0.0000,0.0000,0.0000,0.0000,0.0000,0.0000,0.0000,0.0000,0.0000,0.0000,0.0000,0.0000,0.0000,0.0000,0.0000,0.0000,0.0000,0.0000,0.0000,0.0000,0.0000,0.0000,0.0000,0.0000,0.0000,0.0000,0.0000,0.0000,0.0000,0.0000,0.0000,0.0000,0.0000,0.0000,0.0000,0.0000,0.0000,0.0000,0.0000,0.0000,0.0000,0.0000,0.0000,0.0000,0.0000,0.0000,0.0000,0.0000,0.0000,0.0000,0.0000,0.0000,0.0000,0.0000,0.0000,0.0000,0.0000,0.0000,0.0000,0.0000,0.0000,0.0000,0.0000,0.0000,0.0000,0.0000,0.0000,0.0000,0.0000,0.0000,0.0000,0.0000,0.0000,0.0000,0.0000,0.0000,0.0000,0.0000,0.0000,0.0000,0.0000,0.0000,0.0000,0.0000,0.0000,0.0000,0.0000,0.0000,0.0000,0.0000,0.0000,0.0000,0.0000,0.0000,0.0000,0.0000,0.0000,0.0000,0.0000,0.0000,0.0000,0.0000,0.0000,0.0000,0.0000,0.0000,0.0000,0.0000,0.0000,0.0000,0.0000,0.0000,0.0000,0.0000,0.0000,0.0000,0.0000,0.0000,0.0000,0.0000,0.0000,0.0000,0.0000,0.0000,0.0000,0.0000,0.0000,0.0000,0.0000,0.0000,0.0000,0.0000,0.0000
45113.9166667,0.0000,0.0000,0.0000,0.0000,0.0000,0.0000,0.0000,0.0000,0.0000,0.0000,0.0000,0.0000,0.0000,0.0000,0.0000,0.0000,0.0000,0.0000,0.0000,0.0000,0.0000,0.0000,0.0000,0.0000,0.0000,0.0000,0.0000,0.0000,0.0000,0.0000,0.0000,0.0000,0.0000,0.0000,0.0000,0.0000,0.0000,0.0000,0.0000,0.0000,0.0000,0.0000,0.0000,0.0000,0.0000,0.0000,0.0000,0.0000,0.0000,0.0000,0.0000,0.0000,0.0000,0.0000,0.0000,0.0000,0.0000,0.0000,0.0000,0.0000,0.0000,0.0000,0.0000,0.0000,0.0000,0.0000,0.0000,0.0000,0.0000,0.0000,0.0000,0.0000,0.0000,0.0000,0.0000,0.0000,0.0000,0.0000,0.0000,0.0000,0.0000,0.0000,0.0000,0.0000,0.0000,0.0000,0.0000,0.0000,0.0000,0.0000,0.0000,0.0000,0.0000,0.0000,0.0000,0.0000,0.0000,0.0000,0.0000,0.0000,0.0000,0.0000,0.0000,0.0000,0.0000,0.0000,0.0000,0.0000,0.0000,0.0000,0.0000,0.0000,0.0000,0.0000,0.0000,0.0000,0.0000,0.0000,0.0000,0.0000,0.0000,0.0000,0.0000,0.0000,0.0000,0.0000,0.0000,0.0000,0.0000,0.0000,0.0000,0.0000,0.0000,0.0000,0.0000,0.0000,0.0000,0.0000,0.0000,0.0000,0.0000,0.0000,0.0000,0.0000,0.0000,0.0000,0.0000,0.0000,0.0000,0.0000,0.0000,0.0000,0.0000,0.0000,0.0000,0.0000,0.0000,0.0000,0.0000,0.0000,0.0000,0.0000,0.0000,0.0000,0.0000,0.0000,0.0000,0.0000,0.0000,0.0000,0.0000,0.0000,0.0000,0.0000,0.0000,0.0000,0.0000,0.0000,0.0000,0.0000,0.0000,0.0000,0.0000,0.0000,0.0000,0.0000,0.0000,0.0000,0.0000,0.0000,0.0000,0.0000,0.0000,0.0000,0.0000,0.0000,0.0000,0.0000,0.0000,0.0000,0.0000,0.0000,0.0000,0.0000,0.0000,0.0000,0.0000,0.0000,0.0000,0.0000,0.0000,0.0000,0.0000,0.0000,0.0000,0.0000,0.0000,0.0000,0.0000,0.0000,0.0000,0.0000,0.0000,0.0000,0.0000,0.0000,0.0000,0.0000,0.0000,0.0000,0.0000,0.0000,0.0000,0.0000,0.0000,0.0000
45113.9583333,0.0000,0.0000,0.0000,0.0000,0.0000,0.0000,0.0000,0.0000,0.0000,0.0000,0.0000,0.0000,0.0000,0.0000,0.0000,0.0000,0.0000,0.0000,0.0000,0.0000,0.0000,0.0000,0.0000,0.0000,0.0000,0.0000,0.0000,0.0000,0.0000,0.0000,0.0000,0.0000,0.0000,0.0000,0.0000,0.0000,0.0000,0.0000,0.0000,0.0000,0.0000,0.0000,0.0000,0.0000,0.0000,0.0000,0.0000,0.0000,0.0000,0.0000,0.0000,0.0000,0.0000,0.0000,0.0000,0.0000,0.0000,0.0000,0.0000,0.0000,0.0000,0.0000,0.0000,0.0000,0.0000,0.0000,0.0000,0.0000,0.0000,0.0000,0.0000,0.0000,0.0000,0.0000,0.0000,0.0000,0.0000,0.0000,0.0000,0.0000,0.0000,0.0000,0.0000,0.0000,0.0000,0.0000,0.0000,0.0000,0.0000,0.0000,0.0000,0.0000,0.0000,0.0000,0.0000,0.0000,0.0000,0.0000,0.0000,0.0000,0.0000,0.0000,0.0000,0.0000,0.0000,0.0000,0.0000,0.0000,0.0000,0.0000,0.0000,0.0000,0.0000,0.0000,0.0000,0.0000,0.0000,0.0000,0.0000,0.0000,0.0000,0.0000,0.0000,0.0000,0.0000,0.0000,0.0000,0.0000,0.0000,0.0000,0.0000,0.0000,0.0000,0.0000,0.0000,0.0000,0.0000,0.0000,0.0000,0.0000,0.0000,0.0000,0.0000,0.0000,0.0000,0.0000,0.0000,0.0000,0.0000,0.0000,0.0000,0.0000,0.0000,0.0000,0.0000,0.0000,0.0000,0.0000,0.0000,0.0000,0.0000,0.0000,0.0000,0.0000,0.0000,0.0000,0.0000,0.0000,0.0000,0.0000,0.0000,0.0000,0.0000,0.0000,0.0000,0.0000,0.0000,0.0000,0.0000,0.0000,0.0000,0.0000,0.0000,0.0000,0.0000,0.0000,0.0000,0.0000,0.0000,0.0000,0.0000,0.0000,0.0000,0.0000,0.0000,0.0000,0.0000,0.0000,0.0000,0.0000,0.0000,0.0000,0.0000,0.0000,0.0000,0.0000,0.0000,0.0000,0.0000,0.0000,0.0000,0.0000,0.0000,0.0000,0.0000,0.0000,0.0000,0.0000,0.0000,0.0000,0.0000,0.0000,0.0000,0.0000,0.0000,0.0000,0.0000,0.0000,0.0000,0.0000,0.0000,0.0000,0.0000,0.0000,0.0000,0.0000
45114.0000000,0.0000,0.0000,0.0000,0.0000,0.0000,0.0000,0.0000,0.0000,0.0000,0.0000,0.0000,0.0000,0.0000,0.0000,0.0000,0.0000,0.0000,0.0000,0.0000,0.0000,0.0000,0.0000,0.0000,0.0000,0.0000,0.0000,0.0000,0.0000,0.0000,0.0000,0.0000,0.0000,0.0000,0.0000,0.0000,0.0000,0.0000,0.0000,0.0000,0.0000,0.0000,0.0000,0.0000,0.0000,0.0000,0.0000,0.0000,0.0000,0.0000,0.0000,0.0000,0.0000,0.0000,0.0000,0.0000,0.0000,0.0000,0.0000,0.0000,0.0000,0.0000,0.0000,0.0000,0.0000,0.0000,0.0000,0.0000,0.0000,0.0000,0.0000,0.0000,0.0000,0.0000,0.0000,0.0000,0.0000,0.0000,0.0000,0.0000,0.0000,0.0000,0.0000,0.0000,0.0000,0.0000,0.0000,0.0000,0.0000,0.0000,0.0000,0.0000,0.0000,0.0000,0.0000,0.0000,0.0000,0.0000,0.0000,0.0000,0.0000,0.0000,0.0000,0.0000,0.0000,0.0000,0.0000,0.0000,0.0000,0.0000,0.0000,0.0000,0.0000,0.0000,0.0000,0.0000,0.0000,0.0000,0.0000,0.0000,0.0000,0.0000,0.0000,0.0000,0.0000,0.0000,0.0000,0.0000,0.0000,0.0000,0.0000,0.0000,0.0000,0.0000,0.0000,0.0000,0.0000,0.0000,0.0000,0.0000,0.0000,0.0000,0.0000,0.0000,0.0000,0.0000,0.0000,0.0000,0.0000,0.0000,0.0000,0.0000,0.0000,0.0000,0.0000,0.0000,0.0000,0.0000,0.0000,0.0000,0.0000,0.0000,0.0000,0.0000,0.0000,0.0000,0.0000,0.0000,0.0000,0.0000,0.0000,0.0000,0.0000,0.0000,0.0000,0.0000,0.0000,0.0000,0.0000,0.0000,0.0000,0.0000,0.0000,0.0000,0.0000,0.0000,0.0000,0.0000,0.0000,0.0000,0.0000,0.0000,0.0000,0.0000,0.0000,0.0000,0.0000,0.0000,0.0000,0.0000,0.0000,0.0000,0.0000,0.0000,0.0000,0.0000,0.0000,0.0000,0.0000,0.0000,0.0000,0.0000,0.0000,0.0000,0.0000,0.0000,0.0000,0.0000,0.0000,0.0000,0.0000,0.0000,0.0000,0.0000,0.0000,0.0000,0.0000,0.0000,0.0000,0.0000,0.0000,0.0000,0.0000,0.0000,0.0000,0.0000,0.0000
45114.0416667,0.0000,0.0000,0.0000,0.0000,0.0000,0.0000,0.0000,0.0000,0.0000,0.0000,0.0000,0.0000,0.0000,0.0000,0.0000,0.0000,0.0000,0.0000,0.0000,0.0000,0.0000,0.0000,0.0000,0.0000,0.0000,0.0000,0.0000,0.0000,0.0000,0.0000,0.0000,0.0000,0.0000,0.0000,0.0000,0.0000,0.0000,0.0000,0.0000,0.0000,0.0000,0.0000,0.0000,0.0000,0.0000,0.0000,0.0000,0.0000,0.0000,0.0000,0.0000,0.0000,0.0000,0.0000,0.0000,0.0000,0.0000,0.0000,0.0000,0.0000,0.0000,0.0000,0.0000,0.0000,0.0000,0.0000,0.0000,0.0000,0.0000,0.0000,0.0000,0.0000,0.0000,0.0000,0.0000,0.0000,0.0000,0.0000,0.0000,0.0000,0.0000,0.0000,0.0000,0.0000,0.0000,0.0000,0.0000,0.0000,0.0000,0.0000,0.0000,0.0000,0.0000,0.0000,0.0000,0.0000,0.0000,0.0000,0.0000,0.0000,0.0000,0.0000,0.0000,0.0000,0.0000,0.0000,0.0000,0.0000,0.0000,0.0000,0.0000,0.0000,0.0000,0.0000,0.0000,0.0000,0.0000,0.0000,0.0000,0.0000,0.0000,0.0000,0.0000,0.0000,0.0000,0.0000,0.0000,0.0000,0.0000,0.0000,0.0000,0.0000,0.0000,0.0000,0.0000,0.0000,0.0000,0.0000,0.0000,0.0000,0.0000,0.0000,0.0000,0.0000,0.0000,0.0000,0.0000,0.0000,0.0000,0.0000,0.0000,0.0000,0.0000,0.0000,0.0000,0.0000,0.0000,0.0000,0.0000,0.0000,0.0000,0.0000,0.0000,0.0000,0.0000,0.0000,0.0000,0.0000,0.0000,0.0000,0.0000,0.0000,0.0000,0.0000,0.0000,0.0000,0.0000,0.0000,0.0000,0.0000,0.0000,0.0000,0.0000,0.0000,0.0000,0.0000,0.0000,0.0000,0.0000,0.0000,0.0000,0.0000,0.0000,0.0000,0.0000,0.0000,0.0000,0.0000,0.0000,0.0000,0.0000,0.0000,0.0000,0.0000,0.0000,0.0000,0.0000,0.0000,0.0000,0.0000,0.0000,0.0000,0.0000,0.0000,0.0000,0.0000,0.0000,0.0000,0.0000,0.0000,0.0000,0.0000,0.0000,0.0000,0.0000,0.0000,0.0000,0.0000,0.0000,0.0000,0.0000,0.0000,0.0000,0.0000,0.0000,0.0000
45114.0833333,0.0000,0.0000,0.0000,0.0000,0.0000,0.0000,0.0000,0.0000,0.0000,0.0000,0.0000,0.0000,0.0000,0.0000,0.0000,0.0000,0.0000,0.0000,0.0000,0.0000,0.0000,0.0000,0.0000,0.0000,0.0000,0.0000,0.0000,0.0000,0.0000,0.0000,0.0000,0.0000,0.0000,0.0000,0.0000,0.0000,0.0000,0.0000,0.0000,0.0000,0.0000,0.0000,0.0000,0.0000,0.0000,0.0000,0.0000,0.0000,0.0000,0.0000,0.0000,0.0000,0.0000,0.0000,0.0000,0.0000,0.0000,0.0000,0.0000,0.0000,0.0000,0.0000,0.0000,0.0000,0.0000,0.0000,0.0000,0.0000,0.0000,0.0000,0.0000,0.0000,0.0000,0.0000,0.0000,0.0000,0.0000,0.0000,0.0000,0.0000,0.0000,0.0000,0.0000,0.0000,0.0000,0.0000,0.0000,0.0000,0.0000,0.0000,0.0000,0.0000,0.0000,0.0000,0.0000,0.0000,0.0000,0.0000,0.0000,0.0000,0.0000,0.0000,0.0000,0.0000,0.0000,0.0000,0.0000,0.0000,0.0000,0.0000,0.0000,0.0000,0.0000,0.0000,0.0000,0.0000,0.0000,0.0000,0.0000,0.0000,0.0000,0.0000,0.0000,0.0000,0.0000,0.0000,0.0000,0.0000,0.0000,0.0000,0.0000,0.0000,0.0000,0.0000,0.0000,0.0000,0.0000,0.0000,0.0000,0.0000,0.0000,0.0000,0.0000,0.0000,0.0000,0.0000,0.0000,0.0000,0.0000,0.0000,0.0000,0.0000,0.0000,0.0000,0.0000,0.0000,0.0000,0.0000,0.0000,0.0000,0.0000,0.0000,0.0000,0.0000,0.0000,0.0000,0.0000,0.0000,0.0000,0.0000,0.0000,0.0000,0.0000,0.0000,0.0000,0.0000,0.0000,0.0000,0.0000,0.0000,0.0000,0.0000,0.0000,0.0000,0.0000,0.0000,0.0000,0.0000,0.0000,0.0000,0.0000,0.0000,0.0000,0.0000,0.0000,0.0000,0.0000,0.0000,0.0000,0.0000,0.0000,0.0000,0.0000,0.0000,0.0000,0.0000,0.0000,0.0000,0.0000,0.0000,0.0000,0.0000,0.0000,0.0000,0.0000,0.0000,0.0000,0.0000,0.0000,0.0000,0.0000,0.0000,0.0000,0.0000,0.0000,0.0000,0.0000,0.0000,0.0000,0.0000,0.0000,0.0000,0.0000,0.0000,0.0000,0.0000
45114.1250000,0.0000,0.0000,0.0000,0.0000,0.0000,0.0000,0.0000,0.0000,0.0000,0.0000,0.0000,0.0000,0.0000,0.0000,0.0000,0.0000,0.0000,0.0000,0.0000,0.0000,0.0000,0.0000,0.0000,0.0000,0.0000,0.0000,0.0000,0.0000,0.0000,0.0000,0.0000,0.0000,0.0000,0.0000,0.0000,0.0000,0.0000,0.0000,0.0000,0.0000,0.0000,0.0000,0.0000,0.0000,0.0000,0.0000,0.0000,0.0000,0.0000,0.0000,0.0000,0.0000,0.0000,0.0000,0.0000,0.0000,0.0000,0.0000,0.0000,0.0000,0.0000,0.0000,0.0000,0.0000,0.0000,0.0000,0.0000,0.0000,0.0000,0.0000,0.0000,0.0000,0.0000,0.0000,0.0000,0.0000,0.0000,0.0000,0.0000,0.0000,0.0000,0.0000,0.0000,0.0000,0.0000,0.0000,0.0000,0.0000,0.0000,0.0000,0.0000,0.0000,0.0000,0.0000,0.0000,0.0000,0.0000,0.0000,0.0000,0.0000,0.0000,0.0000,0.0000,0.0000,0.0000,0.0000,0.0000,0.0000,0.0000,0.0000,0.0000,0.0000,0.0000,0.0000,0.0000,0.0000,0.0000,0.0000,0.0000,0.0000,0.0000,0.0000,0.0000,0.0000,0.0000,0.0000,0.0000,0.0000,0.0000,0.0000,0.0000,0.0000,0.0000,0.0000,0.0000,0.0000,0.0000,0.0000,0.0000,0.0000,0.0000,0.0000,0.0000,0.0000,0.0000,0.0000,0.0000,0.0000,0.0000,0.0000,0.0000,0.0000,0.0000,0.0000,0.0000,0.0000,0.0000,0.0000,0.0000,0.0000,0.0000,0.0000,0.0000,0.0000,0.0000,0.0000,0.0000,0.0000,0.0000,0.0000,0.0000,0.0000,0.0000,0.0000,0.0000,0.0000,0.0000,0.0000,0.0000,0.0000,0.0000,0.0000,0.0000,0.0000,0.0000,0.0000,0.0000,0.0000,0.0000,0.0000,0.0000,0.0000,0.0000,0.0000,0.0000,0.0000,0.0000,0.0000,0.0000,0.0000,0.0000,0.0000,0.0000,0.0000,0.0000,0.0000,0.0000,0.0000,0.0000,0.0000,0.0000,0.0000,0.0000,0.0000,0.0000,0.0000,0.0000,0.0000,0.0000,0.0000,0.0000,0.0000,0.0000,0.0000,0.0000,0.0000,0.0000,0.0000,0.0000,0.0000,0.0000,0.0000,0.0000,0.0000,0.0000,0.0000
45114.1666667,0.0000,0.0000,0.0000,0.0000,0.0000,0.0000,0.0000,0.0000,0.0000,0.0000,0.0000,0.0000,0.0000,0.0000,0.0000,0.0000,0.0000,0.0000,0.0000,0.0000,0.0000,0.0000,0.0000,0.0000,0.0000,0.0000,0.0000,0.0000,0.0000,0.0000,0.0000,0.0000,0.0000,0.0000,0.0000,0.0000,0.0000,0.0000,0.0000,0.0000,0.0000,0.0000,0.0000,0.0000,0.0000,0.0000,0.0000,0.0000,0.0000,0.0000,0.0000,0.0000,0.0000,0.0000,0.0000,0.0000,0.0000,0.0000,0.0000,0.0000,0.0000,0.0000,0.0000,0.0000,0.0000,0.0000,0.0000,0.0000,0.0000,0.0000,0.0000,0.0000,0.0000,0.0000,0.0000,0.0000,0.0000,0.0000,0.0000,0.0000,0.0000,0.0000,0.0000,0.0000,0.0000,0.0000,0.0000,0.0000,0.0000,0.0000,0.0000,0.0000,0.0000,0.0000,0.0000,0.0000,0.0000,0.0000,0.0000,0.0000,0.0000,0.0000,0.0000,0.0000,0.0000,0.0000,0.0000,0.0000,0.0000,0.0000,0.0000,0.0000,0.0000,0.0000,0.0000,0.0000,0.0000,0.0000,0.0000,0.0000,0.0000,0.0000,0.0000,0.0000,0.0000,0.0000,0.0000,0.0000,0.0000,0.0000,0.0000,0.0000,0.0000,0.0000,0.0000,0.0000,0.0000,0.0000,0.0000,0.0000,0.0000,0.0000,0.0000,0.0000,0.0000,0.0000,0.0000,0.0000,0.0000,0.0000,0.0000,0.0000,0.0000,0.0000,0.0000,0.0000,0.0000,0.0000,0.0000,0.0000,0.0000,0.0000,0.0000,0.0000,0.0000,0.0000,0.0000,0.0000,0.0000,0.0000,0.0000,0.0000,0.0000,0.0000,0.0000,0.0000,0.0000,0.0000,0.0000,0.0000,0.0000,0.0000,0.0000,0.0000,0.0000,0.0000,0.0000,0.0000,0.0000,0.0000,0.0000,0.0000,0.0000,0.0000,0.0000,0.0000,0.0000,0.0000,0.0000,0.0000,0.0000,0.0000,0.0000,0.0000,0.0000,0.0000,0.0000,0.0000,0.0000,0.0000,0.0000,0.0000,0.0000,0.0000,0.0000,0.0000,0.0000,0.0000,0.0000,0.0000,0.0000,0.0000,0.0000,0.0000,0.0000,0.0000,0.0000,0.0000,0.0000,0.0000,0.0000,0.0000,0.0000,0.0000,0.0000,0.0000
45114.2083333,0.0000,0.0000,0.0000,0.0000,0.0000,0.0000,0.0000,0.0000,0.0000,0.0000,0.0000,0.0000,0.0000,0.0000,0.0000,0.0000,0.0000,0.0000,0.0000,0.0000,0.0000,0.0000,0.0000,0.0000,0.0000,0.0000,0.0000,0.0000,0.0000,0.0000,0.0000,0.0000,0.0000,0.0000,0.0000,0.0000,0.0000,0.0000,0.0000,0.0000,0.0000,0.0000,0.0000,0.0000,0.0000,0.0000,0.0000,0.0000,0.0000,0.0000,0.0000,0.0000,0.0000,0.0000,0.0000,0.0000,0.0000,0.0000,0.0000,0.0000,0.0000,0.0000,0.0000,0.0000,0.0000,0.0000,0.0000,0.0000,0.0000,0.0000,0.0000,0.0000,0.0000,0.0000,0.0000,0.0000,0.0000,0.0000,0.0000,0.0000,0.0000,0.0000,0.0000,0.0000,0.0000,0.0000,0.0000,0.0000,0.0000,0.0000,0.0000,0.0000,0.0000,0.0000,0.0000,0.0000,0.0000,0.0000,0.0000,0.0000,0.0000,0.0000,0.0000,0.0000,0.0000,0.0000,0.0000,0.0000,0.0000,0.0000,0.0000,0.0000,0.0000,0.0000,0.0000,0.0000,0.0000,0.0000,0.0000,0.0000,0.0000,0.0000,0.0000,0.0000,0.0000,0.0000,0.0000,0.0000,0.0000,0.0000,0.0000,0.0000,0.0000,0.0000,0.0000,0.0000,0.0000,0.0000,0.0000,0.0000,0.0000,0.0000,0.0000,0.0000,0.0000,0.0000,0.0000,0.0000,0.0000,0.0000,0.0000,0.0000,0.0000,0.0000,0.0000,0.0000,0.0000,0.0000,0.0000,0.0000,0.0000,0.0000,0.0000,0.0000,0.0000,0.0000,0.0000,0.0000,0.0000,0.0000,0.0000,0.0000,0.0000,0.0000,0.0000,0.0000,0.0000,0.0000,0.0000,0.0000,0.0000,0.0000,0.0000,0.0000,0.0000,0.0000,0.0000,0.0000,0.0000,0.0000,0.0000,0.0000,0.0000,0.0000,0.0000,0.0000,0.0000,0.0000,0.0000,0.0000,0.0000,0.0000,0.0000,0.0000,0.0000,0.0000,0.0000,0.0000,0.0000,0.0000,0.0000,0.0000,0.0000,0.0000,0.0000,0.0000,0.0000,0.0000,0.0000,0.0000,0.0000,0.0000,0.0000,0.0000,0.0000,0.0000,0.0000,0.0000,0.0000,0.0000,0.0000,0.0000,0.0000,0.0000,0.0000,0.0000
45114.2500000,0.2406,0.5520,0.7360,0.7031,1.2197,0.9431,0.8470,0.4207,0.8303,0.8630,0.7799,0.7017,0.4585,0.6677,0.6082,0.6252,0.8062,0.7436,0.5389,0.3789,0.8796,0.3661,0.3491,0.5730,0.6053,1.2467,0.5804,0.2159,0.7232,0.2373,0.4618,0.3064,0.3971,0.6148,0.6007,0.5157,0.8129,0.8348,0.2952,1.0963,0.9599,1.0097,0.5829,0.7798,1.6445,0.8090,0.6298,0.6987,0.3868,0.5345,0.8182,0.7598,0.8648,0.9352,0.3609,0.3612,0.4355,0.6732,1.1979,0.9205,0.9631,0.7299,0.3214,0.2896,0.4456,0.3891,0.6355,0.6116,-0.2233,0.1037,0.5518,0.5396,0.4467,0.1111,0.5923,0.7863,0.6351,0.7579,0.5283,0.8402,1.7804,1.5592,1.1216,0.8895,0.7077,0.7312,1.1413,0.8533,0.9941,0.8526,0.9362,1.1823,1.3194,0.9682,0.4779,0.6372,0.7683,1.1766,0.9150,0.7760,0.8538,1.0029,0.7371,0.7822,1.1492,1.4691,1.2087,1.1461,0.5508,1.0748,0.6176,0.2677,0.7993,0.6683,0.7908,0.6730,0.5076,0.8991,0.7326,0.7531,0.1462,0.7166,0.4011,0.6717,0.5638,0.7329,0.7693,1.0636,0.6448,0.2273,0.4239,0.3792,0.4295,0.5122,0.7503,0.5115,0.5121,0.7472,0.5315,0.4408,0.2821,0.6710,0.4701,0.5379,0.7453,0.1879,0.3114,0.9568,0.6118,0.4621,0.4309,0.1456,0.2724,0.1915,0.4423,0.8724,1.0002,0.9328,0.8594,0.5070,1.3008,0.9732,0.9827,1.2271,1.4662,0.9134,1.0965,0.6743,0.6028,0.5306,0.1280,0.3117,0.3510,0.6916,0.6724,0.9187,0.6310,0.6899,0.5732,1.3540,1.1100,0.8295,0.7371,0.9298,0.7349,0.9679,0.8825,0.8894,0.8962,0.9030,0.9099,0.9138,0.9207,0.9276,0.9347,0.9417,0.9489,0.9562,0.9636,0.9712,0.9788,0.9866,0.9946,1.0027,1.0110,1.0194,1.0280,1.0367,1.0457,1.0548,1.0640,1.0735,1.0832,1.0930,1.1030,1.1132,1.1237,1.1343,1.1451,1.1561,1.1673,1.1787,1.1902,1.2020,1.2139,1.2261,1.2383,1.2508,1.2634,1.2761,1.2889,1.3019,1.3150,1.3281,1.3317,1.3452
45114.2916667,1.4349,3.2926,4.3908,4.1949,7.2779,5.7222,5.0548,2.5103,5.0258,5.1624,4.6843,4.2002,2.7746,4.0079,3.6300,3.7312,5.1186,4.4478,3.2233,2.2614,5.2502,2.1853,2.0843,3.5530,3.7614,7.5715,3.4694,1.2893,4.3766,1.4542,2.7662,1.8428,2.9768,4.2046,3.5883,3.0803,4.9273,5.0879,2.0711,6.5822,5.7347,6.0459,3.4828,4.6598,9.8278,4.8348,3.7641,4.1754,2.3120,3.1945,4.9748,4.6344,5.3509,5.6278,2.1583,2.2200,2.6050,4.0684,7.2003,5.5815,5.8801,4.3850,1.9240,1.7343,3.8095,2.3337,3.8154,3.6767,-1.3040,0.6484,3.3570,3.2940,2.7445,0.6943,3.6852,4.7717,3.8827,4.6429,3.3725,5.0449,10.8502,9.4326,6.8350,7.0136,4.2543,4.3996,6.8577,5.1281,5.9705,5.1250,5.6215,7.0952,7.9182,5.8116,2.8724,3.8402,4.6106,7.0564,5.5007,4.7614,5.1659,6.0154,4.4198,4.8792,7.0890,12.4263,10.2290,10.0911,4.2825,8.7076,4.6536,1.6092,4.9109,4.0574,4.8934,4.3893,3.0747,5.4286,4.4569,4.5742,0.8792,4.4691,2.4272,4.0296,3.3811,4.6793,4.6399,6.4466,3.8682,1.3709,2.5755,2.3409,2.7129,5.1634,4.5858,3.3207,3.0805,5.5343,4.8774,2.6445,1.6925,4.1141,2.8731,3.2268,4.4703,1.1276,1.8719,5.7389,3.7042,2.8094,2.6184,0.8741,1.6370,1.2082,2.6802,5.2453,6.0410,5.5963,5.2246,3.0425,7.8037,5.8389,6.7738,7.4126,9.0444,5.5321,6.7560,4.1140,3.7329,3.4959,0.7720,2.4666,2.1154,4.2231,4.0683,5.9909,3.8703,4.1776,3.4922,8.1819,6.7193,5.0033,4.5146,5.6720,4.4462,5.8401,5.3277,5.3712,5.4142,5.4575,5.5385,5.5266,5.5706,5.6153,5.6610,5.7072,5.7542,5.8023,5.8515,5.9020,5.9563,6.0099,6.0650,6.1217,6.1802,6.2405,6.3028,6.3673,6.4340,6.7490,6.5573,6.6295,6.7044,6.7822,6.8630,6.9471,7.0346,7.1260,7.2213,7.0936,7.4613,7.5748,7.6942,7.8198,7.9522,8.0919,8.2395,8.3957,8.5612,8.7368,10.3939,10.4709,10.5485,10.6267,10.6473,10.7280
45114.3333333,2.3709,5.4405,7.5058,6.9318,12.0268,9.8839,8.3535,4.1485,9.5220,9.1487,8.2378,7.4850,4.8842,6.9597,5.9992,6.2457,19.3013,7.8286,8.1329,3.8924,9.9408,3.8757,3.4450,9.0564,7.4809,12.4811,6.1491,2.1314,8.1863,3.1141,5.8326,4.4897,15.1212,11.9099,6.4945,5.1747,8.9524,10.8912,4.1348,12.4995,9.4819,10.6528,5.7590,7.7054,16.7314,9.3471,6.2245,6.9048,3.8233,6.6115,12.0619,11.0771,20.7142,10.9605,3.8883,6.0834,5.7485,8.2759,13.6143,9.8009,23.1428,7.8330,3.1823,2.8686,9.2382,3.8614,17.0456,8.7561,-4.9249,1.1023,6.5689,6.0655,6.7854,1.1956,6.7690,9.6286,6.6919,8.2601,5.9926,9.9815,18.5239,18.4262,12.0544,24.5343,7.0781,8.2279,12.0613,8.5375,9.9322,8.5395,11.6285,11.7977,16.6482,14.9871,5.6398,6.8290,8.1749,12.7950,9.6021,12.1728,8.7074,12.9561,7.8638,19.7660,15.9931,30.5131,25.2320,25.6038,10.2185,21.0282,10.7495,3.3857,9.1234,6.9203,11.0664,17.1128,5.2932,9.0425,8.5822,8.4634,1.4651,16.5497,4.0759,7.7857,5.9553,8.3850,8.8097,11.8413,7.6241,2.3948,4.9094,5.3394,11.2193,14.4986,7.7760,6.0877,5.2676,17.4617,12.9914,4.5263,2.8059,6.8038,4.7597,5.6567,8.0454,1.8702,3.6521,9.9116,6.3970,5.5585,4.4154,1.4547,2.7562,2.2087,4.9318,9.2001,11.6826,9.4659,9.7879,5.2914,30.3205,10.7429,17.6631,12.2728,18.8421,11.3513,11.7236,10.3719,8.6208,11.1935,1.3111,6.1676,4.1516,14.5180,7.6201,20.6940,6.6447,8.0629,6.0901,15.3809,11.7577,8.7950,7.4436,9.5701,7.3735,10.3035,9.4031,9.5071,9.6120,9.7191,9.8294,9.9123,10.0268,10.1448,10.2665,10.3914,10.5201,10.6533,10.7912,10.9338,11.0817,11.2349,11.3937,11.5586,11.7865,11.9691,12.1591,12.3567,12.5624,12.7766,12.9998,13.2323,13.4747,13.7274,13.9911,14.2662,14.5533,14.8530,15.1659,15.4928,15.8343,16.1911,16.5640,23.8403,23.9557,24.0727,24.1913,24.3114,24.4329,24.5557,24.6798,24.8049,24.9310,25.0579,25.0892,25.2202
45114.3750000,2.7485,6.3074,9.3681,8.0370,28.6647,14.9016,9.6865,11.0849,19.2036,13.7431,12.2645,11.4522,7.3610,8.5336,7.9588,8.7416,37.1357,11.4890,26.6599,4.5606,21.6679,5.7746,3.9954,13.8342,9.6694,26.9924,9.6734,2.4725,15.7340,9.2127,9.0189,15.5487,32.1224,33.9824,37.8451,31.5837,16.4664,13.7624,5.7923,24.2803,12.2366,23.4185,6.6825,10.0894,39.1547,34.9067,9.9450,8.0127,6.0359,8.2052,42.5929,37.8121,39.7383,45.3174,6.1288,23.5845,6.4194,18.5575,54.5440,14.5107,44.2353,11.8572,3.6933,3.3293,15.9657,4.4827,33.8257,32.4024,-18.6554,1.3366,27.1024,7.5594,21.3998,1.5364,13.4002,42.1553,9.4854,50.2086,8.3043,14.6669,81.3823,69.5547,17.7372,48.3906,8.2471,10.1642,16.6112,9.9556,11.5779,42.3175,52.3256,23.9708,34.5836,49.2136,11.7507,9.8433,12.0467,19.6057,14.0858,40.4849,11.2970,47.9662,11.6355,38.6546,49.8016,55.7142,46.4501,48.0241,19.1555,38.3523,19.6065,10.2233,11.4539,9.7818,37.5809,33.6939,7.4895,13.5388,17.9552,15.8800,1.7709,31.8449,5.0932,29.2609,8.2610,15.3999,30.9233,43.9644,30.3818,3.5598,9.8896,18.1651,22.7182,29.3806,16.1479,7.2055,7.2097,33.5523,25.6560,5.9767,3.8706,10.1381,23.9500,11.9804,13.8338,2.8293,15.7345,19.1595,16.3164,6.9703,23.3621,1.7758,3.2580,4.9037,6.1571,13.3499,44.1873,11.0815,18.7435,7.4586,57.0350,47.9813,47.2791,14.6147,43.1601,27.3789,18.9819,33.0087,25.3655,21.4729,2.6188,12.3188,4.9729,27.3243,25.5024,39.0453,8.7962,31.1402,8.8460,28.0028,48.4830,12.7232,9.4275,13.0709,10.2032,14.9428,13.6797,13.9046,14.1341,14.3701,14.6136,14.8296,15.0863,15.3515,15.6257,15.9080,16.1996,16.5013,16.8135,17.1365,17.4708,17.8169,18.1752,18.5463,18.9306,19.3287,19.7412,20.1686,20.6115,21.0705,21.5463,22.0394,22.5506,23.0806,23.6300,42.1480,42.2668,42.3877,42.5107,42.6359,42.7631,42.8924,43.0237,43.1569,43.2921,43.4291,43.5679,43.7083,43.8502,43.9935,44.1381,44.2838,44.4305,44.5779,44.6136,44.7653
45114.4166667,2.7172,6.2358,18.2743,15.1287,103.1308,21.6740,20.8331,9.5389,64.4535,19.7253,18.1755,16.7587,10.8090,15.3571,8.0039,13.6795,56.0625,16.1424,41.2217,5.4905,18.6856,11.7220,6.5897,15.0978,14.5314,80.2924,14.9984,10.9499,53.9700,12.3766,46.8141,20.6967,50.9049,52.3620,58.6137,49.2263,64.5427,24.1022,7.4680,72.8812,74.0978,20.8835,6.6120,9.2945,102.1783,52.4898,14.2457,13.7732,8.6683,16.4792,64.6734,57.4598,59.8012,68.2034,8.2861,34.1710,8.9103,65.7310,81.0812,20.5103,66.2795,17.1991,5.8111,6.1259,26.7465,25.5043,51.9496,49.8410,-25.7555,1.9962,41.7811,7.6345,29.7525,2.1351,11.5269,64.1630,13.7141,77.2228,12.9195,41.6707,119.7830,102.4708,24.9104,73.4203,8.1761,11.0400,14.0584,10.0569,82.7872,64.0322,79.4213,89.5904,91.1937,74.2746,43.3339,13.9942,17.2591,28.6015,19.6776,61.7685,18.6981,72.1394,16.4589,58.7986,74.0228,81.2339,68.2917,71.2435,29.3888,56.4500,29.6852,17.1653,13.9677,13.3840,57.1311,51.7558,9.3278,18.9902,59.2970,55.4941,2.6228,48.4874,7.8936,44.6622,8.0048,51.8770,46.5856,65.3126,46.5607,5.5662,34.0029,28.9071,35.8039,45.8405,64.2555,9.9470,9.6751,50.8178,39.7257,34.3722,5.2384,46.4969,37.4171,11.1347,52.5347,2.4475,25.4179,73.8315,54.7546,10.0597,36.7439,2.0941,4.4391,13.2117,8.0416,18.6886,65.9814,14.7589,63.6047,10.4247,84.3697,72.2160,71.0296,18.1641,54.8622,34.2188,33.4183,50.4238,38.7321,33.0261,3.8813,19.9510,6.7651,41.2196,38.4426,58.3190,11.5403,47.3073,12.4266,84.0282,72.0259,17.5890,58.0953,17.2779,13.6639,20.6532,18.9426,19.3168,19.6995,20.0925,20.4971,20.8785,21.3045,21.7432,22.1951,22.6595,23.1378,23.6307,24.1385,24.6620,25.2015,25.7577,26.3310,26.9221,60.7250,60.8206,60.9180,61.0174,61.1187,61.2220,61.3273,61.4347,61.5442,61.6558,61.7696,61.8855,62.0037,62.1241,62.2466,62.3714,62.4983,62.6274,62.7586,62.8919,63.0271,63.1643,63.3033,63.4441,63.5865,63.7303,63.8755,64.0219,64.1694,64.3177,64.3551,64.5078
45114.4583333,2.7207,8.8230,24.9191,102.5404,129.9158,29.3062,28.2761,13.3775,81.9446,87.8466,86.6252,22.6780,49.7745,70.0617,72.0707,18.3672,71.3529,21.3958,16.2130,7.0977,87.7984,20.8871,8.9445,11.0876,20.0395,100.8056,75.5418,13.9305,68.9460,8.2959,60.6484,23.7570,36.3037,28.1463,75.2226,63.5502,82.1109,80.6786,11.1249,91.8442,93.8075,27.3329,6.6233,10.3478,127.4090,66.8019,19.1224,32.2259,12.1991,8.3842,23.8419,73.2697,75.9246,26.4272,9.5841,13.7894,26.9912,84.0475,101.9543,86.0538,83.8561,23.1421,9.2643,8.1189,7.8456,17.4493,66.6369,64.0267,-8.3956,2.9941,16.8124,15.8637,14.0572,9.9732,16.9984,81.6842,64.9142,98.3846,18.1925,25.0035,149.3413,128.0109,106.3235,27.7427,8.1958,13.2211,104.7770,30.9445,104.7464,81.3351,100.6522,112.8249,114.4433,94.0248,15.5509,18.3834,23.0629,38.3603,25.8410,23.9186,76.5051,91.2534,69.1824,74.9656,93.1988,101.3912,85.7484,89.7046,38.3422,71.2084,38.5790,7.3877,75.8356,18.1476,72.9864,66.5225,12.7588,80.5855,75.9494,71.0621,3.6744,62.2900,43.9356,57.5784,79.6304,66.5694,59.7360,82.6378,60.0767,28.7799,44.7837,18.8720,7.6163,13.1156,33.5939,54.6644,52.3751,65.0849,15.1884,45.0886,38.5780,59.7705,48.8328,47.8984,67.1856,5.4213,34.0236,93.5861,16.4892,14.0289,11.4220,3.7137,23.8814,6.7726,11.8597,86.9971,83.4174,89.5929,22.9886,44.1404,105.8659,91.4190,28.4472,51.2639,64.9444,100.0263,96.0628,64.6264,49.9788,42.9452,4.0107,26.9907,9.0731,52.8606,49.3862,73.9009,14.9413,60.6022,16.5719,105.2461,28.7703,23.1503,20.9903,92.6462,22.6165,83.6749,75.2099,75.2871,75.3630,75.4392,75.5164,75.5595,75.6361,75.7139,75.7930,75.8722,75.9526,76.0343,76.1175,76.2022,76.2884,76.3763,76.4657,76.5569,76.6499,76.7447,76.8414,76.9400,77.0405,77.1431,77.2477,77.3545,77.4634,77.5744,77.6877,77.8032,77.9209,78.0409,78.1631,78.2876,78.4144,78.5433,78.6744,78.8076,78.9429,79.0802,79.2195,79.3605,79.5033,79.6476,79.7934,79.9404,80.0886,80.2378,80.2759,80.4297
45114.5000000,2.8053,19.5841,97.7456,116.1596,146.3315,116.5828,110.1676,16.4781,92.9325,99.5179,98.2332,86.0592,57.2355,79.7727,82.0865,73.6037,81.0789,77.2490,61.1130,48.4489,99.4468,15.9003,10.9986,18.8260,78.2573,113.6580,86.0078,6.4581,78.4643,10.4222,69.4267,14.1544,34.7118,76.6545,85.6291,72.6258,93.1367,91.5079,13.9291,103.7619,106.1037,102.6853,16.5740,14.7965,143.0853,75.9713,71.0670,88.4937,49.1912,16.4948,93.2994,83.2756,86.1452,97.8099,11.7832,17.2296,15.4839,95.4518,114.9952,97.4473,94.9385,85.6527,7.1401,10.2556,12.8561,33.1138,75.9614,73.0576,-31.0137,11.8709,61.8081,81.8775,17.5889,12.9420,20.6487,92.6751,74.0222,111.4383,22.4593,30.5199,167.5306,143.8347,119.9645,105.4268,14.5185,22.7547,118.2107,35.0532,118.3319,92.2190,113.8015,127.1998,128.8731,106.3385,64.4336,82.8439,90.8860,144.5573,103.0424,89.4167,86.8173,103.2086,78.7268,85.1694,105.2421,114.1025,96.8308,101.3379,44.3536,80.7059,44.5859,28.3482,86.2068,73.3714,83.0336,75.9115,15.4175,91.4663,86.4461,80.9539,17.6078,71.1832,50.9348,65.9732,90.8234,76.0319,68.3583,93.7560,68.8936,34.2392,51.9898,44.9274,13.4361,17.0345,93.6376,63.0052,60.4415,74.4568,59.5899,52.3379,45.1886,68.5574,56.4892,55.3679,76.7721,29.3889,40.0078,106.1321,19.9890,17.2592,55.5479,17.3560,28.5854,8.5974,14.4600,98.7154,94.5609,101.5515,91.7816,50.9918,119.3961,103.5222,101.7791,115.2159,145.9263,113.2215,108.5826,73.7541,57.3885,49.5666,16.2380,31.8856,42.9379,60.5016,56.6220,83.8631,17.8381,69.1823,61.5813,118.5684,102.5456,86.0788,84.3517,104.8740,93.1760,94.7712,85.3646,85.4438,85.5216,85.5997,85.6789,85.7228,85.8013,85.8811,85.9621,86.0433,86.1256,86.2093,86.2945,86.3812,86.4695,86.5594,86.6510,86.7444,86.8396,86.9366,87.0355,87.1364,87.2394,87.3444,87.4515,87.5607,87.6722,87.7859,87.9019,88.0201,88.1407,88.2635,88.3888,88.5163,88.6461,88.7782,88.9126,89.0492,89.1879,89.3287,89.4715,89.6162,89.7626,89.9107,90.0604,90.2113,90.3635,90.5167,90.5554,90.7134
45114.5416667,12.0941,99.8191,90.7197,106.8954,136.0252,108.3748,102.2446,65.4288,86.8857,92.8752,91.3538,80.1996,53.5232,74.4691,76.2470,68.8037,76.2650,72.5807,57.3313,45.3662,92.8888,16.1424,52.6062,19.3647,72.8381,107.1793,21.6231,4.5691,73.5645,10.9535,17.4870,8.5349,17.2924,71.4605,79.3529,67.4319,86.9865,85.6433,14.4583,97.7126,99.1605,96.3592,23.1730,27.3809,135.1035,71.7492,66.5755,82.3435,46.0603,20.0422,87.1551,77.9988,81.0273,91.6939,12.6271,16.8898,16.4002,23.5599,108.1442,91.3081,89.2809,79.9734,16.4420,11.7201,14.6775,71.3510,70.9536,68.2730,-27.8266,11.7086,58.0557,75.7811,72.6285,12.7084,21.9841,86.5135,69.2821,28.5164,23.2544,30.4921,157.4858,135.4595,112.2666,98.2996,21.5008,84.3985,110.8065,96.2256,110.2253,86.4303,105.9412,118.9641,121.0890,99.4814,60.0557,77.1140,84.8555,134.3199,96.3146,83.5924,81.6577,96.8765,73.9174,79.8371,99.3379,108.6837,92.1682,95.8655,42.6091,77.2083,43.1409,27.1084,80.8557,68.8737,78.0093,71.1501,16.6509,85.9948,23.6555,76.0045,17.0488,67.1920,47.7758,62.3802,22.7165,71.5983,64.9930,88.8805,64.9018,32.2479,14.2292,42.4542,14.5123,18.2406,87.3695,59.1267,16.8916,70.4103,56.2371,49.3959,42.3175,64.8638,53.2336,52.5703,72.5020,27.9141,37.9056,99.5050,21.4581,18.4020,52.2260,17.0564,27.5904,9.0206,15.5285,92.4990,89.4095,95.2837,86.2680,48.4759,112.7769,97.1734,95.6624,108.7026,137.0047,105.4662,102.2023,69.3652,54.5125,47.2292,15.8082,30.5087,40.4691,57.6119,54.0757,79.3559,61.9244,65.2746,57.9924,112.1240,96.7883,80.8897,78.9271,98.0093,86.7345,89.2321,80.4982,80.5996,80.6994,80.7996,80.9013,80.9581,81.0591,81.1618,81.2661,81.3708,81.4770,81.5850,81.6949,81.8068,81.9208,82.0369,82.1553,82.2758,82.3987,82.5240,82.6518,82.7821,82.9149,83.0504,83.1886,83.3296,83.4733,83.6199,83.7694,83.9218,84.0771,84.2354,84.3966,84.5607,84.7278,84.8977,85.0705,85.2461,85.4244,85.6053,85.7887,85.9746,86.1626,86.3527,86.5448,86.7385,86.9338,87.1303,87.1805,87.3832
45114.5833333,10.8413,107.2393,96.5411,22.5234,144.5283,115.1713,108.7937,17.0649,91.9705,98.4324,97.0730,85.1044,56.6923,78.9322,81.1112,72.8636,80.3841,76.5698,60.5758,48.0242,98.3846,15.8550,56.0966,77.6703,77.3745,112.7115,13.0367,3.3668,77.7283,10.8247,17.0546,12.4802,17.0545,75.8242,84.5548,71.7690,92.1471,90.5875,14.2906,102.8704,104.9773,101.7093,22.7138,102.0840,141.9116,75.4086,70.3965,87.4735,48.7577,82.4330,92.3124,82.4656,85.3986,96.8606,11.3794,16.7307,15.3063,13.8309,113.9532,96.4891,94.0987,84.7457,15.9771,12.2127,8.6966,13.4117,75.1786,72.3182,-30.2060,12.0231,61.2838,80.8290,15.5289,13.0816,85.2300,91.6797,73.3021,27.1598,22.9467,143.8917,165.9409,142.5566,118.7189,104.2454,110.5994,89.5609,117.0362,102.1023,116.9618,91.3262,112.4708,125.8524,127.6635,105.2405,63.7543,81.9075,89.9188,142.7656,101.9605,88.4985,86.0685,102.2401,78.0222,84.3613,104.4068,113.4624,96.2897,100.6004,44.2876,80.3933,44.6157,28.3331,85.4223,72.7438,82.3246,75.2312,61.6802,90.6959,22.7069,22.2813,17.7454,70.7159,50.5731,65.5992,89.6808,75.5159,68.1150,93.2727,68.5062,8.6019,51.7716,12.1529,13.5338,10.8151,92.8537,62.7143,60.2457,74.2496,59.4969,52.3330,45.1699,19.4841,15.1968,55.5041,76.6446,5.0427,7.9284,105.5672,20.7683,18.0427,55.6039,18.0419,29.1585,8.9711,58.8581,98.2715,94.3965,101.1117,91.4656,51.2538,118.9482,103.0260,101.3239,114.7387,144.9691,112.3632,108.0835,20.4747,57.5079,49.7651,16.7440,32.1767,42.9613,60.5069,56.6738,83.5296,65.4456,68.8978,61.3252,117.8826,101.9396,85.5164,83.7040,103.9513,92.2903,94.1476,84.8629,84.9435,85.0228,85.1026,85.1837,85.2268,85.3076,85.3900,85.4739,85.5582,85.6439,85.7314,85.8206,85.9117,86.0046,86.0995,86.1964,86.2953,86.3964,86.4997,86.6051,86.7129,86.8229,86.9353,87.0502,87.1675,87.2873,87.4096,87.5344,87.6618,87.7918,87.9244,88.0596,88.1973,88.3376,88.4804,88.6257,88.7734,88.9235,89.0758,89.2303,89.3869,89.5454,89.7057,89.8677,90.0311,90.1958,90.3616,90.4031,90.5742
45114.6250000,8.3290,21.5375,22.7406,19.2344,108.3673,29.8830,80.8076,13.7468,68.9440,73.6846,72.1539,63.2498,41.7091,58.7022,18.4395,54.1674,60.6860,57.5840,44.9836,35.0998,73.7678,12.5190,10.1682,57.1576,16.0533,86.3420,12.8402,3.4260,28.2396,8.4532,14.1817,7.4112,13.5372,23.8589,25.7073,52.6358,24.7130,68.0104,11.0768,78.4181,78.9329,28.1098,39.1392,75.6505,109.5167,57.2327,52.4778,64.8820,35.6680,28.2280,69.0982,61.8148,64.5991,73.0945,9.7108,9.1091,12.7188,17.3815,86.8735,72.7373,71.3685,63.2042,12.2317,9.5879,8.7358,12.6843,17.4207,53.7172,-23.6792,8.1026,16.4019,15.3928,12.9929,8.9175,20.7376,21.7819,54.6377,22.7592,18.2742,105.3181,127.3686,109.4966,89.7677,78.0240,81.1566,66.6596,88.7370,76.2734,87.6365,68.7626,84.0941,95.1758,97.4159,79.2846,13.5294,19.2179,23.5741,106.9281,28.0665,66.2468,65.1131,77.4449,58.6340,29.5722,79.9598,88.5478,74.7293,77.2825,33.8094,62.6116,34.5203,20.6578,64.2352,20.0065,62.0163,18.9597,16.1437,68.6236,19.8216,19.7426,4.2685,53.4013,11.2501,19.0243,65.5271,56.8640,51.9733,71.6022,51.3551,7.7610,19.1426,17.1064,8.5041,13.8222,69.0827,46.3736,44.6623,56.1081,16.0716,12.6286,17.0973,17.3792,13.0962,41.5769,57.7917,4.5438,7.3100,79.4698,17.6717,14.7621,12.3955,12.7058,21.3814,14.9599,43.3023,26.4388,72.0652,76.2656,69.0126,38.4867,91.3225,35.2495,76.7717,87.8666,110.6072,83.9784,82.3039,18.0293,43.5537,37.6523,11.7616,23.8207,31.6063,46.2772,43.4709,63.9349,49.2789,52.1035,45.9909,90.9685,78.1187,64.6735,21.9048,78.2305,23.2952,71.6677,64.5876,64.6907,64.7920,64.8936,64.9967,65.0520,65.1544,65.2584,65.3642,65.4704,65.5781,65.6878,65.7996,65.9136,66.0297,66.1482,66.2691,66.3925,66.5185,66.6470,66.7783,66.9124,67.0493,67.1892,67.3320,67.4779,67.6268,67.7790,67.9343,68.0928,68.2546,68.4196,68.5879,68.7594,68.9342,69.1122,69.2933,69.4775,69.6647,69.8549,70.0478,70.2433,70.4414,70.6417,70.8442,71.0486,71.2547,71.4622,71.5149,71.7291
45114.6666667,3.0906,7.3885,11.2008,10.2314,33.4155,14.4812,13.2993,6.0281,21.6498,13.2794,11.4894,10.9412,7.0720,10.3306,9.1840,9.6548,12.1222,11.2361,8.1979,5.8200,11.8710,5.0711,5.1700,8.4899,7.9671,29.1997,7.7655,2.7767,10.1298,3.3361,10.7016,4.3486,5.6448,10.1943,11.1911,8.5822,21.4841,21.5054,6.3431,16.3002,13.7360,14.9085,9.4631,12.3636,37.7466,19.0670,9.6543,19.5577,5.8971,8.6758,12.2354,19.5244,21.1033,14.0280,6.9074,5.5390,6.5550,9.8242,28.8479,14.0190,14.4964,11.3237,6.6266,5.7214,14.7212,7.1994,17.1461,16.4857,-3.6003,1.6244,7.7119,16.9440,6.6928,1.7817,9.5337,21.2662,9.9260,11.3878,12.3714,29.2230,42.8583,37.0983,17.1512,13.8827,23.0484,11.5466,28.8321,23.4968,27.1673,13.2182,13.9574,30.5316,32.3287,25.2368,7.1811,9.7335,11.8515,18.4954,14.1473,12.0940,13.1225,25.2135,11.3281,20.1681,27.1022,31.9629,26.6378,26.5303,11.9721,22.7713,12.7783,4.1103,11.2448,10.1384,11.9869,11.3938,7.3339,13.6829,10.7965,11.0159,2.2617,17.5236,5.9967,16.3034,8.5969,18.3786,17.7608,24.5906,16.4078,4.2992,5.8331,10.0997,7.0215,8.4682,21.0079,14.0923,13.7565,18.3728,13.8751,11.8477,4.3601,16.7131,7.0109,13.3993,11.3857,2.5279,5.6402,25.1298,9.0870,6.4212,6.4860,2.5725,4.2068,4.0258,12.8047,23.1785,24.0763,13.0233,13.0254,12.4815,30.8907,24.9777,24.8434,29.4718,36.3465,13.5722,27.0746,10.7333,14.4466,12.5572,1.9685,7.6173,5.5777,15.8745,15.1297,21.6540,15.8828,17.0313,8.8148,31.3606,26.3860,20.9318,19.6358,24.6419,11.5911,23.6984,21.4386,21.5277,21.6153,21.7030,21.7919,21.8420,21.9301,22.0194,22.1101,22.2009,22.2929,22.3865,22.4815,22.5782,22.6766,22.7767,22.8787,22.9825,23.0883,23.1961,23.3059,23.4179,23.5320,23.6484,23.7671,23.8881,24.0115,24.1373,24.2656,24.3963,24.5296,24.6654,24.8037,24.9445,25.0878,25.2336,25.3819,25.5325,25.6856,25.8408,25.9983,26.1578,26.3192,26.4824,26.6473,26.8137,26.9814,27.1502,27.1938,27.3680
45114.7083333,2.5595,6.0335,8.0130,7.9782,13.5737,11.1764,10.1965,4.8704,12.4825,10.2562,8.9591,8.4069,5.4337,7.9546,8.6228,7.4374,9.4364,8.7282,6.3378,4.0670,9.5722,4.0943,4.0006,6.2617,6.4455,22.6102,6.8641,2.2994,8.0292,2.8941,5.3767,3.7845,4.8571,7.1359,7.7247,5.8211,11.2457,16.4616,5.2537,12.7522,10.8348,11.6674,7.1477,9.4541,29.3687,14.6385,7.4589,14.8670,4.3011,6.5617,9.5205,14.9157,16.2022,10.9282,4.1371,4.9545,5.7336,7.6191,16.8601,10.8809,11.2998,8.7267,4.5022,4.9261,5.6617,4.9542,13.0221,9.3444,-2.7621,1.2463,6.3354,7.3535,5.0964,1.3719,7.2732,9.9990,7.6726,9.1307,7.0622,22.1500,33.3093,28.8115,13.3509,10.7301,17.4547,8.8923,22.2331,17.9635,20.8303,10.2588,10.9140,23.5307,25.0182,12.2953,5.6160,7.5560,9.1918,14.2609,10.9771,9.3633,10.2232,19.4090,8.8011,11.5938,12.9309,24.9281,20.7016,20.5447,9.1341,17.6856,9.8089,3.1972,9.0680,7.8992,9.3489,9.3743,5.5925,10.6684,8.4484,8.5674,1.9438,13.4091,4.6853,12.4588,9.1705,14.0561,13.6490,19.0215,12.5020,2.7631,4.7009,7.5464,5.7543,6.2042,16.0063,10.6383,10.3931,14.0705,10.5045,5.9790,3.6749,7.8169,5.4864,10.1646,8.8690,2.0936,3.4408,11.8482,7.4051,5.1427,5.0553,2.0268,3.2692,2.5029,9.6120,11.3551,11.4370,10.1591,9.4976,9.4579,23.9410,12.4704,14.6555,22.8099,28.1418,10.4427,20.8912,9.6910,11.0228,9.5505,1.8012,5.6569,4.2872,9.7613,11.6244,16.7131,12.1240,13.0411,6.8619,24.3755,20.4257,16.0778,15.0119,18.9226,8.9299,18.2818,16.5203,16.5953,16.6689,16.7428,16.8175,16.8601,16.9342,17.0094,17.0856,17.1620,17.2393,17.3179,17.3977,17.4789,17.5614,17.6454,17.7308,17.8178,17.9064,17.9966,18.0885,18.1822,18.2776,18.3748,18.4738,18.5748,18.6777,18.7826,18.8895,18.9984,19.1093,19.2222,19.3372,19.4543,19.5734,19.6945,19.8175,19.9425,20.0694,20.1981,20.3286,20.4607,20.5944,20.7295,20.8660,21.0036,21.1422,21.2817,21.3173,21.4611
45114.7500000,1.9529,4.6209,6.1162,5.7089,10.0318,7.9883,7.2308,3.7359,7.0251,7.3333,6.5875,5.9723,3.7234,5.6734,5.1825,5.3107,6.7974,6.2658,4.4784,3.1284,7.4202,3.0896,2.8362,4.6665,4.9178,10.9412,4.7163,1.7544,5.9688,2.2026,4.2768,2.4900,3.7177,5.5740,6.1458,4.5367,6.6895,11.3460,2.6317,9.2303,7.9965,8.4420,5.0221,6.6454,20.6409,7.0725,5.3409,6.4898,3.1838,4.6153,6.8683,6.6853,11.2230,7.8268,2.9363,3.7603,3.7312,6.0809,10.2284,7.8119,8.1484,6.2245,3.6194,2.3599,4.5135,3.1755,8.8955,7.0950,-1.9129,0.9177,4.6012,4.5154,3.7265,1.0086,5.1544,6.5016,5.2774,6.9986,4.6481,8.8847,15.7099,13.8041,9.5786,7.6875,6.7255,6.3046,10.4390,7.9402,9.0204,7.3675,8.4836,11.4952,11.1087,8.3727,4.0572,5.8226,6.6046,10.1416,7.9152,6.7053,7.1443,13.4689,6.2515,8.9297,9.6470,17.6083,14.5705,14.3815,6.3333,12.4588,6.8555,2.3273,6.7293,5.7278,6.7684,6.9692,4.2490,7.6324,6.1651,6.4546,1.2910,6.1539,3.4080,6.0072,6.7165,6.6884,6.5151,13.3038,5.8338,2.0416,3.6980,3.2107,3.8558,4.8873,10.9542,7.2242,7.0706,9.7280,7.1690,3.9504,2.7667,5.9376,4.0003,6.9643,6.2563,1.5971,2.6191,7.9676,5.2194,4.2133,3.6772,1.3161,2.3799,1.6903,4.7628,7.4872,8.2958,7.8903,7.1313,4.6369,16.7477,9.8685,9.9049,11.1086,13.3244,7.7662,14.5318,6.4131,5.6150,6.5693,1.1459,2.8513,3.0634,6.7063,6.0593,11.6478,8.3407,9.0046,4.9509,12.2024,14.2667,7.5429,10.3173,8.6275,6.3652,8.9134,8.1616,8.2672,8.3746,8.4850,8.5991,8.6918,8.8119,8.9364,9.0656,9.1988,9.3369,12.0964,12.1581,12.2208,12.2846,12.3496,12.4156,12.4829,12.5514,12.6211,12.6922,12.7645,12.8383,12.9134,12.9899,13.0679,13.1474,13.2284,13.3110,13.3950,13.4806,13.5678,13.6565,13.7468,13.8386,13.9320,14.0269,14.1232,14.2210,14.3201,14.4205,14.5223,14.6251,14.7291,14.8340,14.9398,15.0464,15.1536,15.1812,15.2917
45114.7916667,0.8849,2.0787,2.7257,2.5866,4.4874,3.4796,3.1274,1.6095,3.0977,3.1857,2.8774,2.5883,1.6869,2.4567,2.2465,2.3075,2.9741,2.7374,1.9862,1.4046,3.2930,1.3471,1.2848,2.1086,2.2277,4.6070,2.1363,0.7947,2.6785,0.8734,1.7971,1.1278,1.4618,2.2632,2.2114,1.8983,2.9926,3.1262,1.1104,4.0465,3.5339,3.7231,2.1486,2.8740,6.1217,2.9897,2.3262,2.5969,1.4255,1.9766,3.0188,2.8158,3.2595,3.4573,1.3297,1.3891,1.6050,2.4806,4.4518,3.3931,3.5507,2.6920,1.1855,1.0687,1.6692,1.4379,2.9527,2.6182,-0.7990,0.4156,2.0794,2.0323,1.6720,0.4557,2.2190,2.9438,2.3895,2.8304,1.9746,3.1281,6.6254,5.8121,4.1931,3.3398,2.6453,2.7481,4.2730,3.1953,3.7467,3.2055,3.6459,4.4460,4.9399,3.6264,1.8244,2.3974,2.8924,4.4019,3.4418,2.9250,3.2169,4.6119,2.7619,2.9548,4.3554,6.3879,4.5151,4.2762,2.0881,3.9784,2.5948,1.0311,3.0100,2.5112,2.9663,2.7648,1.9204,3.3661,2.7519,2.8645,0.5777,2.6915,1.5166,2.5338,2.1065,2.8161,2.8967,3.9772,2.4322,0.8901,1.6317,1.4541,1.6892,2.0392,2.8042,1.9239,2.3753,3.3747,2.4382,1.6697,1.0689,2.5903,1.7819,2.4204,2.7978,0.7227,1.1851,3.5720,2.3084,1.7436,1.6267,0.5770,1.0508,0.7480,1.7633,3.2922,3.7427,3.5248,3.2262,1.9273,4.9168,3.6451,3.9883,4.6068,5.4719,3.4558,4.2232,2.6773,2.3962,2.3385,0.5078,1.1990,1.3350,2.6686,2.5467,4.1020,2.4201,2.6428,2.1682,5.0898,4.9912,3.1296,2.8036,3.5056,2.7628,3.6561,3.3413,3.3705,3.3994,3.4287,3.5184,3.4748,3.5048,3.5355,3.5671,3.5991,3.6320,3.6658,3.7006,3.7365,3.7736,3.9713,3.8496,3.8904,3.9326,3.9764,4.0219,4.0692,4.1184,4.1697,4.2231,4.2790,4.7528,4.7898,4.8276,4.8660,4.9051,4.9450,4.9856,5.0268,5.0688,5.1116,5.1549,5.1990,5.2437,5.2891,5.3351,5.3816,5.4287,5.4762,5.5243,5.5727,5.6215,5.6706,5.6836,5.7341
45114.8333333,0.3141,0.7207,0.9610,0.9181,1.5927,1.2315,1.1061,0.5493,1.0842,1.1300,1.0220,0.9163,0.5987,0.8719,0.7943,0.8164,1.0528,0.9710,0.7037,0.4948,1.1486,0.4781,0.4559,0.7482,0.7905,1.6282,0.7580,0.2820,0.9445,0.3099,0.6032,0.4002,0.5187,0.8030,0.7846,0.6735,1.0617,1.0903,0.3855,1.4319,1.2537,1.3188,0.7613,1.0185,2.1480,1.0589,0.8230,0.9130,0.5053,0.6986,1.0688,0.9925,1.1298,1.2222,0.4717,0.4720,0.5693,0.8799,1.5658,1.2036,1.2594,0.9549,0.4205,0.3791,0.5837,0.5099,0.8342,0.8046,-0.2814,0.1474,0.7348,0.7154,0.5929,0.1616,0.7869,1.0439,0.8473,1.0037,0.7002,1.1092,2.3490,2.0606,1.5458,1.1801,0.9378,0.9727,1.5123,1.1328,1.3172,1.1348,1.2413,1.5654,1.7471,1.2855,0.6414,0.8498,1.0230,1.5577,1.2164,1.0351,1.1386,1.3329,0.9781,1.0368,1.5195,1.9413,1.6004,1.5156,0.7401,1.4101,0.8297,0.3650,1.0601,0.8878,1.0489,0.8937,0.6762,1.1911,0.9708,0.9991,0.2046,0.9530,0.5368,0.9223,0.7472,0.9735,1.0242,1.4091,0.8582,0.3080,0.5674,0.5096,0.5743,0.6815,0.9935,0.6817,0.6832,0.9933,0.7095,0.5900,0.3787,0.8955,0.6295,0.7196,0.9906,0.2560,0.4199,1.2655,0.8120,0.6138,0.5759,0.2035,0.3717,0.2582,0.5906,1.1551,1.3254,1.2482,1.1384,0.6820,1.7182,1.2884,1.3491,1.6224,1.9284,1.2640,1.4825,0.8972,0.8050,0.7113,0.1798,0.4227,0.4716,0.9232,0.8997,1.2202,0.8418,0.9197,0.7661,1.7913,1.4711,1.1023,0.9797,1.2319,0.9753,1.2849,1.1737,1.1831,1.1922,1.2015,1.2108,1.2162,1.2254,1.2348,1.2444,1.2539,1.2636,1.2735,1.2835,1.2936,1.3040,1.3145,1.3252,1.3361,1.3472,1.3585,1.3701,1.3818,1.3938,1.4060,1.4184,1.4311,1.4440,1.4572,1.4706,1.4843,1.4982,1.5124,1.5268,1.5415,1.5564,1.5716,1.5871,1.6028,1.6187,1.6348,1.6512,1.6678,1.6845,1.7015,1.7186,1.7358,1.7532,1.7707,1.7754,1.7934
45114.8750000,0.0000,0.0000,0.0000,0.0000,0.0000,0.0000,0.0000,0.0000,0.0000,0.0000,0.0000,0.0000,0.0000,0.0000,0.0000,0.0000,0.0000,0.0000,0.0000,0.0000,0.0000,0.0000,0.0000,0.0000,0.0000,0.0000,0.0000,0.0000,0.0000,0.0000,0.0000,0.0000,0.0000,0.0000,0.0000,0.0000,0.0000,0.0000,0.0000,0.0000,0.0000,0.0000,0.0000,0.0000,0.0000,0.0000,0.0000,0.0000,0.0000,0.0000,0.0000,0.0000,0.0000,0.0000,0.0000,0.0000,0.0000,0.0000,0.0000,0.0000,0.0000,0.0000,0.0000,0.0000,0.0000,0.0000,0.0000,0.0000,0.0000,0.0000,0.0000,0.0000,0.0000,0.0000,0.0000,0.0000,0.0000,0.0000,0.0000,0.0000,0.0000,0.0000,0.0000,0.0000,0.0000,0.0000,0.0000,0.0000,0.0000,0.0000,0.0000,0.0000,0.0000,0.0000,0.0000,0.0000,0.0000,0.0000,0.0000,0.0000,0.0000,0.0000,0.0000,0.0000,0.0000,0.0000,0.0000,0.0000,0.0000,0.0000,0.0000,0.0000,0.0000,0.0000,0.0000,0.0000,0.0000,0.0000,0.0000,0.0000,0.0000,0.0000,0.0000,0.0000,0.0000,0.0000,0.0000,0.0000,0.0000,0.0000,0.0000,0.0000,0.0000,0.0000,0.0000,0.0000,0.0000,0.0000,0.0000,0.0000,0.0000,0.0000,0.0000,0.0000,0.0000,0.0000,0.0000,0.0000,0.0000,0.0000,0.0000,0.0000,0.0000,0.0000,0.0000,0.0000,0.0000,0.0000,0.0000,0.0000,0.0000,0.0000,0.0000,0.0000,0.0000,0.0000,0.0000,0.0000,0.0000,0.0000,0.0000,0.0000,0.0000,0.0000,0.0000,0.0000,0.0000,0.0000,0.0000,0.0000,0.0000,0.0000,0.0000,0.0000,0.0000,0.0000,0.0000,0.0000,0.0000,0.0000,0.0000,0.0000,0.0000,0.0000,0.0000,0.0000,0.0000,0.0000,0.0000,0.0000,0.0000,0.0000,0.0000,0.0000,0.0000,0.0000,0.0000,0.0000,0.0000,0.0000,0.0000,0.0000,0.0000,0.0000,0.0000,0.0000,0.0000,0.0000,0.0000,0.0000,0.0000,0.0000,0.0000,0.0000,0.0000,0.0000,0.0000,0.0000,0.0000,0.0000,0.0000,0.0000,0.0000,0.0000,0.0000,0.0000
45114.9166667,0.0000,0.0000,0.0000,0.0000,0.0000,0.0000,0.0000,0.0000,0.0000,0.0000,0.0000,0.0000,0.0000,0.0000,0.0000,0.0000,0.0000,0.0000,0.0000,0.0000,0.0000,0.0000,0.0000,0.0000,0.0000,0.0000,0.0000,0.0000,0.0000,0.0000,0.0000,0.0000,0.0000,0.0000,0.0000,0.0000,0.0000,0.0000,0.0000,0.0000,0.0000,0.0000,0.0000,0.0000,0.0000,0.0000,0.0000,0.0000,0.0000,0.0000,0.0000,0.0000,0.0000,0.0000,0.0000,0.0000,0.0000,0.0000,0.0000,0.0000,0.0000,0.0000,0.0000,0.0000,0.0000,0.0000,0.0000,0.0000,0.0000,0.0000,0.0000,0.0000,0.0000,0.0000,0.0000,0.0000,0.0000,0.0000,0.0000,0.0000,0.0000,0.0000,0.0000,0.0000,0.0000,0.0000,0.0000,0.0000,0.0000,0.0000,0.0000,0.0000,0.0000,0.0000,0.0000,0.0000,0.0000,0.0000,0.0000,0.0000,0.0000,0.0000,0.0000,0.0000,0.0000,0.0000,0.0000,0.0000,0.0000,0.0000,0.0000,0.0000,0.0000,0.0000,0.0000,0.0000,0.0000,0.0000,0.0000,0.0000,0.0000,0.0000,0.0000,0.0000,0.0000,0.0000,0.0000,0.0000,0.0000,0.0000,0.0000,0.0000,0.0000,0.0000,0.0000,0.0000,0.0000,0.0000,0.0000,0.0000,0.0000,0.0000,0.0000,0.0000,0.0000,0.0000,0.0000,0.0000,0.0000,0.0000,0.0000,0.0000,0.0000,0.0000,0.0000,0.0000,0.0000,0.0000,0.0000,0.0000,0.0000,0.0000,0.0000,0.0000,0.0000,0.0000,0.0000,0.0000,0.0000,0.0000,0.0000,0.0000,0.0000,0.0000,0.0000,0.0000,0.0000,0.0000,0.0000,0.0000,0.0000,0.0000,0.0000,0.0000,0.0000,0.0000,0.0000,0.0000,0.0000,0.0000,0.0000,0.0000,0.0000,0.0000,0.0000,0.0000,0.0000,0.0000,0.0000,0.0000,0.0000,0.0000,0.0000,0.0000,0.0000,0.0000,0.0000,0.0000,0.0000,0.0000,0.0000,0.0000,0.0000,0.0000,0.0000,0.0000,0.0000,0.0000,0.0000,0.0000,0.0000,0.0000,0.0000,0.0000,0.0000,0.0000,0.0000,0.0000,0.0000,0.0000,0.0000,0.0000,0.0000,0.0000,0.0000,0.0000
45114.9583333,0.0000,0.0000,0.0000,0.0000,0.0000,0.0000,0.0000,0.0000,0.0000,0.0000,0.0000,0.0000,0.0000,0.0000,0.0000,0.0000,0.0000,0.0000,0.0000,0.0000,0.0000,0.0000,0.0000,0.0000,0.0000,0.0000,0.0000,0.0000,0.0000,0.0000,0.0000,0.0000,0.0000,0.0000,0.0000,0.0000,0.0000,0.0000,0.0000,0.0000,0.0000,0.0000,0.0000,0.0000,0.0000,0.0000,0.0000,0.0000,0.0000,0.0000,0.0000,0.0000,0.0000,0.0000,0.0000,0.0000,0.0000,0.0000,0.0000,0.0000,0.0000,0.0000,0.0000,0.0000,0.0000,0.0000,0.0000,0.0000,0.0000,0.0000,0.0000,0.0000,0.0000,0.0000,0.0000,0.0000,0.0000,0.0000,0.0000,0.0000,0.0000,0.0000,0.0000,0.0000,0.0000,0.0000,0.0000,0.0000,0.0000,0.0000,0.0000,0.0000,0.0000,0.0000,0.0000,0.0000,0.0000,0.0000,0.0000,0.0000,0.0000,0.0000,0.0000,0.0000,0.0000,0.0000,0.0000,0.0000,0.0000,0.0000,0.0000,0.0000,0.0000,0.0000,0.0000,0.0000,0.0000,0.0000,0.0000,0.0000,0.0000,0.0000,0.0000,0.0000,0.0000,0.0000,0.0000,0.0000,0.0000,0.0000,0.0000,0.0000,0.0000,0.0000,0.0000,0.0000,0.0000,0.0000,0.0000,0.0000,0.0000,0.0000,0.0000,0.0000,0.0000,0.0000,0.0000,0.0000,0.0000,0.0000,0.0000,0.0000,0.0000,0.0000,0.0000,0.0000,0.0000,0.0000,0.0000,0.0000,0.0000,0.0000,0.0000,0.0000,0.0000,0.0000,0.0000,0.0000,0.0000,0.0000,0.0000,0.0000,0.0000,0.0000,0.0000,0.0000,0.0000,0.0000,0.0000,0.0000,0.0000,0.0000,0.0000,0.0000,0.0000,0.0000,0.0000,0.0000,0.0000,0.0000,0.0000,0.0000,0.0000,0.0000,0.0000,0.0000,0.0000,0.0000,0.0000,0.0000,0.0000,0.0000,0.0000,0.0000,0.0000,0.0000,0.0000,0.0000,0.0000,0.0000,0.0000,0.0000,0.0000,0.0000,0.0000,0.0000,0.0000,0.0000,0.0000,0.0000,0.0000,0.0000,0.0000,0.0000,0.0000,0.0000,0.0000,0.0000,0.0000,0.0000,0.0000,0.0000,0.0000,0.0000,0.0000,0.0000
45115.0000000,0.0000,0.0000,0.0000,0.0000,0.0000,0.0000,0.0000,0.0000,0.0000,0.0000,0.0000,0.0000,0.0000,0.0000,0.0000,0.0000,0.0000,0.0000,0.0000,0.0000,0.0000,0.0000,0.0000,0.0000,0.0000,0.0000,0.0000,0.0000,0.0000,0.0000,0.0000,0.0000,0.0000,0.0000,0.0000,0.0000,0.0000,0.0000,0.0000,0.0000,0.0000,0.0000,0.0000,0.0000,0.0000,0.0000,0.0000,0.0000,0.0000,0.0000,0.0000,0.0000,0.0000,0.0000,0.0000,0.0000,0.0000,0.0000,0.0000,0.0000,0.0000,0.0000,0.0000,0.0000,0.0000,0.0000,0.0000,0.0000,0.0000,0.0000,0.0000,0.0000,0.0000,0.0000,0.0000,0.0000,0.0000,0.0000,0.0000,0.0000,0.0000,0.0000,0.0000,0.0000,0.0000,0.0000,0.0000,0.0000,0.0000,0.0000,0.0000,0.0000,0.0000,0.0000,0.0000,0.0000,0.0000,0.0000,0.0000,0.0000,0.0000,0.0000,0.0000,0.0000,0.0000,0.0000,0.0000,0.0000,0.0000,0.0000,0.0000,0.0000,0.0000,0.0000,0.0000,0.0000,0.0000,0.0000,0.0000,0.0000,0.0000,0.0000,0.0000,0.0000,0.0000,0.0000,0.0000,0.0000,0.0000,0.0000,0.0000,0.0000,0.0000,0.0000,0.0000,0.0000,0.0000,0.0000,0.0000,0.0000,0.0000,0.0000,0.0000,0.0000,0.0000,0.0000,0.0000,0.0000,0.0000,0.0000,0.0000,0.0000,0.0000,0.0000,0.0000,0.0000,0.0000,0.0000,0.0000,0.0000,0.0000,0.0000,0.0000,0.0000,0.0000,0.0000,0.0000,0.0000,0.0000,0.0000,0.0000,0.0000,0.0000,0.0000,0.0000,0.0000,0.0000,0.0000,0.0000,0.0000,0.0000,0.0000,0.0000,0.0000,0.0000,0.0000,0.0000,0.0000,0.0000,0.0000,0.0000,0.0000,0.0000,0.0000,0.0000,0.0000,0.0000,0.0000,0.0000,0.0000,0.0000,0.0000,0.0000,0.0000,0.0000,0.0000,0.0000,0.0000,0.0000,0.0000,0.0000,0.0000,0.0000,0.0000,0.0000,0.0000,0.0000,0.0000,0.0000,0.0000,0.0000,0.0000,0.0000,0.0000,0.0000,0.0000,0.0000,0.0000,0.0000,0.0000,0.0000,0.0000,0.0000,0.0000,0.0000,0.0000
45115.0416667,0.0000,0.0000,0.0000,0.0000,0.0000,0.0000,0.0000,0.0000,0.0000,0.0000,0.0000,0.0000,0.0000,0.0000,0.0000,0.0000,0.0000,0.0000,0.0000,0.0000,0.0000,0.0000,0.0000,0.0000,0.0000,0.0000,0.0000,0.0000,0.0000,0.0000,0.0000,0.0000,0.0000,0.0000,0.0000,0.0000,0.0000,0.0000,0.0000,0.0000,0.0000,0.0000,0.0000,0.0000,0.0000,0.0000,0.0000,0.0000,0.0000,0.0000,0.0000,0.0000,0.0000,0.0000,0.0000,0.0000,0.0000,0.0000,0.0000,0.0000,0.0000,0.0000,0.0000,0.0000,0.0000,0.0000,0.0000,0.0000,0.0000,0.0000,0.0000,0.0000,0.0000,0.0000,0.0000,0.0000,0.0000,0.0000,0.0000,0.0000,0.0000,0.0000,0.0000,0.0000,0.0000,0.0000,0.0000,0.0000,0.0000,0.0000,0.0000,0.0000,0.0000,0.0000,0.0000,0.0000,0.0000,0.0000,0.0000,0.0000,0.0000,0.0000,0.0000,0.0000,0.0000,0.0000,0.0000,0.0000,0.0000,0.0000,0.0000,0.0000,0.0000,0.0000,0.0000,0.0000,0.0000,0.0000,0.0000,0.0000,0.0000,0.0000,0.0000,0.0000,0.0000,0.0000,0.0000,0.0000,0.0000,0.0000,0.0000,0.0000,0.0000,0.0000,0.0000,0.0000,0.0000,0.0000,0.0000,0.0000,0.0000,0.0000,0.0000,0.0000,0.0000,0.0000,0.0000,0.0000,0.0000,0.0000,0.0000,0.0000,0.0000,0.0000,0.0000,0.0000,0.0000,0.0000,0.0000,0.0000,0.0000,0.0000,0.0000,0.0000,0.0000,0.0000,0.0000,0.0000,0.0000,0.0000,0.0000,0.0000,0.0000,0.0000,0.0000,0.0000,0.0000,0.0000,0.0000,0.0000,0.0000,0.0000,0.0000,0.0000,0.0000,0.0000,0.0000,0.0000,0.0000,0.0000,0.0000,0.0000,0.0000,0.0000,0.0000,0.0000,0.0000,0.0000,0.0000,0.0000,0.0000,0.0000,0.0000,0.0000,0.0000,0.0000,0.0000,0.0000,0.0000,0.0000,0.0000,0.0000,0.0000,0.0000,0.0000,0.0000,0.0000,0.0000,0.0000,0.0000,0.0000,0.0000,0.0000,0.0000,0.0000,0.0000,0.0000,0.0000,0.0000,0.0000,0.0000,0.0000,0.0000,0.0000,0.0000,0.0000
45115.0833333,0.0000,0.0000,0.0000,0.0000,0.0000,0.0000,0.0000,0.0000,0.0000,0.0000,0.0000,0.0000,0.0000,0.0000,0.0000,0.0000,0.0000,0.0000,0.0000,0.0000,0.0000,0.0000,0.0000,0.0000,0.0000,0.0000,0.0000,0.0000,0.0000,0.0000,0.0000,0.0000,0.0000,0.0000,0.0000,0.0000,0.0000,0.0000,0.0000,0.0000,0.0000,0.0000,0.0000,0.0000,0.0000,0.0000,0.0000,0.0000,0.0000,0.0000,0.0000,0.0000,0.0000,0.0000,0.0000,0.0000,0.0000,0.0000,0.0000,0.0000,0.0000,0.0000,0.0000,0.0000,0.0000,0.0000,0.0000,0.0000,0.0000,0.0000,0.0000,0.0000,0.0000,0.0000,0.0000,0.0000,0.0000,0.0000,0.0000,0.0000,0.0000,0.0000,0.0000,0.0000,0.0000,0.0000,0.0000,0.0000,0.0000,0.0000,0.0000,0.0000,0.0000,0.0000,0.0000,0.0000,0.0000,0.0000,0.0000,0.0000,0.0000,0.0000,0.0000,0.0000,0.0000,0.0000,0.0000,0.0000,0.0000,0.0000,0.0000,0.0000,0.0000,0.0000,0.0000,0.0000,0.0000,0.0000,0.0000,0.0000,0.0000,0.0000,0.0000,0.0000,0.0000,0.0000,0.0000,0.0000,0.0000,0.0000,0.0000,0.0000,0.0000,0.0000,0.0000,0.0000,0.0000,0.0000,0.0000,0.0000,0.0000,0.0000,0.0000,0.0000,0.0000,0.0000,0.0000,0.0000,0.0000,0.0000,0.0000,0.0000,0.0000,0.0000,0.0000,0.0000,0.0000,0.0000,0.0000,0.0000,0.0000,0.0000,0.0000,0.0000,0.0000,0.0000,0.0000,0.0000,0.0000,0.0000,0.0000,0.0000,0.0000,0.0000,0.0000,0.0000,0.0000,0.0000,0.0000,0.0000,0.0000,0.0000,0.0000,0.0000,0.0000,0.0000,0.0000,0.0000,0.0000,0.0000,0.0000,0.0000,0.0000,0.0000,0.0000,0.0000,0.0000,0.0000,0.0000,0.0000,0.0000,0.0000,0.0000,0.0000,0.0000,0.0000,0.0000,0.0000,0.0000,0.0000,0.0000,0.0000,0.0000,0.0000,0.0000,0.0000,0.0000,0.0000,0.0000,0.0000,0.0000,0.0000,0.0000,0.0000,0.0000,0.0000,0.0000,0.0000,0.0000,0.0000,0.0000,0.0000,0.0000,0.0000,0.0000,0.0000
45115.1250000,0.0000,0.0000,0.0000,0.0000,0.0000,0.0000,0.0000,0.0000,0.0000,0.0000,0.0000,0.0000,0.0000,0.0000,0.0000,0.0000,0.0000,0.0000,0.0000,0.0000,0.0000,0.0000,0.0000,0.0000,0.0000,0.0000,0.0000,0.0000,0.0000,0.0000,0.0000,0.0000,0.0000,0.0000,0.0000,0.0000,0.0000,0.0000,0.0000,0.0000,0.0000,0.0000,0.0000,0.0000,0.0000,0.0000,0.0000,0.0000,0.0000,0.0000,0.0000,0.0000,0.0000,0.0000,0.0000,0.0000,0.0000,0.0000,0.0000,0.0000,0.0000,0.0000,0.0000,0.0000,0.0000,0.0000,0.0000,0.0000,0.0000,0.0000,0.0000,0.0000,0.0000,0.0000,0.0000,0.0000,0.0000,0.0000,0.0000,0.0000,0.0000,0.0000,0.0000,0.0000,0.0000,0.0000,0.0000,0.0000,0.0000,0.0000,0.0000,0.0000,0.0000,0.0000,0.0000,0.0000,0.0000,0.0000,0.0000,0.0000,0.0000,0.0000,0.0000,0.0000,0.0000,0.0000,0.0000,0.0000,0.0000,0.0000,0.0000,0.0000,0.0000,0.0000,0.0000,0.0000,0.0000,0.0000,0.0000,0.0000,0.0000,0.0000,0.0000,0.0000,0.0000,0.0000,0.0000,0.0000,0.0000,0.0000,0.0000,0.0000,0.0000,0.0000,0.0000,0.0000,0.0000,0.0000,0.0000,0.0000,0.0000,0.0000,0.0000,0.0000,0.0000,0.0000,0.0000,0.0000,0.0000,0.0000,0.0000,0.0000,0.0000,0.0000,0.0000,0.0000,0.0000,0.0000,0.0000,0.0000,0.0000,0.0000,0.0000,0.0000,0.0000,0.0000,0.0000,0.0000,0.0000,0.0000,0.0000,0.0000,0.0000,0.0000,0.0000,0.0000,0.0000,0.0000,0.0000,0.0000,0.0000,0.0000,0.0000,0.0000,0.0000,0.0000,0.0000,0.0000,0.0000,0.0000,0.0000,0.0000,0.0000,0.0000,0.0000,0.0000,0.0000,0.0000,0.0000,0.0000,0.0000,0.0000,0.0000,0.0000,0.0000,0.0000,0.0000,0.0000,0.0000,0.0000,0.0000,0.0000,0.0000,0.0000,0.0000,0.0000,0.0000,0.0000,0.0000,0.0000,0.0000,0.0000,0.0000,0.0000,0.0000,0.0000,0.0000,0.0000,0.0000,0.0000,0.0000,0.0000,0.0000,0.0000,0.0000,0.0000
45115.1666667,0.0000,0.0000,0.0000,0.0000,0.0000,0.0000,0.0000,0.0000,0.0000,0.0000,0.0000,0.0000,0.0000,0.0000,0.0000,0.0000,0.0000,0.0000,0.0000,0.0000,0.0000,0.0000,0.0000,0.0000,0.0000,0.0000,0.0000,0.0000,0.0000,0.0000,0.0000,0.0000,0.0000,0.0000,0.0000,0.0000,0.0000,0.0000,0.0000,0.0000,0.0000,0.0000,0.0000,0.0000,0.0000,0.0000,0.0000,0.0000,0.0000,0.0000,0.0000,0.0000,0.0000,0.0000,0.0000,0.0000,0.0000,0.0000,0.0000,0.0000,0.0000,0.0000,0.0000,0.0000,0.0000,0.0000,0.0000,0.0000,0.0000,0.0000,0.0000,0.0000,0.0000,0.0000,0.0000,0.0000,0.0000,0.0000,0.0000,0.0000,0.0000,0.0000,0.0000,0.0000,0.0000,0.0000,0.0000,0.0000,0.0000,0.0000,0.0000,0.0000,0.0000,0.0000,0.0000,0.0000,0.0000,0.0000,0.0000,0.0000,0.0000,0.0000,0.0000,0.0000,0.0000,0.0000,0.0000,0.0000,0.0000,0.0000,0.0000,0.0000,0.0000,0.0000,0.0000,0.0000,0.0000,0.0000,0.0000,0.0000,0.0000,0.0000,0.0000,0.0000,0.0000,0.0000,0.0000,0.0000,0.0000,0.0000,0.0000,0.0000,0.0000,0.0000,0.0000,0.0000,0.0000,0.0000,0.0000,0.0000,0.0000,0.0000,0.0000,0.0000,0.0000,0.0000,0.0000,0.0000,0.0000,0.0000,0.0000,0.0000,0.0000,0.0000,0.0000,0.0000,0.0000,0.0000,0.0000,0.0000,0.0000,0.0000,0.0000,0.0000,0.0000,0.0000,0.0000,0.0000,0.0000,0.0000,0.0000,0.0000,0.0000,0.0000,0.0000,0.0000,0.0000,0.0000,0.0000,0.0000,0.0000,0.0000,0.0000,0.0000,0.0000,0.0000,0.0000,0.0000,0.0000,0.0000,0.0000,0.0000,0.0000,0.0000,0.0000,0.0000,0.0000,0.0000,0.0000,0.0000,0.0000,0.0000,0.0000,0.0000,0.0000,0.0000,0.0000,0.0000,0.0000,0.0000,0.0000,0.0000,0.0000,0.0000,0.0000,0.0000,0.0000,0.0000,0.0000,0.0000,0.0000,0.0000,0.0000,0.0000,0.0000,0.0000,0.0000,0.0000,0.0000,0.0000,0.0000,0.0000,0.0000,0.0000,0.0000,0.0000
45115.2083333,0.0000,0.0000,0.0000,0.0000,0.0000,0.0000,0.0000,0.0000,0.0000,0.0000,0.0000,0.0000,0.0000,0.0000,0.0000,0.0000,0.0000,0.0000,0.0000,0.0000,0.0000,0.0000,0.0000,0.0000,0.0000,0.0000,0.0000,0.0000,0.0000,0.0000,0.0000,0.0000,0.0000,0.0000,0.0000,0.0000,0.0000,0.0000,0.0000,0.0000,0.0000,0.0000,0.0000,0.0000,0.0000,0.0000,0.0000,0.0000,0.0000,0.0000,0.0000,0.0000,0.0000,0.0000,0.0000,0.0000,0.0000,0.0000,0.0000,0.0000,0.0000,0.0000,0.0000,0.0000,0.0000,0.0000,0.0000,0.0000,0.0000,0.0000,0.0000,0.0000,0.0000,0.0000,0.0000,0.0000,0.0000,0.0000,0.0000,0.0000,0.0000,0.0000,0.0000,0.0000,0.0000,0.0000,0.0000,0.0000,0.0000,0.0000,0.0000,0.0000,0.0000,0.0000,0.0000,0.0000,0.0000,0.0000,0.0000,0.0000,0.0000,0.0000,0.0000,0.0000,0.0000,0.0000,0.0000,0.0000,0.0000,0.0000,0.0000,0.0000,0.0000,0.0000,0.0000,0.0000,0.0000,0.0000,0.0000,0.0000,0.0000,0.0000,0.0000,0.0000,0.0000,0.0000,0.0000,0.0000,0.0000,0.0000,0.0000,0.0000,0.0000,0.0000,0.0000,0.0000,0.0000,0.0000,0.0000,0.0000,0.0000,0.0000,0.0000,0.0000,0.0000,0.0000,0.0000,0.0000,0.0000,0.0000,0.0000,0.0000,0.0000,0.0000,0.0000,0.0000,0.0000,0.0000,0.0000,0.0000,0.0000,0.0000,0.0000,0.0000,0.0000,0.0000,0.0000,0.0000,0.0000,0.0000,0.0000,0.0000,0.0000,0.0000,0.0000,0.0000,0.0000,0.0000,0.0000,0.0000,0.0000,0.0000,0.0000,0.0000,0.0000,0.0000,0.0000,0.0000,0.0000,0.0000,0.0000,0.0000,0.0000,0.0000,0.0000,0.0000,0.0000,0.0000,0.0000,0.0000,0.0000,0.0000,0.0000,0.0000,0.0000,0.0000,0.0000,0.0000,0.0000,0.0000,0.0000,0.0000,0.0000,0.0000,0.0000,0.0000,0.0000,0.0000,0.0000,0.0000,0.0000,0.0000,0.0000,0.0000,0.0000,0.0000,0.0000,0.0000,0.0000,0.0000,0.0000,0.0000,0.0000,0.0000,0.0000,0.0000
45115.2500000,0.2160,0.4950,0.6604,0.6304,1.0927,0.8456,0.7596,0.3781,0.7452,0.7743,0.6998,0.6300,0.4128,0.5997,0.5462,0.5618,0.7242,0.6680,0.4849,0.3416,0.7892,0.3288,0.3143,0.5146,0.5437,1.1180,0.5210,0.1944,0.6496,0.2138,0.4150,0.2751,0.3566,0.5522,0.5392,0.4633,0.7294,0.7492,0.2653,0.9834,0.8608,0.9057,0.5228,0.6993,1.4733,0.7267,0.5660,0.6270,0.3486,0.4798,0.7341,0.6822,0.7764,0.8390,0.3249,0.3243,0.3913,0.6042,1.0744,0.8263,0.8648,0.6559,0.2888,0.2603,0.4011,0.3502,0.5726,0.5519,-0.1905,0.1023,0.5037,0.4900,0.4061,0.1114,0.5387,0.7144,0.5800,0.6867,0.4790,0.7586,1.6064,1.4093,1.0161,0.8072,0.6414,0.6654,1.0343,0.7748,0.9008,0.7762,0.8489,1.0705,1.1946,0.8791,0.4388,0.5813,0.6996,1.0636,0.8315,0.7071,0.7787,0.9114,0.6700,0.7101,1.0402,1.3288,1.0958,1.0377,0.5080,0.9750,0.5699,0.2510,0.7253,0.6082,0.7180,0.6121,0.4634,0.8152,0.6647,0.6841,0.1412,0.6527,0.3680,0.6128,0.5109,0.6666,0.7015,0.9645,0.5877,0.2114,0.3889,0.3494,0.3935,0.4667,0.6799,0.4669,0.4680,0.6801,0.4860,0.4043,0.2596,0.6117,0.4303,0.4928,0.6779,0.1758,0.2879,0.8658,0.5558,0.4202,0.3945,0.1401,0.2552,0.1770,0.4045,0.7903,0.9068,0.8447,0.7791,0.4652,1.1753,0.8806,0.8892,1.1089,1.3207,0.8252,0.9915,0.6132,0.5513,0.4873,0.1237,0.2902,0.3232,0.6322,0.6160,0.8348,0.5761,0.6294,0.5243,1.2248,1.0061,0.7540,0.6701,0.8423,0.6669,0.8786,0.8027,0.8091,0.8153,0.8216,0.8280,0.8316,0.8380,0.8444,0.8509,0.8574,0.8640,0.8707,0.8775,0.8845,0.8915,0.8987,0.9060,0.9135,0.9211,0.9288,0.9367,0.9447,0.9529,0.9612,0.9697,0.9784,0.9872,0.9962,1.0054,1.0147,1.0243,1.0340,1.0438,1.0539,1.0641,1.0745,1.0851,1.0958,1.1067,1.1178,1.1290,1.1403,1.1518,1.1634,1.1751,1.1870,1.1989,1.2109,1.2141,1.2265
45115.2916667,1.3708,3.1419,4.1923,4.0020,6.9380,5.4500,4.8234,2.4006,4.7927,4.9270,4.4692,4.0110,2.6545,3.8283,3.4685,3.5677,4.8488,4.2505,3.0854,2.1693,5.0121,2.0885,1.9964,3.3778,3.5802,7.2115,3.3233,1.2353,4.1770,1.3909,2.6438,1.7586,2.7646,3.9651,3.4270,2.9445,4.6972,4.8481,1.9506,6.2775,5.4720,5.7684,3.3241,4.4465,9.3683,4.6211,3.5988,3.9871,2.2165,3.0513,4.7381,4.4147,5.0863,5.3666,2.0663,2.1121,2.4889,3.8775,6.8634,5.3200,5.5980,4.1858,1.8374,1.6560,3.5267,2.2296,3.6469,3.5160,-1.2059,0.6541,3.2297,3.1569,2.6303,0.7128,3.5332,4.5832,3.7427,4.4487,3.2206,4.8322,10.3717,9.0348,6.5555,6.5798,4.0881,4.2419,6.5918,4.9378,5.7404,4.9470,5.4094,6.8201,7.6127,5.6020,2.7964,3.7041,4.4582,6.7784,5.3076,4.5941,5.0000,5.8088,4.2697,4.6828,6.8022,11.5881,9.5625,9.3936,4.1154,8.1872,4.4855,1.6027,4.7268,3.9213,4.7101,4.2103,2.9815,5.2304,4.2935,4.4128,0.9006,4.3058,2.3651,3.9081,3.2581,4.4975,4.4952,6.2095,3.7484,1.3545,2.5090,2.2872,2.6252,4.7996,4.4113,3.1990,2.9920,5.2540,4.5819,2.5787,1.6560,3.9802,2.7920,3.1441,4.3247,1.1216,1.8369,5.5236,3.5746,2.7135,2.5462,0.8943,1.6306,1.1828,2.6034,5.0683,5.8204,5.3904,5.0308,2.9687,7.4999,5.6195,6.4318,7.1193,8.6345,5.3092,6.4795,3.9697,3.6179,3.3729,0.7910,2.3995,2.0673,4.0904,3.9524,5.7193,3.7432,4.0411,3.3848,7.8558,6.4615,4.8255,4.3486,5.4485,4.2812,5.6255,5.1405,5.1827,5.2244,5.2663,5.3090,5.3335,5.3761,5.4195,5.4637,5.5084,5.5539,5.6004,5.6480,5.6968,5.7151,5.8006,5.8536,5.9082,5.9643,6.0222,6.0819,6.1436,6.2074,6.2733,6.5440,6.3954,6.4666,6.5405,6.6172,6.6968,6.7795,6.8656,6.9553,7.0489,7.1779,7.2838,7.3949,7.5115,7.6342,7.7634,7.8996,8.0434,8.1954,8.3563,9.8134,9.8886,9.9645,10.0408,10.0614,10.1401
45115.3333333,2.3723,5.4376,7.4912,6.9267,12.0091,9.8332,8.3492,4.1554,9.4236,9.1011,8.1967,7.4480,4.8750,6.9391,6.0042,6.2494,18.5992,7.8021,7.9457,3.8994,9.8408,3.8599,3.4563,8.8520,7.3951,12.4550,6.1203,2.1390,8.1155,3.0709,5.7628,4.3812,14.4223,11.5536,7.3328,5.1730,8.8814,10.7268,4.0676,12.3689,9.4770,10.5987,5.7573,7.7016,16.6647,9.2569,6.2336,6.9062,3.8393,6.5321,11.7580,10.8115,19.9474,10.8287,3.8757,5.8944,5.6632,8.1514,13.4698,9.7467,14.1414,7.7903,3.1830,2.8688,8.9430,3.8634,16.3779,8.5571,-4.6177,1.1422,6.5194,6.0362,6.6274,1.2490,6.7251,9.5219,6.7015,8.2188,5.9612,9.8841,18.4529,18.2267,12.0154,23.6124,7.0945,8.2099,12.0528,8.5698,9.9612,8.5871,11.5008,11.8333,16.4387,14.6653,5.6483,6.8553,8.2033,12.7567,9.6326,11.9518,8.7800,12.8237,7.8937,19.1715,15.7407,29.6730,24.5918,24.8801,10.2069,20.6125,10.7832,3.4976,9.1409,6.9864,10.9429,16.6798,5.3587,9.1166,8.5705,8.4849,1.5686,16.2057,4.1539,7.8253,5.9874,8.4234,8.8580,11.8597,7.6470,2.4692,4.9640,5.3703,11.0385,14.1364,7.8219,6.1268,5.3447,17.0812,12.7693,4.6096,2.8732,6.8959,4.8425,5.7486,8.1010,1.9463,3.7247,9.9522,6.4440,5.5716,4.4891,1.5574,2.8720,2.2537,4.9925,9.2443,11.6703,9.5341,9.7905,5.3896,29.4199,10.7492,17.3111,12.3471,18.6500,11.2535,11.7449,10.2359,8.5912,11.1098,1.4137,6.2679,3.7615,9.6581,7.6917,20.1931,6.7140,8.0859,6.1591,15.3311,12.9186,8.8438,7.5109,9.6143,7.4319,10.3444,9.4553,9.5582,9.6618,9.7676,9.8764,9.9576,10.0704,10.1867,10.3066,10.4294,10.5561,10.6871,10.8225,10.9627,11.1079,11.2583,11.4142,11.5759,11.7974,11.9763,12.1623,12.3557,12.5570,12.7665,12.9846,13.2119,13.4488,13.6956,13.9531,14.2216,14.5018,14.7942,15.0994,15.4181,15.7509,16.0986,16.4618,16.8414,23.5225,23.6439,23.7669,23.8915,24.0176,24.1450,24.2738,24.4036,24.5344,24.6661,24.7009,24.8367
45115.3750000,2.8250,6.4757,9.5518,8.2496,28.2416,14.9787,9.9449,10.9654,18.9703,13.8190,12.3397,11.5084,7.4267,10.4613,8.1025,8.8692,36.1812,11.5881,26.0023,4.6884,21.4352,5.8152,4.1175,13.7134,9.7319,26.7134,9.7076,2.5488,15.5941,9.0527,8.9810,15.1287,31.0467,33.0094,36.6629,30.6430,16.3488,13.8048,5.7953,24.0150,12.4408,23.2102,6.8620,10.2803,38.4715,34.0597,10.0218,8.2321,6.1044,8.2681,41.3634,36.7723,38.6940,21.7111,6.1611,22.8460,6.4873,18.2085,53.0409,14.5983,43.0484,11.9166,3.7943,3.4199,15.6481,4.6067,32.8735,31.5021,-17.6823,1.4148,26.4369,7.6711,20.8494,1.6267,13.3212,40.9546,9.6045,21.8503,8.3599,14.6554,79.0916,67.6716,17.8529,46.9899,8.4695,10.3423,14.6925,10.2323,11.8927,41.2237,50.7985,23.8158,33.9622,47.9017,11.6640,9.9621,12.1758,19.6854,14.2399,39.4956,11.5426,46.8240,11.7705,37.7483,48.6733,54.5925,45.5809,47.0159,19.1302,37.8323,19.6914,10.4511,11.6807,9.9864,36.8903,33.1004,7.6690,13.7665,17.8527,15.9020,1.9292,31.4405,5.2892,28.9612,8.4330,15.4446,30.6637,43.3063,30.0264,3.7146,9.9885,18.2028,22.5579,28.9481,16.1369,7.4164,7.4292,33.1508,25.4568,6.1864,4.0227,10.3562,23.7831,8.3545,13.9771,2.9879,15.8501,19.1887,16.2345,7.1209,23.1867,1.9484,3.4772,4.9885,6.3584,13.5805,43.5031,11.4512,18.7480,7.7067,55.9495,47.0431,46.3752,16.3137,42.6421,27.1111,19.1365,32.5540,25.2513,21.5004,2.9255,12.5882,5.1605,27.1794,25.4415,38.5026,9.0494,30.7884,9.0615,27.9686,47.6315,12.9582,9.7082,13.3385,10.4349,15.1930,13.9289,14.1517,14.3790,14.6125,14.8533,15.0651,15.3187,15.5807,15.8513,16.1298,16.4175,16.7150,17.0227,17.3410,17.6704,18.0113,18.3642,18.7295,19.1079,19.4997,19.9056,20.3261,20.7618,21.2133,21.6811,22.1661,22.6687,23.1897,23.7297,41.6688,41.7935,41.9204,42.0497,42.1813,42.3151,42.4512,42.5895,42.7300,42.8726,43.0172,43.1638,43.3122,43.4624,43.6141,43.7674,43.9219,44.0776,44.2342,44.2751,44.4365
45115.4166667,2.8679,6.5743,18.3021,15.2366,100.1249,21.7671,20.8612,9.6071,62.7674,19.8302,18.2544,16.8251,10.8921,15.4519,8.3310,13.8035,54.7316,16.2923,40.2716,5.6959,18.8508,11.6243,6.7124,15.0841,14.5917,78.3471,15.0018,10.8034,52.6339,12.2129,45.5030,20.2369,49.3307,50.9721,56.9210,47.8662,62.8201,23.9531,7.4863,71.0998,72.1061,21.0950,6.9714,9.7448,99.6751,51.3131,14.3532,13.9541,8.7632,16.4280,62.9500,55.9984,58.3514,66.4481,8.3529,33.2217,9.0129,63.7910,79.0315,20.6439,64.6423,17.2752,5.9166,6.1793,26.0402,24.9424,50.5931,48.5549,-24.4975,2.1164,40.8091,7.9090,29.0898,2.2573,11.7064,62.4403,13.8598,74.8685,12.9430,40.8871,116.6497,99.8791,25.0737,71.3994,8.6134,11.3629,14.7122,10.8007,80.4631,62.4119,77.1900,87.1752,88.8659,72.3261,42.2505,14.1276,17.3970,28.6538,19.8655,60.2035,18.8879,70.3712,16.6143,57.3793,72.3344,79.5926,66.9582,69.7051,29.1294,55.5571,29.5607,17.2155,14.2875,13.6335,55.9602,50.7065,9.5528,19.2605,57.9947,54.4088,2.8207,47.7279,8.1131,44.0599,8.3244,51.0508,46.0913,64.3108,45.9431,5.7559,33.7334,28.8373,35.4716,45.1414,62.9894,10.2343,9.9831,50.2204,39.3931,34.1823,5.4503,46.0375,37.1397,11.4764,51.8909,2.6501,25.5301,72.4484,53.8415,10.2633,36.4603,2.3258,4.7500,13.3182,8.3363,19.0193,65.0495,15.2832,62.5859,10.7731,82.9145,70.9228,69.7863,18.8384,54.5034,34.0871,33.3862,49.7755,38.5537,33.0386,4.2495,20.2824,7.0318,41.0139,38.3530,57.5872,11.9171,46.8159,12.7343,82.6201,70.8877,17.9362,57.1537,17.6913,14.0099,21.0267,19.3114,19.6819,20.0606,20.4494,20.8494,21.2237,21.6445,22.0778,22.5239,22.9823,23.4542,23.9404,24.4413,24.9575,25.4895,26.0377,26.6028,27.1853,60.0231,60.1256,60.2301,60.3365,60.4451,60.5557,60.6685,60.7836,60.9008,61.0204,61.1422,61.2664,61.3929,61.5218,61.6531,61.7867,61.9227,62.0610,62.2016,62.3444,62.4893,62.6364,62.7855,62.9364,63.0892,63.2436,63.3995,63.5568,63.7152,63.8747,63.9162,64.0805
45115.4583333,2.6538,8.6765,24.9795,103.9661,131.4654,29.3180,28.3223,13.4166,83.0442,89.0111,87.8080,22.7326,50.6391,71.0816,73.1375,18.4001,72.3263,21.4233,16.2730,7.0573,88.9473,21.1692,8.9524,10.9807,20.1030,101.9563,76.6615,14.1722,69.9163,8.3562,61.6204,24.1179,36.8593,28.2882,76.3194,64.5357,83.2039,81.7432,11.1871,92.9399,94.9871,27.2941,6.4563,10.1263,128.7168,67.6998,19.1679,32.3639,12.2700,8.2514,23.8452,74.2699,76.9122,26.4125,9.5952,13.8439,27.3513,85.2191,103.1224,87.1407,84.8970,23.1841,9.2639,8.1090,7.7438,17.5069,67.5938,64.9606,-8.2642,3.0960,16.8616,15.8667,14.0760,10.4486,16.9923,82.7658,65.8477,99.6892,18.2154,24.9543,150.8468,129.3387,107.5692,27.7513,7.9845,13.0554,105.9928,30.9169,106.0288,82.3827,101.9088,114.1254,115.7039,95.1802,15.6041,18.3822,23.0704,38.3591,25.8102,23.9414,77.5015,92.3716,70.1461,75.9855,94.2929,102.4525,86.7300,90.7669,39.0318,72.0995,39.2800,7.4878,76.9307,18.1723,74.0633,67.5773,12.7762,81.7331,77.1166,72.1708,3.7830,63.3400,44.8994,58.6198,81.0006,67.7463,60.8578,83.9468,61.2991,29.8189,45.9509,19.2512,7.6072,13.1955,33.8929,56.0063,53.7184,66.5236,15.3839,46.4429,39.9232,61.2563,50.2778,49.3324,68.7720,5.6201,35.4144,95.4379,16.6304,14.1902,11.5990,3.9704,25.2317,6.9804,12.0440,88.8794,85.2150,91.4914,23.1619,45.6416,107.7952,93.2867,28.6571,51.7143,65.4018,102.0010,97.9225,66.2706,51.4810,44.4027,4.3365,28.3091,9.2626,54.3393,50.8398,75.5498,15.0910,62.1819,16.8246,107.1114,28.9260,23.3572,21.1866,94.5173,22.8222,85.4315,76.9033,76.9805,77.0564,77.1325,77.2097,77.2532,77.3298,77.4075,77.4864,77.5656,77.6457,77.7273,77.8102,77.8946,77.9805,78.0680,78.1571,78.2478,78.3403,78.4345,78.5306,78.6286,78.7285,78.8303,78.9342,79.0401,79.1481,79.2583,79.3706,79.4850,79.6017,79.7205,79.8416,79.9649,80.0903,80.2179,80.3477,80.4795,80.6134,80.7492,80.8869,81.0264,81.1676,81.3103,81.4544,81.5998,81.7463,81.8938,81.9318,82.0839
45115.5000000,3.8817,11.7109,31.0040,34.4784,47.9471,37.8407,35.1622,9.2798,31.2638,33.1128,31.7050,28.0461,18.5947,26.2441,25.9229,24.3501,28.4139,26.7430,20.5168,15.6347,33.3224,8.4061,7.1398,11.8575,25.0675,41.3556,26.3764,4.3428,26.7217,5.4931,21.2235,7.2170,12.8961,24.8532,26.5701,22.6404,31.0658,31.0185,7.0236,37.1970,35.8325,35.7864,11.4985,13.7964,53.0441,27.3632,23.8705,28.5181,15.8959,10.8315,31.1735,28.2432,30.2895,33.7315,7.4721,8.6233,9.2704,29.6541,40.9817,33.4623,33.5135,28.3523,5.9200,6.1562,8.8595,12.3893,25.0224,24.0905,-9.3919,4.2118,20.9776,11.6216,9.9675,4.5887,12.6478,30.7752,24.7513,34.3463,12.1157,18.0919,60.3385,52.2835,41.1961,34.9107,12.8976,15.0395,41.1025,19.3121,39.0886,31.6271,37.3312,43.5677,45.8222,36.2034,20.5523,26.6484,30.1708,47.1627,34.7755,29.9749,30.5179,36.0343,27.1213,29.1054,38.4235,44.7196,37.4843,37.5546,17.3394,32.0706,18.3341,10.0007,29.5617,25.0415,28.7774,25.6436,10.3939,32.0590,28.6894,27.8194,6.0403,25.2639,16.5986,23.5471,27.2766,26.5137,25.4217,34.8483,23.7990,10.6706,17.1662,15.0630,8.9120,10.7934,30.4905,20.7163,20.1932,26.4261,20.2981,17.5094,13.7765,24.1438,18.8048,19.5292,26.9151,9.1588,13.1378,36.0463,12.7902,10.1356,18.0826,6.0774,10.2337,4.5848,9.3119,33.3477,34.2468,34.7873,31.6981,18.2233,43.6356,35.7518,35.5078,41.7268,51.4529,36.9693,38.5228,25.3291,20.9024,18.2637,5.6211,11.4825,14.3347,22.8031,21.7349,30.8766,12.6629,24.6128,21.3903,44.2282,37.4748,30.1170,28.4663,35.4668,30.2958,33.8743,30.7132,30.8281,30.9411,31.0545,31.1693,31.2355,31.3495,31.4651,31.5824,31.7001,31.8193,31.9404,32.0635,32.1888,32.3162,32.4458,32.5778,32.7122,32.8491,32.9886,33.1307,33.2755,33.4231,33.5735,33.7269,33.8832,34.0425,34.2049,34.3704,34.5391,34.7109,34.8859,35.0641,35.2454,35.4300,35.6176,35.8084,36.0022,36.1989,36.3984,36.6006,36.8055,37.0128,37.2223,37.4339,37.6473,37.8623,38.0787,38.1368,38.3599
45115.5416667,13.0029,117.5050,105.1955,125.0151,156.6653,125.1244,118.3671,76.7748,99.8844,106.9124,105.6501,92.6911,62.1094,85.9907,88.5554,79.4252,87.1900,83.1670,66.1473,52.7808,106.8031,17.0483,61.7531,19.5028,84.4462,121.5271,22.1866,4.0285,84.4925,11.6881,18.0158,8.1853,18.2258,82.6997,92.3543,78.5162,100.1097,98.3285,15.5173,111.1112,113.8219,110.0812,24.0352,27.7497,152.5394,81.6825,76.6763,95.2897,53.5444,20.5883,100.2754,89.5946,92.5229,104.9444,12.8276,17.9773,16.8614,23.8622,123.0108,104.5706,101.8160,92.1817,17.7111,12.1893,14.6883,84.1280,81.9033,78.8190,-31.6766,13.8647,66.8196,88.3859,85.2266,15.0000,22.4618,99.6180,79.8071,29.1919,24.4498,30.9875,178.5437,153.4170,128.4256,113.1566,21.0212,97.4346,126.5100,110.8948,126.8571,99.0233,122.0766,136.0996,137.6943,114.0084,69.7343,89.2656,97.7097,154.7571,110.5514,96.1242,93.2183,110.5994,84.7205,91.5737,112.5927,121.6396,103.4754,108.4091,48.0983,86.3836,48.2648,31.3435,92.6881,79.1019,89.2994,81.8298,16.6068,98.2057,23.4923,87.1394,20.0389,76.7205,55.4450,71.2088,23.5639,81.9535,73.6937,100.5574,74.4885,37.9184,14.2830,49.2039,14.5882,18.5228,101.0096,68.4953,16.8977,80.5240,64.9017,57.2750,49.8496,74.4180,61.7750,60.5090,83.2000,33.1786,44.4180,114.4732,21.7811,19.1413,60.9738,20.4533,32.3565,9.7431,15.8600,106.8076,102.1817,109.7843,99.3728,56.1173,128.4061,111.8203,109.9157,124.0011,156.6339,122.3006,117.0699,80.2897,62.8376,54.5616,19.4087,35.8643,47.6393,66.0329,61.9057,90.7904,71.7142,75.3605,67.3698,127.4309,110.5806,93.3050,91.5761,113.3250,101.0478,102.4370,92.4681,92.5452,92.6209,92.6968,92.7739,92.8170,92.8935,92.9711,93.0499,93.1289,93.2090,93.2905,93.3733,93.4577,93.5436,93.6310,93.7200,93.8108,93.9033,93.9975,94.0936,94.1916,94.2915,94.3934,94.4974,94.6034,94.7115,94.8217,94.9341,95.0486,95.1654,95.2844,95.4056,95.5291,95.6547,95.7825,95.9124,96.0445,96.1786,96.3147,96.4526,96.5924,96.7338,96.8768,97.0213,97.1670,97.3139,97.4617,97.4994,97.6519
45115.5833333,11.0639,114.1109,102.1797,22.4423,152.4308,121.6425,115.0357,17.3330,97.0361,103.8881,102.6350,89.9954,60.1506,83.4621,85.9418,77.0577,84.6700,80.7351,64.1054,51.0453,103.7865,16.1560,59.7719,82.3375,81.9403,118.2283,12.5200,3.0826,82.0197,11.1022,17.2150,12.6708,17.3683,80.2427,89.6381,76.1407,97.2505,95.5227,14.6657,108.0438,110.6432,107.0158,22.9665,107.9917,148.5371,79.3089,74.3828,92.5244,51.7911,87.5346,97.4133,86.9977,89.8793,101.9931,11.3647,17.0993,15.3820,13.1498,119.6588,101.6251,98.9557,89.5080,16.3868,12.4095,8.2194,13.4524,79.4741,76.4646,-31.3536,13.0801,64.7669,18.1660,15.5710,14.1886,90.3522,96.7677,77.4363,27.2588,23.3219,152.6385,173.8990,149.3719,124.9126,109.9789,117.2566,94.6260,123.0536,107.7663,123.3479,96.2090,118.6768,132.4016,133.9948,110.8317,67.5839,86.6455,94.9052,150.5638,107.4507,93.3641,90.5586,107.5237,82.2494,88.9347,109.5060,118.4083,100.6480,105.4324,46.5428,83.9660,46.7257,30.1476,90.0258,76.7606,86.7247,79.4180,65.2996,95.4279,22.5583,22.0533,19.1081,74.4591,53.6532,69.0811,95.1862,79.5616,71.5337,97.7746,72.2727,8.7287,54.8914,12.1507,13.4938,10.3118,98.1309,66.4093,63.7654,78.1964,62.9260,55.4770,48.2029,19.2798,15.1946,58.6661,80.8196,4.9895,7.7792,111.3333,20.8142,18.2699,59.0997,19.5734,31.2023,9.2573,62.6713,103.8606,99.3967,106.7773,96.6168,54.4037,125.0125,108.7666,106.9137,120.6988,152.5361,118.9481,113.9108,20.4148,60.9654,52.8846,18.5414,34.6087,46.0784,64.0842,60.0571,88.2475,69.5892,73.1550,65.3396,124.0411,107.5635,90.6612,88.9494,110.1787,98.1679,99.5894,89.8586,89.9348,90.0098,90.0851,90.1614,90.2039,90.2797,90.3567,90.4350,90.5135,90.5931,90.6741,90.7565,90.8404,90.9259,91.0130,91.1017,91.1921,91.2843,91.3783,91.4742,91.5719,91.6717,91.7734,91.8772,91.9830,92.0910,92.2011,92.3134,92.4279,92.5446,92.6635,92.7847,92.9081,93.0337,93.1615,93.2914,93.4234,93.5575,93.6936,93.8315,93.9713,94.1127,94.2557,94.4002,94.5459,94.6928,94.8406,94.8783,95.0307
45115.6250000,8.9454,23.8813,23.5500,19.0148,137.2301,31.1873,103.1193,14.5251,86.8724,93.0849,91.8673,80.3883,53.2222,74.4617,18.9836,68.6423,75.6974,72.0832,56.8730,44.9282,93.0108,13.4047,10.3424,73.3474,15.6957,106.4201,11.4866,2.4024,31.3198,9.1942,14.6640,6.9287,14.4788,26.4346,29.1388,67.6996,25.4452,25.7184,12.1887,97.0785,99.2777,27.9954,48.1104,96.6963,134.1675,70.8672,66.2358,82.6651,45.6096,33.3642,87.1996,77.7471,80.4565,91.4528,9.5653,8.6841,12.9096,16.7702,107.6590,91.1062,88.7448,79.9797,13.4771,10.1449,7.2379,13.3581,17.2282,68.0973,-29.9903,10.4183,16.6696,15.3935,13.0871,11.4294,22.2290,21.5078,69.0088,23.1833,19.5063,137.0216,157.1956,134.8489,112.3301,98.6182,104.9822,84.6081,110.6758,96.5849,110.7825,86.1672,106.5095,119.1466,120.7306,99.4727,13.4417,19.5802,24.1741,135.5125,28.7823,83.5203,81.0763,96.5290,73.4547,32.3773,98.4682,106.8373,90.5486,94.7927,41.0716,75.3548,41.3100,25.9846,80.5315,20.3759,77.5470,18.8130,16.7973,85.5090,19.3954,19.0545,4.3023,66.4120,11.1661,18.9615,84.9291,71.0293,63.8344,87.8046,64.3655,8.2636,21.8996,19.6371,7.0034,13.5015,87.7894,58.9388,56.5577,69.8219,16.4197,12.6390,20.6565,16.6741,12.9628,52.0001,72.1935,4.2057,6.6730,99.9300,17.7534,15.3797,12.4336,16.3523,26.9776,18.8195,55.5298,27.0621,89.2404,95.8201,86.5810,48.1546,112.6563,38.1847,95.9987,108.6895,137.6395,106.7724,102.4317,17.5953,54.1801,46.8208,15.4288,30.1074,40.4846,57.0865,53.4360,79.1092,61.9792,65.2564,58.0844,111.8391,96.7228,81.1838,22.3666,98.8819,24.3238,89.3786,80.5152,80.5907,80.6649,80.7394,80.8149,80.8567,80.9317,81.0079,81.0852,81.1629,81.2416,81.3216,81.4032,81.4862,81.5707,81.6569,81.7447,81.8343,81.9256,82.0187,82.1136,82.2105,82.3094,82.4103,82.5132,82.6183,82.7254,82.8348,82.9463,83.0600,83.1760,83.2942,83.4147,83.5374,83.6623,83.7894,83.9187,84.0501,84.1836,84.3191,84.4565,84.5957,84.7366,84.8791,85.0230,85.1683,85.3146,85.4620,85.4997,85.6517
45115.6666667,2.7116,7.8429,17.9052,14.5047,111.4700,23.6283,22.8397,8.1847,69.9730,21.7941,16.8724,18.5242,11.7170,17.1911,14.4025,16.0035,18.8129,17.6647,13.1294,9.5600,13.0344,6.1441,7.7228,12.6728,7.8562,86.7078,8.2230,2.4485,12.7393,4.2635,31.5731,5.7091,7.4468,19.5673,25.8775,16.5882,70.0723,68.8878,17.4474,24.5026,18.4922,21.9874,17.4166,21.6612,110.0052,57.0278,15.6976,66.2710,9.4891,15.9708,18.6668,62.4538,64.8859,21.5597,16.6341,8.9925,10.1577,13.9890,87.5924,22.3424,22.4265,18.8484,17.3788,14.2717,54.6480,16.4115,56.5966,54.3364,-6.8608,2.3120,8.9779,60.8687,9.8294,2.5313,16.6378,69.6764,16.0540,16.9336,36.2747,110.4189,128.9207,110.3945,26.6860,22.6319,84.2940,19.2330,89.9249,77.8835,89.6562,21.0469,20.2311,96.8451,98.4511,80.4874,10.3152,14.8502,18.6136,30.8513,22.4417,19.4469,20.3423,78.2022,17.7930,63.9698,80.1041,87.6132,73.8721,77.1365,32.4529,61.2875,32.8089,6.0580,13.6011,15.3555,18.1959,22.0048,9.5482,21.0384,15.1695,15.0915,3.1900,53.2512,8.5658,49.2015,13.2891,57.0076,51.3054,71.3141,51.4300,9.7341,6.2468,32.6377,12.5101,15.5673,70.5446,46.7373,44.8225,56.0728,44.2809,38.5766,6.7642,51.5057,9.9768,41.2206,17.5380,2.2559,12.0134,80.8237,12.9972,7.3490,9.4724,5.0110,6.2877,10.5013,43.8382,75.1486,72.3332,15.3642,19.8075,38.0635,91.9125,79.0469,77.7330,88.5418,112.4169,19.6952,83.1901,18.2917,43.1553,37.0600,2.7547,23.0735,9.3270,45.7210,42.7402,64.0028,49.5155,52.2979,13.7747,91.4081,78.6493,65.4608,63.9123,79.9515,19.4938,72.3948,65.0535,65.1314,65.2080,65.2847,65.3626,65.4060,65.4831,65.5614,65.6409,65.7207,65.8014,65.8835,65.9671,66.0521,66.1387,66.2268,66.3166,66.4081,66.5013,66.5964,66.6933,66.7922,66.8930,66.9958,67.1007,67.2077,67.3168,67.4282,67.5417,67.6575,67.7755,67.8958,68.0184,68.1433,68.2704,68.3997,68.5312,68.6649,68.8007,68.9385,69.0783,69.2199,69.3633,69.5083,69.6548,69.8026,69.9516,70.1015,70.1398,70.2946
45115.7083333,3.2431,7.9561,11.8103,11.0855,18.3475,16.4196,15.2664,6.9707,23.0851,15.1310,12.6623,12.5320,8.0193,11.7834,15.2445,11.0029,13.6756,12.6982,9.2592,5.2441,12.5412,5.5865,5.6534,8.2617,8.1759,47.3152,10.0738,2.9244,10.8393,4.4260,7.7353,5.8461,7.4219,10.2266,12.4390,8.0394,19.4107,36.0315,10.9137,18.3003,14.9400,16.6003,10.9292,14.2648,60.8577,30.6545,10.9653,33.7245,5.8326,10.0532,13.6689,32.5902,34.5504,15.7681,5.8380,8.4986,9.4616,10.5350,29.4870,15.9106,16.3703,12.9381,7.8472,9.9236,8.9712,7.8676,28.9983,17.4216,-4.3402,1.7250,8.7297,12.3498,6.9789,1.9043,10.9251,15.6261,11.2537,13.4486,11.6341,54.2122,70.3980,60.4492,19.3526,15.7864,41.7215,13.1753,47.9469,40.2164,46.5473,14.9949,15.3806,51.3035,53.1954,19.1652,7.8943,10.8179,13.3317,21.1575,16.0051,13.7128,14.8179,41.6707,12.7997,20.9489,17.4222,49.7647,41.5515,42.4115,17.8966,34.8329,18.6445,4.5378,12.3412,11.3277,13.4337,16.0700,7.2468,15.4158,11.7542,11.6858,3.0879,28.3281,6.5666,26.1839,17.7931,30.0943,27.9532,39.1794,26.9112,4.0301,6.1134,16.4489,9.4626,9.1530,36.1070,23.7077,22.8865,29.8188,22.8248,9.9319,5.8544,10.9604,7.6879,21.5621,12.8156,2.6820,4.4087,18.0241,10.9449,6.7808,7.1309,3.3800,4.6583,3.9853,21.8491,18.2210,15.7196,13.0193,12.4369,19.9259,50.1644,19.7071,26.6280,48.0599,60.4438,14.4009,44.6047,17.0708,22.9700,19.7064,3.0379,11.7292,6.3461,16.8685,23.4204,34.7666,25.9797,27.7025,9.9523,50.4331,42.7830,34.6244,33.1438,41.7730,13.2704,38.8399,34.9191,35.0147,35.1088,35.2031,35.2986,35.3532,35.4479,35.5440,35.6416,35.7394,35.8384,35.9390,36.0413,36.1454,36.2512,36.3589,36.4686,36.5803,36.6940,36.8098,36.9279,37.0482,37.1708,37.2958,37.4232,37.5531,37.6855,37.8205,37.9580,38.0982,38.2410,38.3864,38.5346,38.6853,38.8388,38.9948,39.1534,39.3145,39.4781,39.6441,39.8123,39.9827,40.1551,40.3294,40.5054,40.6830,40.8619,41.0420,41.0893,41.2749
45115.7500000,2.5334,6.3588,8.3040,7.3976,13.3275,11.2282,10.3078,5.7109,9.8649,10.3750,9.2186,8.4791,4.8466,8.0342,7.3730,7.5202,9.4896,8.7406,6.0979,4.2153,10.3622,4.3231,3.6917,6.0917,6.3880,16.3415,6.1236,2.2850,7.9986,3.6116,6.9631,3.2338,6.1429,8.7886,11.3588,6.8226,8.9013,26.9143,4.0425,12.8263,10.8903,11.5775,7.2718,9.4362,46.1406,10.5103,7.5309,10.5791,4.2541,6.7123,9.4906,10.0325,25.7806,10.7489,3.8245,7.0839,5.3463,9.5082,14.5463,10.9914,11.3998,8.8313,7.3802,3.0652,8.2219,4.1283,21.4732,14.8214,-2.8499,1.2260,6.0587,6.0261,4.9337,1.3565,7.3732,8.4477,6.8650,11.0809,6.7958,16.7485,23.2252,20.4728,13.2956,10.8768,11.0737,8.8427,16.2500,12.6570,13.8683,10.3663,13.0183,19.5327,15.0069,11.8366,5.4459,8.9821,9.1969,14.3458,11.1814,9.4131,9.4189,31.2819,8.5498,18.2159,13.0094,37.5862,31.2267,31.8763,12.9275,26.0366,13.5146,3.2001,9.0941,7.9738,9.4259,12.8169,5.6278,10.4842,8.3207,9.0061,1.7543,8.5769,4.6122,8.9734,14.2481,10.3507,8.8302,29.3779,8.8859,3.0049,5.2575,4.2848,5.7641,8.0762,26.9591,17.3864,16.7555,22.1263,16.7118,5.8799,4.7063,8.7192,5.4402,15.7429,8.3597,2.0972,3.4279,10.5578,7.2044,6.5171,5.0255,1.8753,3.2934,2.4264,9.0842,10.4885,10.8709,10.7677,9.3607,7.1325,37.8640,17.7523,17.6880,17.0901,20.7775,10.7413,33.5541,10.5637,8.9082,14.3176,1.5905,4.3220,4.3333,11.2943,9.1071,25.9645,19.1591,20.4942,6.9207,18.6032,32.1614,11.5984,24.6850,13.7317,9.0370,13.9947,12.8691,13.1336,13.4076,13.6932,13.9916,14.2707,14.5945,14.9334,15.2884,15.6593,16.0478,26.8789,26.9593,27.0410,27.1241,27.2088,27.2949,27.3826,27.4719,27.5629,27.6556,27.7501,27.8463,27.9445,28.0445,28.1464,28.2503,28.3563,28.4642,28.5742,28.6862,28.8003,28.9165,29.0348,29.1551,29.2774,29.4018,29.5281,29.6563,29.7863,29.9182,30.0517,30.1867,30.3233,30.4611,30.6002,30.7403,30.8813,30.9183,31.0637
45115.7916667,1.6398,4.0210,5.1146,4.7877,8.3009,6.4765,5.8293,3.2086,5.8941,5.9390,5.3588,4.8214,3.1362,4.5563,4.1953,4.3069,5.5428,5.0834,3.7027,2.6524,6.3020,2.4986,2.3885,3.9110,4.1324,8.5971,3.9609,1.4780,5.0282,1.6258,3.6845,2.0916,2.7118,4.1990,4.1002,3.5230,5.5469,5.9814,2.1479,7.5346,6.5471,6.9184,3.9906,5.3349,11.5593,5.5865,4.3436,4.9004,2.6570,3.6957,5.6168,5.2869,6.3065,6.4535,2.4724,2.7856,2.9780,4.5980,8.3802,6.2894,6.5825,4.9926,2.1985,1.9816,3.1820,2.6680,7.6368,6.1222,-1.4671,0.7916,3.8914,3.8237,3.1023,0.8665,4.1163,5.4589,4.4361,5.2438,3.6589,5.7908,12.2642,10.7632,7.8063,6.2307,4.9025,5.1127,7.9421,5.9238,7.0522,5.9620,7.2733,8.3428,9.1922,6.7227,3.4450,4.4489,5.3887,8.1977,6.4224,5.4548,5.9860,11.5986,5.1374,5.5890,8.3230,15.1041,8.3775,7.9325,3.8954,7.3887,5.7635,1.9374,5.6649,4.6871,5.5350,6.0084,3.6158,6.2692,5.1531,5.4813,1.0925,5.0103,2.8306,4.7440,3.9091,5.4782,5.4066,7.3832,4.5572,1.7408,3.1482,2.7688,3.3916,4.2060,5.2039,3.5775,6.0274,8.3209,6.1051,3.1246,1.9922,5.0626,3.3485,5.9119,5.2071,1.3532,2.2118,6.6263,4.3458,3.2783,3.0317,1.0998,1.9745,1.4660,3.6272,6.2219,6.9520,6.6809,6.0340,3.6295,9.3532,6.8051,8.5450,8.6533,10.2591,6.5886,8.3063,5.5075,4.9056,5.5514,0.9603,2.2634,2.5027,5.1901,4.7656,9.9769,4.6557,5.0781,4.0530,9.5577,12.2650,5.8750,5.3404,6.6034,5.1626,6.8892,6.3047,6.3686,6.4331,6.4995,6.8954,6.6011,6.6707,6.7429,6.8181,6.8957,6.9765,7.0609,7.1493,7.2419,7.3392,8.3130,7.5379,7.6493,7.7667,7.8907,8.0217,8.1603,8.3071,8.4629,8.6284,8.8043,11.2611,11.3299,11.4001,11.4715,11.5444,11.6185,11.6940,11.7709,11.8490,11.9285,12.0093,12.0914,12.1747,12.2592,12.3449,12.4316,12.5193,12.6080,12.6976,12.7879,12.8789,12.9705,12.9950,13.0894
45115.8333333,0.6815,1.5620,2.0842,1.9895,3.4490,2.6691,2.3976,1.1933,2.3522,2.4670,2.2350,1.9887,1.3031,1.8931,1.7241,1.7734,2.2859,2.1088,1.5307,1.0783,2.4913,1.0381,0.9923,1.6248,1.7167,3.5301,1.6453,0.6139,2.0514,0.6753,1.3106,0.8687,1.1263,1.7440,1.7030,1.4632,2.3038,2.3662,0.8381,3.1059,2.7190,2.8609,1.6516,2.2093,4.6546,2.3117,1.7904,1.9842,1.1012,1.5190,2.3195,2.1553,2.4531,2.6540,1.0266,1.0247,1.2365,1.9092,3.3953,2.6115,2.7332,2.0730,0.9129,0.8228,1.2681,1.1075,1.8143,1.7529,-0.5973,0.3289,1.5986,1.5536,1.2878,0.3597,1.7086,2.2659,1.8414,2.1766,1.5187,2.4034,5.0896,4.4666,3.6658,2.5605,2.0343,2.1121,3.2804,2.4581,2.8569,2.4639,2.6927,3.3943,3.7886,2.7894,1.3951,1.8459,2.2212,3.3867,2.6428,2.2456,2.4733,2.8931,2.1259,2.2526,3.2983,4.2131,3.4755,3.2907,1.6160,3.0652,1.8117,0.8008,2.3084,1.9306,2.2813,1.9431,1.4719,2.5897,2.1092,2.1715,0.4526,2.0729,1.1701,2.1526,1.6269,2.1166,2.2285,3.0609,1.8669,0.6739,1.2368,1.1120,1.2511,1.4825,2.1579,1.4835,1.4873,2.1600,1.5448,1.2857,0.8261,1.9596,1.3780,1.5690,2.1557,0.5611,0.9171,2.7474,1.7649,1.3346,1.2544,0.4494,0.8147,0.5638,1.2861,2.5087,2.8791,2.7804,2.4733,1.5032,3.7292,2.8043,3.1876,3.5290,4.1924,3.0436,3.3917,1.9579,1.7531,1.5507,0.3974,0.9256,1.0292,2.0103,1.9599,2.6522,1.8319,2.0009,1.6679,3.8880,3.1948,2.3956,2.1293,2.6749,2.1186,2.7913,2.5510,2.5713,2.5913,2.6113,2.6316,2.6434,2.6635,2.6839,2.7046,2.7254,2.7465,2.7679,2.7896,2.8117,2.8342,2.8571,2.8804,2.9041,2.9283,2.9529,2.9779,3.0035,3.0295,3.0561,3.0831,3.1107,3.1388,3.1674,3.1966,3.2263,3.2566,3.2874,3.3188,3.3508,3.3833,3.4164,3.4500,3.4841,3.5187,3.5539,3.5895,3.6256,3.6621,3.6990,3.7362,3.7738,3.8116,3.8497,3.8600,3.8993
45115.8750000,0.0000,0.0000,0.0000,0.0000,0.0000,0.0000,0.0000,0.0000,0.0000,0.0000,0.0000,0.0000,0.0000,0.0000,0.0000,0.0000,0.0000,0.0000,0.0000,0.0000,0.0000,0.0000,0.0000,0.0000,0.0000,0.0000,0.0000,0.0000,0.0000,0.0000,0.0000,0.0000,0.0000,0.0000,0.0000,0.0000,0.0000,0.0000,0.0000,0.0000,0.0000,0.0000,0.0000,0.0000,0.0000,0.0000,0.0000,0.0000,0.0000,0.0000,0.0000,0.0000,0.0000,0.0000,0.0000,0.0000,0.0000,0.0000,0.0000,0.0000,0.0000,0.0000,0.0000,0.0000,0.0000,0.0000,0.0000,0.0000,0.0000,0.0000,0.0000,0.0000,0.0000,0.0000,0.0000,0.0000,0.0000,0.0000,0.0000,0.0000,0.0000,0.0000,0.0000,0.0000,0.0000,0.0000,0.0000,0.0000,0.0000,0.0000,0.0000,0.0000,0.0000,0.0000,0.0000,0.0000,0.0000,0.0000,0.0000,0.0000,0.0000,0.0000,0.0000,0.0000,0.0000,0.0000,0.0000,0.0000,0.0000,0.0000,0.0000,0.0000,0.0000,0.0000,0.0000,0.0000,0.0000,0.0000,0.0000,0.0000,0.0000,0.0000,0.0000,0.0000,0.0000,0.0000,0.0000,0.0000,0.0000,0.0000,0.0000,0.0000,0.0000,0.0000,0.0000,0.0000,0.0000,0.0000,0.0000,0.0000,0.0000,0.0000,0.0000,0.0000,0.0000,0.0000,0.0000,0.0000,0.0000,0.0000,0.0000,0.0000,0.0000,0.0000,0.0000,0.0000,0.0000,0.0000,0.0000,0.0000,0.0000,0.0000,0.0000,0.0000,0.0000,0.0000,0.0000,0.0000,0.0000,0.0000,0.0000,0.0000,0.0000,0.0000,0.0000,0.0000,0.0000,0.0000,0.0000,0.0000,0.0000,0.0000,0.0000,0.0000,0.0000,0.0000,0.0000,0.0000,0.0000,0.0000,0.0000,0.0000,0.0000,0.0000,0.0000,0.0000,0.0000,0.0000,0.0000,0.0000,0.0000,0.0000,0.0000,0.0000,0.0000,0.0000,0.0000,0.0000,0.0000,0.0000,0.0000,0.0000,0.0000,0.0000,0.0000,0.0000,0.0000,0.0000,0.0000,0.0000,0.0000,0.0000,0.0000,0.0000,0.0000,0.0000,0.0000,0.0000,0.0000,0.0000,0.0000,0.0000,0.0000,0.0000,0.0000,0.0000
45115.9166667,0.0000,0.0000,0.0000,0.0000,0.0000,0.0000,0.0000,0.0000,0.0000,0.0000,0.0000,0.0000,0.0000,0.0000,0.0000,0.0000,0.0000,0.0000,0.0000,0.0000,0.0000,0.0000,0.0000,0.0000,0.0000,0.0000,0.0000,0.0000,0.0000,0.0000,0.0000,0.0000,0.0000,0.0000,0.0000,0.0000,0.0000,0.0000,0.0000,0.0000,0.0000,0.0000,0.0000,0.0000,0.0000,0.0000,0.0000,0.0000,0.0000,0.0000,0.0000,0.0000,0.0000,0.0000,0.0000,0.0000,0.0000,0.0000,0.0000,0.0000,0.0000,0.0000,0.0000,0.0000,0.0000,0.0000,0.0000,0.0000,0.0000,0.0000,0.0000,0.0000,0.0000,0.0000,0.0000,0.0000,0.0000,0.0000,0.0000,0.0000,0.0000,0.0000,0.0000,0.0000,0.0000,0.0000,0.0000,0.0000,0.0000,0.0000,0.0000,0.0000,0.0000,0.0000,0.0000,0.0000,0.0000,0.0000,0.0000,0.0000,0.0000,0.0000,0.0000,0.0000,0.0000,0.0000,0.0000,0.0000,0.0000,0.0000,0.0000,0.0000,0.0000,0.0000,0.0000,0.0000,0.0000,0.0000,0.0000,0.0000,0.0000,0.0000,0.0000,0.0000,0.0000,0.0000,0.0000,0.0000,0.0000,0.0000,0.0000,0.0000,0.0000,0.0000,0.0000,0.0000,0.0000,0.0000,0.0000,0.0000,0.0000,0.0000,0.0000,0.0000,0.0000,0.0000,0.0000,0.0000,0.0000,0.0000,0.0000,0.0000,0.0000,0.0000,0.0000,0.0000,0.0000,0.0000,0.0000,0.0000,0.0000,0.0000,0.0000,0.0000,0.0000,0.0000,0.0000,0.0000,0.0000,0.0000,0.0000,0.0000,0.0000,0.0000,0.0000,0.0000,0.0000,0.0000,0.0000,0.0000,0.0000,0.0000,0.0000,0.0000,0.0000,0.0000,0.0000,0.0000,0.0000,0.0000,0.0000,0.0000,0.0000,0.0000,0.0000,0.0000,0.0000,0.0000,0.0000,0.0000,0.0000,0.0000,0.0000,0.0000,0.0000,0.0000,0.0000,0.0000,0.0000,0.0000,0.0000,0.0000,0.0000,0.0000,0.0000,0.0000,0.0000,0.0000,0.0000,0.0000,0.0000,0.0000,0.0000,0.0000,0.0000,0.0000,0.0000,0.0000,0.0000,0.0000,0.0000,0.0000,0.0000,0.0000,0.0000,0.0000
45115.9583333,0.0000,0.0000,0.0000,0.0000,0.0000,0.0000,0.0000,0.0000,0.0000,0.0000,0.0000,0.0000,0.0000,0.0000,0.0000,0.0000,0.0000,0.0000,0.0000,0.0000,0.0000,0.0000,0.0000,0.0000,0.0000,0.0000,0.0000,0.0000,0.0000,0.0000,0.0000,0.0000,0.0000,0.0000,0.0000,0.0000,0.0000,0.0000,0.0000,0.0000,0.0000,0.0000,0.0000,0.0000,0.0000,0.0000,0.0000,0.0000,0.0000,0.0000,0.0000,0.0000,0.0000,0.0000,0.0000,0.0000,0.0000,0.0000,0.0000,0.0000,0.0000,0.0000,0.0000,0.0000,0.0000,0.0000,0.0000,0.0000,0.0000,0.0000,0.0000,0.0000,0.0000,0.0000,0.0000,0.0000,0.0000,0.0000,0.0000,0.0000,0.0000,0.0000,0.0000,0.0000,0.0000,0.0000,0.0000,0.0000,0.0000,0.0000,0.0000,0.0000,0.0000,0.0000,0.0000,0.0000,0.0000,0.0000,0.0000,0.0000,0.0000,0.0000,0.0000,0.0000,0.0000,0.0000,0.0000,0.0000,0.0000,0.0000,0.0000,0.0000,0.0000,0.0000,0.0000,0.0000,0.0000,0.0000,0.0000,0.0000,0.0000,0.0000,0.0000,0.0000,0.0000,0.0000,0.0000,0.0000,0.0000,0.0000,0.0000,0.0000,0.0000,0.0000,0.0000,0.0000,0.0000,0.0000,0.0000,0.0000,0.0000,0.0000,0.0000,0.0000,0.0000,0.0000,0.0000,0.0000,0.0000,0.0000,0.0000,0.0000,0.0000,0.0000,0.0000,0.0000,0.0000,0.0000,0.0000,0.0000,0.0000,0.0000,0.0000,0.0000,0.0000,0.0000,0.0000,0.0000,0.0000,0.0000,0.0000,0.0000,0.0000,0.0000,0.0000,0.0000,0.0000,0.0000,0.0000,0.0000,0.0000,0.0000,0.0000,0.0000,0.0000,0.0000,0.0000,0.0000,0.0000,0.0000,0.0000,0.0000,0.0000,0.0000,0.0000,0.0000,0.0000,0.0000,0.0000,0.0000,0.0000,0.0000,0.0000,0.0000,0.0000,0.0000,0.0000,0.0000,0.0000,0.0000,0.0000,0.0000,0.0000,0.0000,0.0000,0.0000,0.0000,0.0000,0.0000,0.0000,0.0000,0.0000,0.0000,0.0000,0.0000,0.0000,0.0000,0.0000,0.0000,0.0000,0.0000,0.0000,0.0000,0.0000,0.0000,0.0000
45116.0000000,0.0000,0.0000,0.0000,0.0000,0.0000,0.0000,0.0000,0.0000,0.0000,0.0000,0.0000,0.0000,0.0000,0.0000,0.0000,0.0000,0.0000,0.0000,0.0000,0.0000,0.0000,0.0000,0.0000,0.0000,0.0000,0.0000,0.0000,0.0000,0.0000,0.0000,0.0000,0.0000,0.0000,0.0000,0.0000,0.0000,0.0000,0.0000,0.0000,0.0000,0.0000,0.0000,0.0000,0.0000,0.0000,0.0000,0.0000,0.0000,0.0000,0.0000,0.0000,0.0000,0.0000,0.0000,0.0000,0.0000,0.0000,0.0000,0.0000,0.0000,0.0000,0.0000,0.0000,0.0000,0.0000,0.0000,0.0000,0.0000,0.0000,0.0000,0.0000,0.0000,0.0000,0.0000,0.0000,0.0000,0.0000,0.0000,0.0000,0.0000,0.0000,0.0000,0.0000,0.0000,0.0000,0.0000,0.0000,0.0000,0.0000,0.0000,0.0000,0.0000,0.0000,0.0000,0.0000,0.0000,0.0000,0.0000,0.0000,0.0000,0.0000,0.0000,0.0000,0.0000,0.0000,0.0000,0.0000,0.0000,0.0000,0.0000,0.0000,0.0000,0.0000,0.0000,0.0000,0.0000,0.0000,0.0000,0.0000,0.0000,0.0000,0.0000,0.0000,0.0000,0.0000,0.0000,0.0000,0.0000,0.0000,0.0000,0.0000,0.0000,0.0000,0.0000,0.0000,0.0000,0.0000,0.0000,0.0000,0.0000,0.0000,0.0000,0.0000,0.0000,0.0000,0.0000,0.0000,0.0000,0.0000,0.0000,0.0000,0.0000,0.0000,0.0000,0.0000,0.0000,0.0000,0.0000,0.0000,0.0000,0.0000,0.0000,0.0000,0.0000,0.0000,0.0000,0.0000,0.0000,0.0000,0.0000,0.0000,0.0000,0.0000,0.0000,0.0000,0.0000,0.0000,0.0000,0.0000,0.0000,0.0000,0.0000,0.0000,0.0000,0.0000,0.0000,0.0000,0.0000,0.0000,0.0000,0.0000,0.0000,0.0000,0.0000,0.0000,0.0000,0.0000,0.0000,0.0000,0.0000,0.0000,0.0000,0.0000,0.0000,0.0000,0.0000,0.0000,0.0000,0.0000,0.0000,0.0000,0.0000,0.0000,0.0000,0.0000,0.0000,0.0000,0.0000,0.0000,0.0000,0.0000,0.0000,0.0000,0.0000,0.0000,0.0000,0.0000,0.0000,0.0000,0.0000,0.0000,0.0000,0.0000,0.0000,0.0000,0.0000
45116.0416667,0.0000,0.0000,0.0000,0.0000,0.0000,0.0000,0.0000,0.0000,0.0000,0.0000,0.0000,0.0000,0.0000,0.0000,0.0000,0.0000,0.0000,0.0000,0.0000,0.0000,0.0000,0.0000,0.0000,0.0000,0.0000,0.0000,0.0000,0.0000,0.0000,0.0000,0.0000,0.0000,0.0000,0.0000,0.0000,0.0000,0.0000,0.0000,0.0000,0.0000,0.0000,0.0000,0.0000,0.0000,0.0000,0.0000,0.0000,0.0000,0.0000,0.0000,0.0000,0.0000,0.0000,0.0000,0.0000,0.0000,0.0000,0.0000,0.0000,0.0000,0.0000,0.0000,0.0000,0.0000,0.0000,0.0000,0.0000,0.0000,0.0000,0.0000,0.0000,0.0000,0.0000,0.0000,0.0000,0.0000,0.0000,0.0000,0.0000,0.0000,0.0000,0.0000,0.0000,0.0000,0.0000,0.0000,0.0000,0.0000,0.0000,0.0000,0.0000,0.0000,0.0000,0.0000,0.0000,0.0000,0.0000,0.0000,0.0000,0.0000,0.0000,0.0000,0.0000,0.0000,0.0000,0.0000,0.0000,0.0000,0.0000,0.0000,0.0000,0.0000,0.0000,0.0000,0.0000,0.0000,0.0000,0.0000,0.0000,0.0000,0.0000,0.0000,0.0000,0.0000,0.0000,0.0000,0.0000,0.0000,0.0000,0.0000,0.0000,0.0000,0.0000,0.0000,0.0000,0.0000,0.0000,0.0000,0.0000,0.0000,0.0000,0.0000,0.0000,0.0000,0.0000,0.0000,0.0000,0.0000,0.0000,0.0000,0.0000,0.0000,0.0000,0.0000,0.0000,0.0000,0.0000,0.0000,0.0000,0.0000,0.0000,0.0000,0.0000,0.0000,0.0000,0.0000,0.0000,0.0000,0.0000,0.0000,0.0000,0.0000,0.0000,0.0000,0.0000,0.0000,0.0000,0.0000,0.0000,0.0000,0.0000,0.0000,0.0000,0.0000,0.0000,0.0000,0.0000,0.0000,0.0000,0.0000,0.0000,0.0000,0.0000,0.0000,0.0000,0.0000,0.0000,0.0000,0.0000,0.0000,0.0000,0.0000,0.0000,0.0000,0.0000,0.0000,0.0000,0.0000,0.0000,0.0000,0.0000,0.0000,0.0000,0.0000,0.0000,0.0000,0.0000,0.0000,0.0000,0.0000,0.0000,0.0000,0.0000,0.0000,0.0000,0.0000,0.0000,0.0000,0.0000,0.0000,0.0000,0.0000,0.0000,0.0000,0.0000,0.0000
45116.0833333,0.0000,0.0000,0.0000,0.0000,0.0000,0.0000,0.0000,0.0000,0.0000,0.0000,0.0000,0.0000,0.0000,0.0000,0.0000,0.0000,0.0000,0.0000,0.0000,0.0000,0.0000,0.0000,0.0000,0.0000,0.0000,0.0000,0.0000,0.0000,0.0000,0.0000,0.0000,0.0000,0.0000,0.0000,0.0000,0.0000,0.0000,0.0000,0.0000,0.0000,0.0000,0.0000,0.0000,0.0000,0.0000,0.0000,0.0000,0.0000,0.0000,0.0000,0.0000,0.0000,0.0000,0.0000,0.0000,0.0000,0.0000,0.0000,0.0000,0.0000,0.0000,0.0000,0.0000,0.0000,0.0000,0.0000,0.0000,0.0000,0.0000,0.0000,0.0000,0.0000,0.0000,0.0000,0.0000,0.0000,0.0000,0.0000,0.0000,0.0000,0.0000,0.0000,0.0000,0.0000,0.0000,0.0000,0.0000,0.0000,0.0000,0.0000,0.0000,0.0000,0.0000,0.0000,0.0000,0.0000,0.0000,0.0000,0.0000,0.0000,0.0000,0.0000,0.0000,0.0000,0.0000,0.0000,0.0000,0.0000,0.0000,0.0000,0.0000,0.0000,0.0000,0.0000,0.0000,0.0000,0.0000,0.0000,0.0000,0.0000,0.0000,0.0000,0.0000,0.0000,0.0000,0.0000,0.0000,0.0000,0.0000,0.0000,0.0000,0.0000,0.0000,0.0000,0.0000,0.0000,0.0000,0.0000,0.0000,0.0000,0.0000,0.0000,0.0000,0.0000,0.0000,0.0000,0.0000,0.0000,0.0000,0.0000,0.0000,0.0000,0.0000,0.0000,0.0000,0.0000,0.0000,0.0000,0.0000,0.0000,0.0000,0.0000,0.0000,0.0000,0.0000,0.0000,0.0000,0.0000,0.0000,0.0000,0.0000,0.0000,0.0000,0.0000,0.0000,0.0000,0.0000,0.0000,0.0000,0.0000,0.0000,0.0000,0.0000,0.0000,0.0000,0.0000,0.0000,0.0000,0.0000,0.0000,0.0000,0.0000,0.0000,0.0000,0.0000,0.0000,0.0000,0.0000,0.0000,0.0000,0.0000,0.0000,0.0000,0.0000,0.0000,0.0000,0.0000,0.0000,0.0000,0.0000,0.0000,0.0000,0.0000,0.0000,0.0000,0.0000,0.0000,0.0000,0.0000,0.0000,0.0000,0.0000,0.0000,0.0000,0.0000,0.0000,0.0000,0.0000,0.0000,0.0000,0.0000,0.0000,0.0000,0.0000,0.0000,0.0000
45116.1250000,0.0000,0.0000,0.0000,0.0000,0.0000,0.0000,0.0000,0.0000,0.0000,0.0000,0.0000,0.0000,0.0000,0.0000,0.0000,0.0000,0.0000,0.0000,0.0000,0.0000,0.0000,0.0000,0.0000,0.0000,0.0000,0.0000,0.0000,0.0000,0.0000,0.0000,0.0000,0.0000,0.0000,0.0000,0.0000,0.0000,0.0000,0.0000,0.0000,0.0000,0.0000,0.0000,0.0000,0.0000,0.0000,0.0000,0.0000,0.0000,0.0000,0.0000,0.0000,0.0000,0.0000,0.0000,0.0000,0.0000,0.0000,0.0000,0.0000,0.0000,0.0000,0.0000,0.0000,0.0000,0.0000,0.0000,0.0000,0.0000,0.0000,0.0000,0.0000,0.0000,0.0000,0.0000,0.0000,0.0000,0.0000,0.0000,0.0000,0.0000,0.0000,0.0000,0.0000,0.0000,0.0000,0.0000,0.0000,0.0000,0.0000,0.0000,0.0000,0.0000,0.0000,0.0000,0.0000,0.0000,0.0000,0.0000,0.0000,0.0000,0.0000,0.0000,0.0000,0.0000,0.0000,0.0000,0.0000,0.0000,0.0000,0.0000,0.0000,0.0000,0.0000,0.0000,0.0000,0.0000,0.0000,0.0000,0.0000,0.0000,0.0000,0.0000,0.0000,0.0000,0.0000,0.0000,0.0000,0.0000,0.0000,0.0000,0.0000,0.0000,0.0000,0.0000,0.0000,0.0000,0.0000,0.0000,0.0000,0.0000,0.0000,0.0000,0.0000,0.0000,0.0000,0.0000,0.0000,0.0000,0.0000,0.0000,0.0000,0.0000,0.0000,0.0000,0.0000,0.0000,0.0000,0.0000,0.0000,0.0000,0.0000,0.0000,0.0000,0.0000,0.0000,0.0000,0.0000,0.0000,0.0000,0.0000,0.0000,0.0000,0.0000,0.0000,0.0000,0.0000,0.0000,0.0000,0.0000,0.0000,0.0000,0.0000,0.0000,0.0000,0.0000,0.0000,0.0000,0.0000,0.0000,0.0000,0.0000,0.0000,0.0000,0.0000,0.0000,0.0000,0.0000,0.0000,0.0000,0.0000,0.0000,0.0000,0.0000,0.0000,0.0000,0.0000,0.0000,0.0000,0.0000,0.0000,0.0000,0.0000,0.0000,0.0000,0.0000,0.0000,0.0000,0.0000,0.0000,0.0000,0.0000,0.0000,0.0000,0.0000,0.0000,0.0000,0.0000,0.0000,0.0000,0.0000,0.0000,0.0000,0.0000,0.0000,0.0000,0.0000
45116.1666667,0.0000,0.0000,0.0000,0.0000,0.0000,0.0000,0.0000,0.0000,0.0000,0.0000,0.0000,0.0000,0.0000,0.0000,0.0000,0.0000,0.0000,0.0000,0.0000,0.0000,0.0000,0.0000,0.0000,0.0000,0.0000,0.0000,0.0000,0.0000,0.0000,0.0000,0.0000,0.0000,0.0000,0.0000,0.0000,0.0000,0.0000,0.0000,0.0000,0.0000,0.0000,0.0000,0.0000,0.0000,0.0000,0.0000,0.0000,0.0000,0.0000,0.0000,0.0000,0.0000,0.0000,0.0000,0.0000,0.0000,0.0000,0.0000,0.0000,0.0000,0.0000,0.0000,0.0000,0.0000,0.0000,0.0000,0.0000,0.0000,0.0000,0.0000,0.0000,0.0000,0.0000,0.0000,0.0000,0.0000,0.0000,0.0000,0.0000,0.0000,0.0000,0.0000,0.0000,0.0000,0.0000,0.0000,0.0000,0.0000,0.0000,0.0000,0.0000,0.0000,0.0000,0.0000,0.0000,0.0000,0.0000,0.0000,0.0000,0.0000,0.0000,0.0000,0.0000,0.0000,0.0000,0.0000,0.0000,0.0000,0.0000,0.0000,0.0000,0.0000,0.0000,0.0000,0.0000,0.0000,0.0000,0.0000,0.0000,0.0000,0.0000,0.0000,0.0000,0.0000,0.0000,0.0000,0.0000,0.0000,0.0000,0.0000,0.0000,0.0000,0.0000,0.0000,0.0000,0.0000,0.0000,0.0000,0.0000,0.0000,0.0000,0.0000,0.0000,0.0000,0.0000,0.0000,0.0000,0.0000,0.0000,0.0000,0.0000,0.0000,0.0000,0.0000,0.0000,0.0000,0.0000,0.0000,0.0000,0.0000,0.0000,0.0000,0.0000,0.0000,0.0000,0.0000,0.0000,0.0000,0.0000,0.0000,0.0000,0.0000,0.0000,0.0000,0.0000,0.0000,0.0000,0.0000,0.0000,0.0000,0.0000,0.0000,0.0000,0.0000,0.0000,0.0000,0.0000,0.0000,0.0000,0.0000,0.0000,0.0000,0.0000,0.0000,0.0000,0.0000,0.0000,0.0000,0.0000,0.0000,0.0000,0.0000,0.0000,0.0000,0.0000,0.0000,0.0000,0.0000,0.0000,0.0000,0.0000,0.0000,0.0000,0.0000,0.0000,0.0000,0.0000,0.0000,0.0000,0.0000,0.0000,0.0000,0.0000,0.0000,0.0000,0.0000,0.0000,0.0000,0.0000,0.0000,0.0000,0.0000,0.0000,0.0000,0.0000,0.0000
45116.2083333,0.0000,0.0000,0.0000,0.0000,0.0000,0.0000,0.0000,0.0000,0.0000,0.0000,0.0000,0.0000,0.0000,0.0000,0.0000,0.0000,0.0000,0.0000,0.0000,0.0000,0.0000,0.0000,0.0000,0.0000,0.0000,0.0000,0.0000,0.0000,0.0000,0.0000,0.0000,0.0000,0.0000,0.0000,0.0000,0.0000,0.0000,0.0000,0.0000,0.0000,0.0000,0.0000,0.0000,0.0000,0.0000,0.0000,0.0000,0.0000,0.0000,0.0000,0.0000,0.0000,0.0000,0.0000,0.0000,0.0000,0.0000,0.0000,0.0000,0.0000,0.0000,0.0000,0.0000,0.0000,0.0000,0.0000,0.0000,0.0000,0.0000,0.0000,0.0000,0.0000,0.0000,0.0000,0.0000,0.0000,0.0000,0.0000,0.0000,0.0000,0.0000,0.0000,0.0000,0.0000,0.0000,0.0000,0.0000,0.0000,0.0000,0.0000,0.0000,0.0000,0.0000,0.0000,0.0000,0.0000,0.0000,0.0000,0.0000,0.0000,0.0000,0.0000,0.0000,0.0000,0.0000,0.0000,0.0000,0.0000,0.0000,0.0000,0.0000,0.0000,0.0000,0.0000,0.0000,0.0000,0.0000,0.0000,0.0000,0.0000,0.0000,0.0000,0.0000,0.0000,0.0000,0.0000,0.0000,0.0000,0.0000,0.0000,0.0000,0.0000,0.0000,0.0000,0.0000,0.0000,0.0000,0.0000,0.0000,0.0000,0.0000,0.0000,0.0000,0.0000,0.0000,0.0000,0.0000,0.0000,0.0000,0.0000,0.0000,0.0000,0.0000,0.0000,0.0000,0.0000,0.0000,0.0000,0.0000,0.0000,0.0000,0.0000,0.0000,0.0000,0.0000,0.0000,0.0000,0.0000,0.0000,0.0000,0.0000,0.0000,0.0000,0.0000,0.0000,0.0000,0.0000,0.0000,0.0000,0.0000,0.0000,0.0000,0.0000,0.0000,0.0000,0.0000,0.0000,0.0000,0.0000,0.0000,0.0000,0.0000,0.0000,0.0000,0.0000,0.0000,0.0000,0.0000,0.0000,0.0000,0.0000,0.0000,0.0000,0.0000,0.0000,0.0000,0.0000,0.0000,0.0000,0.0000,0.0000,0.0000,0.0000,0.0000,0.0000,0.0000,0.0000,0.0000,0.0000,0.0000,0.0000,0.0000,0.0000,0.0000,0.0000,0.0000,0.0000,0.0000,0.0000,0.0000,0.0000,0.0000,0.0000,0.0000,0.0000,0.0000
45116.2500000,0.2780,0.6365,0.8498,0.8105,1.4041,1.0874,0.9769,0.4872,0.9591,0.9963,0.9004,0.8112,0.5330,0.7725,0.7034,0.7240,0.9328,0.8607,0.6257,0.4415,1.0154,0.4235,0.4057,0.6628,0.7004,1.4378,0.6708,0.2510,0.8368,0.2763,0.5349,0.3542,0.4594,0.7114,0.6942,0.5969,0.9387,0.9642,0.3421,1.2651,1.1073,1.1652,0.6727,0.8996,1.8935,0.9363,0.7294,0.8072,0.4504,0.6178,0.9448,0.8784,0.9996,1.0796,0.4192,0.4175,0.5039,0.7774,1.3816,1.0632,1.1129,0.8444,0.3718,0.3350,0.5166,0.4509,0.7376,0.7111,-0.2399,0.1351,0.6498,0.6310,0.5229,0.1470,0.6935,0.9196,0.7474,0.8830,0.6161,0.9747,2.0636,1.8111,1.3065,1.0385,0.8248,0.8566,1.3301,0.9967,1.1583,0.9992,1.0917,1.3761,1.5357,1.1308,0.5658,0.7485,0.9005,1.3668,1.0697,0.9103,1.0026,1.1726,0.8631,0.9144,1.3384,1.7094,1.4105,1.3354,0.6574,1.2623,0.7377,0.3263,0.9339,0.7838,0.9248,0.7887,0.5977,1.0494,0.8558,0.8812,0.1849,0.8414,0.4753,0.7902,0.6575,0.8588,0.9045,1.2415,0.7576,0.2741,0.5022,0.4518,0.5080,0.6015,0.8750,0.6020,0.6037,0.8763,0.6269,0.5220,0.3355,0.7885,0.5553,0.6362,0.8733,0.2282,0.3726,1.1137,0.7157,0.5412,0.5090,0.1833,0.3314,0.2290,0.5218,1.0169,1.1671,1.0868,1.0028,0.6008,1.5114,1.1329,1.1440,1.4260,1.6995,1.0612,1.2753,0.7900,0.7113,0.6293,0.1620,0.3763,0.4179,0.8154,0.7950,1.0750,0.7428,0.8112,0.6762,1.5751,1.2944,0.9707,0.8628,1.0836,0.8583,1.1308,1.0335,1.0417,1.0498,1.0579,1.0661,1.0708,1.0789,1.0872,1.0956,1.1040,1.1125,1.1211,1.1299,1.1388,1.1479,1.1572,1.1666,1.1762,1.1860,1.1959,1.2061,1.2164,1.2270,1.2377,1.2486,1.2598,1.2712,1.2828,1.2946,1.3066,1.3189,1.3314,1.3441,1.3570,1.3702,1.3836,1.3972,1.4110,1.4250,1.4393,1.4537,1.4683,1.4831,1.4980,1.5131,1.5284,1.5437,1.5591,1.5633,1.5792
45116.2916667,1.4050,3.2169,4.2950,4.0968,7.0976,5.5848,4.9389,2.4632,4.9151,5.0651,4.5802,4.1119,2.7307,3.9273,3.5561,3.6603,4.9747,4.3600,3.1697,2.2324,5.1343,2.1417,2.0516,3.6529,3.6797,7.3909,3.4071,1.2699,4.2868,1.4332,2.7126,1.8028,2.8452,4.0952,3.5123,3.0204,4.8166,4.9732,2.0192,6.4753,5.6037,5.9085,3.4048,4.5537,9.5849,4.7399,3.6924,4.0860,2.2799,3.1278,4.8559,4.5272,5.2162,5.4981,2.1228,2.1656,2.5519,3.9726,7.0269,5.4536,5.7372,4.2903,1.8830,1.6969,3.6780,2.2857,3.7397,3.6062,-1.2091,0.6877,3.3165,3.2365,2.6973,0.7481,3.6275,4.6963,3.8418,4.5586,3.3080,4.9424,10.6149,9.2440,6.7151,6.8270,4.1849,4.3465,6.7475,5.0566,5.8757,5.0689,5.5376,6.9793,7.7904,5.7363,2.8705,3.7968,4.5680,6.9340,5.4356,4.7098,5.1273,5.9492,4.3787,4.8033,6.9782,12.0591,9.9588,9.7953,4.2990,8.5243,4.6794,1.6585,4.8518,4.0257,4.8374,4.3382,3.0633,5.3620,4.4042,4.5278,0.9392,4.4211,2.4330,4.0117,3.3380,4.6283,4.6139,6.3665,3.8465,1.3982,2.5813,2.3581,2.7003,5.0394,4.5239,3.2981,3.0723,5.4467,4.8000,2.6504,1.7036,4.0893,2.8712,3.2307,4.4349,1.1590,1.8921,5.6561,3.6649,2.7845,2.6175,0.9309,1.6856,1.2219,2.6740,5.1929,5.9638,5.5207,5.1585,3.0521,7.6774,5.7550,6.6340,7.2908,8.8373,5.4356,6.6438,4.0723,3.7222,3.4738,0.8242,2.5181,2.1275,4.2014,4.0606,5.8694,3.8456,4.1464,3.4772,8.0422,6.6183,4.9456,4.4613,5.5835,4.3871,5.7632,5.2689,5.3122,5.3549,5.3980,5.4418,5.4670,5.5107,5.5553,5.6007,5.6466,5.6934,5.7412,5.7902,5.8403,5.8576,5.9472,6.0019,6.0581,6.1160,6.1757,6.2374,6.3011,6.3670,6.4352,6.7293,6.5609,6.6347,6.7112,6.7907,6.8734,6.9593,7.0489,7.1423,7.2397,7.1223,7.4863,7.6027,7.7251,7.8539,7.9898,8.1333,8.2850,8.4457,8.6161,10.2021,10.2793,10.3570,10.4352,10.4563,10.5369
45116.3333333,2.3661,5.4179,7.5029,6.9003,11.9552,9.8658,8.3196,4.1492,9.5551,9.1497,8.2367,7.4978,4.9209,6.9698,5.9906,6.2488,20.0883,7.8476,8.2824,3.9238,9.9553,3.8834,3.4565,9.2956,7.5863,12.4252,6.1548,2.1400,8.2237,3.1687,5.9287,4.5441,15.8988,12.3205,7.4867,5.1714,8.9637,11.0558,4.2309,12.5274,9.4454,10.6465,5.7395,7.6764,17.5155,9.4034,6.2249,6.8884,3.8437,6.6980,12.1918,11.2074,21.5311,10.9999,3.9140,6.1762,5.8479,8.3182,13.6312,9.8006,14.6913,7.8441,3.1748,2.8611,9.5779,3.8550,17.7889,8.8508,-4.8418,1.1691,6.6382,6.1121,6.8868,1.2774,6.8068,9.7041,6.7266,8.2664,6.0373,10.0572,18.4443,18.4893,12.0716,25.6277,7.0691,8.3109,12.0982,8.5423,9.9244,8.5642,11.7311,11.7869,16.7849,15.2460,5.7449,6.8944,8.2413,12.8310,9.6583,12.4489,8.7808,13.1213,7.9431,20.7487,16.2321,31.7130,26.3110,26.7234,10.9115,22.0027,11.4762,3.6259,9.2840,7.0109,11.3028,18.0750,5.3873,9.1061,8.7075,8.5862,1.5936,17.4777,4.1687,7.9557,6.0210,8.5627,8.9927,11.9823,7.7875,2.4983,5.0542,5.5776,12.0102,15.4079,7.8384,6.2629,5.3641,18.4249,13.8323,4.6299,2.8778,6.9049,4.8517,5.7893,8.1630,1.9581,3.8069,9.9604,6.4633,5.6957,4.5029,1.5794,2.8967,2.2981,5.0669,9.2820,11.8501,9.5298,9.9148,5.4261,31.6527,10.8459,18.3271,12.3138,19.1569,11.4844,11.8039,10.6614,8.9117,11.9505,1.4426,6.7638,3.7920,9.9981,7.8057,21.7143,6.7501,8.2203,6.2014,15.5037,13.1086,8.8873,7.5049,9.6201,7.4168,10.3959,10.6086,9.6145,9.7225,9.8329,9.9466,10.0330,10.1514,10.2735,10.3996,10.5291,10.6628,10.8012,10.9445,11.0930,11.2471,11.4069,11.5728,11.7450,11.9850,12.1765,12.3758,12.5833,12.7996,13.0250,13.2601,13.5053,13.7612,14.0282,14.3071,14.5984,14.9027,15.2207,15.5531,15.9006,16.2640,16.6441,17.0418,17.4579,25.0789,25.1999,25.3226,25.4468,25.5726,25.6997,25.8280,25.9575,26.0880,26.2194,26.2540,26.3894
45116.3750000,2.7912,6.3915,9.4660,8.1408,28.2974,14.9148,9.8162,11.0982,19.0397,13.7729,12.2936,9.2392,7.4301,10.4310,8.0379,8.8219,36.8353,11.5562,26.5488,4.6570,21.6239,5.7997,4.0789,13.8468,9.7101,26.7603,9.6894,2.5257,15.6469,9.2440,8.9932,15.4228,31.7436,33.6644,37.4010,31.2860,16.3626,13.7607,5.8342,24.0739,12.2928,23.3822,6.7756,10.1974,38.4626,34.6593,10.0019,8.1325,6.1072,8.2327,42.1149,37.4480,39.3685,21.7890,6.1675,23.3216,6.4560,18.3145,53.8843,14.5434,43.7736,11.8869,3.7485,3.3781,15.8956,4.5525,33.5084,32.1169,-17.7703,1.4393,26.9661,7.6201,21.2315,1.6589,13.4197,41.6981,9.5613,21.9769,8.3164,14.5954,80.2436,68.6677,17.7651,47.8192,8.3573,10.2820,14.5210,10.1004,11.7337,41.9423,51.6884,23.7970,34.0228,48.7124,11.7316,9.9185,12.1238,19.6015,14.1661,40.2060,11.4347,47.5975,11.7355,38.4264,49.4361,55.3509,46.2543,47.7455,19.5135,38.4017,20.0637,10.7579,11.6139,9.9413,37.5469,33.7248,7.6452,13.7005,17.9341,15.9380,1.9419,32.0110,5.2529,29.4955,8.4016,15.4675,31.1953,43.9877,30.5931,3.7297,10.0617,18.6248,23.0506,29.5437,16.1568,7.3807,7.3954,33.7413,25.9699,6.1486,4.0091,10.2933,24.2846,8.3398,13.9753,3.0084,7.8333,19.1849,16.3334,7.0901,23.6884,1.9602,3.4678,5.0418,6.3286,13.5144,44.2112,11.3124,18.7895,7.6925,56.8027,47.8400,47.1495,16.1534,43.0632,27.4093,19.0781,33.1561,25.7255,21.9248,3.0250,12.9137,5.1500,27.6618,25.8952,39.1343,9.0000,31.3477,13.5519,27.9777,48.3805,12.9033,9.6175,13.2377,10.3563,15.1254,13.8753,14.1005,14.3303,14.5665,14.8103,15.0257,15.2826,15.5480,15.8222,16.1046,16.3964,16.6982,17.0105,17.3336,17.6680,18.0142,18.3727,18.7439,19.1284,19.5268,19.9395,20.3671,20.8103,21.2697,21.7459,22.2395,22.7513,23.2819,23.8320,42.2880,42.4111,42.5365,42.6641,42.7940,42.9262,43.0606,43.1971,43.3359,43.4767,43.6195,43.7642,43.9108,44.0591,44.2090,44.3603,44.5129,44.6667,44.8214,44.8617,45.0211
45116.4166667,2.8466,6.5185,18.3036,15.2030,100.7536,21.7396,20.8496,9.6137,63.2603,19.8188,18.2456,16.8323,10.9275,15.4604,8.2791,13.8110,55.1861,16.2978,40.6997,5.6888,18.8259,11.6443,6.7165,15.0919,14.6041,78.8465,15.0132,10.9301,53.0842,12.3658,45.9533,20.4269,49.8083,51.4271,57.4078,48.3200,63.3038,23.9409,7.4997,71.5817,27.6714,21.0594,6.9148,9.6607,100.2122,51.7375,14.3661,13.9293,8.7943,16.5208,63.4327,56.4532,58.8008,66.9268,8.3706,33.5301,9.0026,64.2972,79.5285,20.6247,65.1046,17.2760,5.9003,6.1674,26.0988,25.1643,51.0307,48.9859,-24.2817,2.1865,41.2108,7.8623,29.3404,2.3213,11.6894,62.9133,13.8569,75.4079,12.9249,41.1116,117.2343,100.4119,25.0234,71.8994,8.5374,11.2787,14.5811,10.7116,80.9895,62.8693,77.7087,87.7015,89.3770,72.8092,42.6622,14.1140,17.3787,28.5977,19.8278,60.6578,18.8719,70.8381,16.6135,57.8271,72.7989,80.0409,67.3864,70.1572,29.4810,55.9518,29.9068,17.5459,14.2177,13.6233,56.3970,51.1375,9.5259,19.2359,58.4497,54.8423,2.8703,48.1347,8.1241,44.4532,8.2684,51.4673,46.4800,64.7436,46.3500,5.8005,34.1157,29.2022,35.8594,45.5644,63.4656,10.2307,9.9801,50.6315,39.7841,34.5597,5.4579,46.4402,37.5290,11.4941,52.3108,2.6547,25.8867,72.9399,54.2918,10.2568,36.8488,2.3544,4.7765,13.5083,8.3334,18.9882,65.4945,15.2093,63.0442,10.7957,83.4032,71.4047,70.2544,18.7028,54.7080,34.2485,33.3500,50.1895,38.9206,33.3905,4.3683,20.6102,7.0481,41.3831,38.7127,58.0038,11.9033,47.2148,12.7463,83.0930,71.3414,17.9167,57.5981,17.6317,13.9677,20.9971,19.2949,19.6675,20.0483,20.4393,20.8418,21.2188,21.6423,22.0782,22.5273,22.9887,23.4637,23.9532,24.4575,24.9773,25.5130,26.0651,26.6343,27.2210,60.4376,60.5393,60.6429,60.7485,60.8562,60.9660,61.0779,61.1920,61.3083,61.4269,61.5478,61.6710,61.7965,61.9243,62.0546,62.1871,62.3220,62.4592,62.5986,62.7403,62.8841,63.0300,63.1778,63.3276,63.4791,63.6323,63.7870,63.9430,64.1001,64.2583,64.2994,64.4624
45116.4583333,2.7179,8.7592,24.9803,103.1595,130.4754,29.3275,28.3121,13.4443,82.5835,88.4816,87.2594,22.7596,50.5043,70.7270,72.7244,18.4587,72.0087,21.4940,16.3431,7.1438,88.4183,21.1861,9.0104,11.0577,20.1291,101.3873,76.1827,14.2105,69.5908,8.3878,61.3002,24.0831,36.7478,28.1745,75.8443,64.1956,82.7181,81.2870,11.1925,92.4327,94.3935,27.3649,6.6067,10.2882,127.9179,67.4345,19.2223,32.2068,12.3317,8.3452,23.8901,73.8879,76.5348,26.4687,9.6490,13.8258,27.3368,84.6399,102.4994,86.6341,84.4412,23.2116,9.2828,8.1231,7.8081,17.4146,67.2465,64.6420,-8.0950,3.2055,16.9253,15.8997,14.0942,10.7262,17.0316,82.2666,65.5298,98.9292,18.1943,24.9432,149.7735,128.4823,106.8471,27.7662,8.1634,13.1625,105.2991,30.7744,105.2734,81.9125,101.1884,113.3272,114.9392,94.5647,15.6421,18.4258,23.1061,38.3159,25.8579,23.9744,77.0983,91.8114,69.8084,75.5819,93.7777,101.9523,86.3509,90.3020,39.0802,71.8718,39.3556,7.5891,76.5157,18.2466,73.6866,67.2476,12.8536,81.2889,76.6681,71.8029,3.8744,63.0864,44.7768,58.4128,80.4199,67.4284,60.6592,83.5351,61.0399,29.8459,45.8244,19.2220,7.6938,13.2594,33.7202,55.7633,53.5104,66.2304,15.4519,46.3113,39.8151,61.0090,50.1054,49.2059,68.4466,5.6814,35.3935,94.8153,16.6830,14.2151,11.6642,4.0572,25.3423,7.0128,12.1054,88.3183,84.7587,90.9179,23.2302,45.5574,107.1390,92.7046,28.6981,51.4296,64.9546,101.2617,97.3155,65.9448,51.3384,44.3347,4.4262,28.3899,9.3360,54.1980,50.7426,75.1959,15.1883,61.9263,16.8918,106.4818,29.0147,23.4197,21.2368,93.8932,22.8416,84.9549,76.5157,76.5948,76.6725,76.7505,76.8296,76.8742,76.9527,77.0323,77.1132,77.1942,77.2764,77.3599,77.4449,77.5313,77.6193,77.7089,77.8002,77.8932,77.9879,78.0844,78.1828,78.2832,78.3855,78.4898,78.5962,78.7047,78.8153,78.9281,79.0431,79.1603,79.2798,79.4015,79.5255,79.6517,79.7801,79.9108,80.0437,80.1787,80.3158,80.4548,80.5958,80.7387,80.8832,81.0293,81.1769,81.3258,81.4758,81.6268,81.6658,81.8215
45116.5000000,2.6627,19.6290,100.3819,119.2742,149.7101,119.4925,112.9938,16.6368,95.3530,102.0768,100.8309,88.4312,59.1572,82.0237,84.4373,75.7378,83.2305,79.3621,63.0389,50.2123,101.9721,16.0711,11.0698,18.8932,80.5139,116.1871,88.4711,6.4894,80.6088,10.6100,71.5752,14.3323,35.7974,78.8415,88.0426,74.8027,95.5421,93.8528,14.1320,106.1730,108.6934,105.1503,16.5080,14.4267,145.9495,77.9607,73.1009,90.8901,50.9248,16.5022,95.7014,85.4831,88.3255,100.2064,11.8637,17.4259,15.5643,98.0237,117.5600,99.8389,97.2323,87.9307,7.0148,10.2864,12.8408,33.4501,78.0761,75.1233,-30.6290,12.9406,63.6550,19.4240,17.7140,14.0293,20.7175,95.0506,76.0813,114.2860,22.6000,30.5284,170.8063,146.7310,122.6848,108.0108,14.2328,22.7375,120.8641,35.0553,121.1244,94.5102,116.5362,130.0259,131.6122,108.8493,66.3890,85.0895,93.2074,147.8243,105.5286,91.7016,88.9685,105.6141,80.8158,87.3740,107.5989,116.3815,98.9328,103.6071,45.8079,82.5581,45.9989,29.6795,88.4345,75.4144,85.1972,78.0182,15.4659,93.7405,88.7511,83.1119,18.8347,73.1550,52.7047,67.8689,93.4188,78.1358,70.2743,96.0339,70.9643,35.8857,53.8889,46.7153,13.5575,17.1602,96.2937,65.1594,62.5640,76.7414,61.7354,54.4130,47.2488,70.8734,58.7169,57.5438,79.2826,31.3063,42.0854,109.2144,20.1634,17.4940,57.9304,19.1513,30.5698,8.9239,14.7172,101.8787,97.5276,104.7502,94.7895,53.3663,122.6970,106.7231,104.9043,118.4580,149.6999,116.6894,111.7863,76.5029,59.8254,51.9028,18.1923,33.9790,45.2207,62.9371,58.9948,86.6633,18.0377,71.8377,64.1606,121.8231,105.6348,89.0237,87.3289,108.1655,96.3625,97.7992,88.2512,88.3283,88.4041,88.4801,88.5571,88.6004,88.6769,88.7545,88.8333,88.9123,88.9923,89.0737,89.1565,89.2408,89.3266,89.4139,89.5029,89.5935,89.6859,89.7801,89.8760,89.9739,90.0737,90.1755,90.2793,90.3851,90.4931,90.6032,90.7154,90.8299,90.9465,91.0653,91.1864,91.3097,91.4352,91.5628,91.6926,91.8245,91.9584,92.0943,92.2321,92.3717,92.5130,92.6558,92.8001,92.9457,93.0924,93.2400,93.2778,93.4301
45116.5416667,13.0368,117.9922,105.6711,125.4987,157.1346,125.5983,118.8358,77.2489,100.3471,107.3798,106.1183,93.1584,62.5935,86.4579,89.0210,79.8896,87.6484,83.6259,66.6202,53.2570,107.2611,17.1008,62.2293,19.5511,84.9086,121.9686,22.2367,4.0290,84.9442,11.7643,18.0759,8.1713,18.2806,83.1499,92.8058,78.9685,100.5549,98.7716,15.5833,111.5491,114.2658,110.5235,24.0763,27.7848,152.9626,82.1208,77.1219,95.7386,53.9997,20.6359,100.7191,90.0356,92.9592,105.3796,12.8825,18.0227,16.9037,23.8962,123.4343,105.0018,102.2453,92.6179,17.7573,12.2109,14.7210,84.5712,82.3345,79.2507,-31.1926,14.3173,67.2533,88.8219,85.6653,15.4530,22.5070,100.0472,80.2373,29.2173,24.4819,30.9820,178.9454,153.8190,128.8421,113.5813,21.0215,97.8593,126.9219,111.3155,127.2759,99.4432,122.4962,136.5075,138.0956,114.4175,70.1602,89.6835,98.1243,155.1760,110.9647,96.5409,93.6314,111.0061,85.1487,92.0016,113.0097,122.0444,103.8887,108.8259,48.5377,86.7987,48.7031,31.7858,93.1104,79.5289,89.7214,82.2580,16.6623,98.6231,23.5283,87.5592,20.4888,77.1405,55.8705,71.6254,23.6042,82.3651,74.1048,100.9608,74.9036,38.3513,14.3477,49.6283,14.6481,18.5749,101.4227,68.9076,16.9539,80.9305,65.3149,57.6881,50.2646,74.8265,62.1899,60.9235,83.6065,33.6042,44.8385,114.8790,21.8221,19.1879,61.3857,20.8747,32.7743,9.8126,15.9177,107.2178,102.5829,110.1930,99.7844,56.5354,128.8044,112.2299,110.3152,124.3936,157.0274,122.7090,117.4654,80.6939,63.2388,54.9664,19.8361,36.2847,48.0506,66.4386,62.3125,91.1933,72.1263,75.7702,67.7831,127.8243,110.9813,93.7151,91.9887,113.7338,101.4633,102.8409,92.8744,92.9512,93.0268,93.1025,93.1793,93.2224,93.2986,93.3760,93.4546,93.5334,93.6133,93.6945,93.7771,93.8612,93.9468,94.0340,94.1228,94.2133,94.3055,94.3995,94.4953,94.5930,94.6926,94.7942,94.8978,95.0035,95.1113,95.2212,95.3332,95.4475,95.5639,95.6825,95.8034,95.9265,96.0517,96.1792,96.3087,96.4404,96.5741,96.7098,96.8473,96.9867,97.1277,97.2703,97.4144,97.5597,97.7061,97.8535,97.8911,98.0431
45116.5833333,11.0932,114.6049,102.6605,22.4607,152.9124,122.1243,115.5116,17.3994,97.5035,104.3610,103.1086,90.4664,60.6339,83.9321,86.4106,77.5240,85.1315,81.1965,64.5781,51.5195,104.2503,16.2095,60.2473,82.8034,82.4054,118.6776,12.4834,3.0845,82.4743,11.1777,17.2762,12.7124,17.4246,80.6955,90.0937,76.5952,97.7008,95.9707,14.7318,108.4884,111.0941,107.4646,23.0107,108.4504,148.9725,79.7500,74.8304,92.9779,52.2451,87.9979,97.8622,87.4425,90.3198,102.4342,11.4134,17.1466,15.4221,13.1235,120.0908,102.0623,99.3907,89.9485,16.4328,12.4367,8.2109,13.4830,79.9084,76.8990,-30.8832,13.5260,65.2016,18.2043,15.6064,14.6351,90.8014,97.2024,77.8694,27.2859,23.3576,153.0990,174.3169,149.7869,125.3386,110.4110,117.6994,95.0561,123.4748,108.1942,123.7761,96.6345,119.1052,132.8203,134.4071,111.2487,68.0113,87.0679,95.3254,150.9960,107.8712,93.7861,90.9766,107.9377,82.6811,89.3669,109.9303,118.8215,101.0674,105.8559,46.9806,84.3850,47.1625,30.5860,90.4529,77.1905,87.1509,79.8494,65.7293,95.8509,22.5971,22.0963,19.5524,74.8818,54.0784,69.4999,95.6164,79.9770,71.9475,98.1844,72.6906,8.8071,55.3158,12.2226,13.5508,10.3058,98.5506,66.8239,64.1799,78.6068,63.3408,55.8907,48.6172,19.3301,15.2556,59.0811,81.2296,5.0346,7.8238,111.7464,20.8570,18.3180,59.5111,19.9881,31.6146,9.3255,63.0892,104.2748,99.8011,107.1900,97.0309,54.8181,125.4169,109.1800,107.3169,121.0968,152.9395,119.3618,114.3108,20.4595,61.3634,53.2849,18.9587,35.0221,46.4846,64.4874,60.4611,88.6515,70.0000,73.5640,65.7511,124.4410,107.9686,91.0733,89.3639,110.5924,98.5868,99.9970,90.2672,90.3433,90.4182,90.4934,90.5696,90.6121,90.6878,90.7647,90.8428,90.9212,91.0006,91.0814,91.1637,91.2475,91.3328,91.4197,91.5082,91.5985,91.6904,91.7842,91.8799,91.9774,92.0769,92.1784,92.2819,92.3875,92.4952,92.6050,92.7171,92.8313,92.9477,93.0663,93.1871,93.3102,93.4355,93.5629,93.6925,93.8242,93.9579,94.0936,94.2311,94.3705,94.5116,94.6542,94.7982,94.9436,95.0900,95.2374,95.2750,95.4270
45116.6250000,8.9609,23.8932,23.6019,19.0524,137.0486,31.2313,103.0717,14.5748,86.9174,93.1022,91.8753,80.4508,53.4176,74.5539,19.0415,68.7594,75.8034,72.1991,57.0529,45.1516,93.0237,13.4386,10.4006,73.4229,15.7599,106.4116,11.5435,2.4350,31.3337,9.2483,14.7062,6.9402,14.5149,26.4637,29.1399,67.7885,25.5061,25.7845,12.2271,97.0938,99.2559,28.0675,48.1782,96.6600,134.0528,70.9864,66.3523,82.6964,45.8119,33.3387,87.2231,77.8150,80.5255,91.4669,9.6200,8.6987,12.9502,16.8248,107.6168,91.1159,88.7768,80.0233,13.4947,10.1615,7.2812,13.3896,17.2938,68.1867,-29.4180,10.7802,16.7497,15.4402,13.1263,11.7876,22.2721,21.5691,69.0982,23.2153,19.5209,136.7446,156.9501,134.6969,34.2603,98.5715,104.8655,84.6154,110.5958,96.5396,110.6767,86.1867,106.4189,119.0187,120.6160,99.4238,13.5024,19.6325,24.2280,135.2909,28.8329,83.5372,81.1222,96.5038,73.5357,32.3873,98.4702,106.8440,90.6101,94.8170,41.3279,75.4828,41.5790,26.2760,80.5762,20.4500,77.6083,18.8295,16.8682,85.5395,19.4579,19.1279,4.3988,66.5261,11.2360,19.0485,84.8977,71.1105,63.9687,87.8441,64.4728,8.3367,21.9558,19.7804,7.0596,13.5592,87.7705,59.0491,56.6834,69.9097,16.4954,12.7115,20.6994,16.7530,13.0321,52.1618,72.2653,4.2587,6.7362,99.8718,17.8045,15.4187,12.4969,16.6572,27.2401,18.9453,55.6496,27.1120,89.2515,95.7820,86.5877,48.3328,112.5807,38.1747,95.9607,108.6174,137.4365,106.6599,102.3734,17.6627,54.3240,46.9985,15.7349,30.3564,40.6680,57.2346,53.6042,79.1646,62.0888,65.3560,58.2073,111.7733,96.7067,81.2138,22.4242,98.8212,24.3657,89.3816,80.5578,80.6343,80.7094,80.7848,80.8613,80.9037,80.9796,81.0567,81.1351,81.2137,81.2934,81.3745,81.4570,81.5410,81.6267,81.7139,81.8028,81.8934,81.9858,82.0800,82.1762,82.2742,82.3743,82.4763,82.5805,82.6867,82.7951,82.9057,83.0186,83.1336,83.2509,83.3704,83.4923,83.6163,83.7427,83.8712,84.0019,84.1348,84.2698,84.4067,84.5456,84.6863,84.8288,84.9728,85.1183,85.2651,85.4131,85.5620,85.6001,85.7537
45116.6666667,2.7669,7.9367,17.9699,14.5787,110.6846,23.6878,22.8794,8.2565,69.6294,21.8624,16.9609,18.5842,11.7949,17.2600,14.4712,16.0764,18.9132,17.7588,13.2170,9.6382,13.2007,6.2056,7.7865,12.7481,7.9878,86.2750,8.3414,2.5054,12.8526,4.3127,31.5039,8.0425,7.5014,19.5842,25.7981,16.6012,69.7072,68.5476,17.4377,24.6155,18.6163,22.0968,17.4301,21.6937,109.3803,56.8479,15.7750,65.9171,9.5651,15.9968,18.7527,62.1755,64.6120,21.6516,16.6655,9.0234,10.2077,14.0683,87.1136,22.4213,22.5229,18.9101,17.3500,14.2566,54.3548,16.3701,56.3465,54.1103,-6.7308,2.4115,9.0881,60.5217,9.8857,2.6301,16.6755,69.2997,16.1272,17.0006,36.1148,109.4820,128.0658,109.7208,26.7670,22.6905,83.6742,19.2871,89.3864,77.4084,89.0656,21.1244,20.3225,96.2192,97.8536,80.0138,10.3928,14.9210,18.6850,30.8820,22.5124,19.5154,20.4336,77.7752,17.8792,63.6734,79.7157,87.2385,73.5985,76.7904,32.5366,61.1408,32.9165,6.1585,13.7284,15.4461,18.2899,22.0165,9.6342,21.1317,15.2668,15.2030,3.2786,53.0803,8.6469,49.0692,13.3408,56.7819,51.1799,71.0104,51.2522,9.8091,6.3484,32.6313,12.5617,15.5968,70.1279,46.5700,44.6842,55.8638,44.1595,38.5006,6.8205,51.3335,10.0620,41.1485,17.6272,2.3184,12.0877,80.3365,9.6859,7.4315,9.5476,5.1228,6.3810,10.5389,43.6870,74.7108,71.9836,15.5058,19.8952,38.0243,91.3965,78.5921,77.2938,88.0399,111.6619,19.7804,82.7145,18.3412,43.0672,37.0341,2.8283,23.1717,9.3963,45.6350,42.6913,63.7391,49.3512,52.1157,13.8578,90.9146,78.2477,65.1431,63.5803,79.4614,19.5381,72.0284,64.7614,64.8410,64.9192,64.9977,65.0771,65.1215,65.2003,65.2803,65.3616,65.4430,65.5255,65.6094,65.6948,65.7816,65.8701,65.9601,66.0519,66.1453,66.2406,66.3377,66.4367,66.5377,66.6407,66.7458,66.8529,66.9622,67.0737,67.1875,67.3035,67.4217,67.5423,67.6652,67.7904,67.9179,68.0477,68.1798,68.3141,68.4507,68.5893,68.7301,68.8728,69.0174,69.1638,69.3119,69.4614,69.6123,69.7644,69.9176,69.9568,70.1148
45116.7083333,2.8195,7.2457,11.4860,10.6695,17.1673,16.6624,15.7535,6.9120,27.7393,15.4138,12.3938,12.8846,8.1751,12.0485,17.8479,11.2382,13.7089,12.7749,9.3522,4.6497,11.3396,5.2784,5.5329,7.5252,7.1160,60.9242,10.2232,2.5517,10.1278,4.6595,7.6940,6.2017,7.8024,10.1435,13.6141,7.6852,22.3218,47.4328,14.0264,18.1760,14.2693,16.3532,11.4812,14.8184,77.9431,39.5267,11.1366,45.1264,5.4714,10.5802,13.5813,42.8791,44.9304,15.7404,5.7046,9.7514,10.5642,10.0896,34.1906,16.0784,16.4033,13.2381,9.0856,12.5416,9.6873,8.5197,38.4977,21.0445,-4.6504,1.6612,8.3315,13.9384,6.6176,1.8372,11.3061,16.7040,11.4053,13.6902,12.9494,74.7914,42.9115,77.8967,19.3996,16.0401,57.0436,13.4721,62.6361,53.4701,61.8165,15.1475,15.0112,67.3566,69.0099,20.4425,7.6856,10.7197,13.3719,21.6555,16.1306,13.8767,14.8544,54.3359,12.8715,24.8180,16.2264,62.5376,52.3853,54.2491,22.3395,43.4903,22.8748,4.4629,11.6298,11.2431,13.3583,18.4315,6.4664,15.4095,11.3274,11.0363,3.3776,36.6915,6.3747,33.8357,22.0257,39.2220,35.6476,50.0639,35.1765,4.0660,5.4763,21.6764,10.5439,9.3230,48.1807,31.5038,30.2520,38.6721,29.9847,11.1331,6.3704,10.6362,7.4614,28.0100,12.8104,2.3571,3.8787,18.8434,11.1769,6.1719,6.9659,3.8368,4.5981,4.3305,29.3005,19.8825,14.9625,11.4726,11.2346,25.8051,64.6184,21.2500,31.6400,62.0785,78.7759,13.7536,57.9948,19.9353,29.5623,25.2508,3.4775,15.1118,6.4836,19.4194,29.6162,44.6428,33.8731,35.9595,9.9743,64.5368,55.0975,45.2137,43.7898,55.1617,13.5941,50.3733,45.1840,45.2666,45.3478,45.4292,45.5116,45.5584,45.6402,45.7232,45.8074,45.8918,45.9773,46.0641,46.1525,46.2423,46.3337,46.4268,46.5215,46.6180,46.7163,46.8164,46.9184,47.0224,47.1284,47.2365,47.3467,47.4590,47.5736,47.6903,47.8093,47.9306,48.0543,48.1802,48.3084,48.4390,48.5719,48.7070,48.8444,48.9840,49.1257,49.2696,49.4154,49.5630,49.7125,49.8636,50.0162,50.1702,50.3254,50.4815,50.5219,50.6830
45116.7500000,2.5436,6.3680,8.3240,7.4180,13.3459,11.2390,10.3163,5.7266,9.8845,10.3908,9.2349,8.4971,4.8797,8.0552,7.3894,7.5433,9.5169,8.7669,6.1302,4.2474,10.3859,4.3378,3.7160,6.1177,6.4167,16.3360,6.1478,2.3007,8.0290,3.6299,6.9759,3.2471,6.1490,8.8036,11.3465,6.8406,8.9259,26.8001,4.0493,12.8474,10.9105,11.5996,7.2775,9.4458,45.8879,10.5275,7.5548,10.5673,4.2839,6.7225,9.5103,10.0402,25.6887,10.7704,3.8482,7.0749,5.3561,9.5129,14.5535,11.0076,11.4199,8.8478,7.3637,3.0762,8.2201,4.1450,21.3982,14.7964,-2.7923,1.2632,6.0909,6.0434,4.9502,1.3988,7.3848,8.4764,6.8958,11.0756,6.7948,16.6366,23.1870,20.4466,13.3064,10.8863,11.0430,8.8573,16.2232,12.6359,13.8470,10.3829,13.0172,19.4523,15.0191,11.8434,5.4698,8.9926,9.2128,14.3418,11.1920,9.4290,9.4491,31.1274,8.5756,18.1733,13.0372,37.4291,31.1187,31.7450,12.9797,25.9817,13.5748,3.2405,9.1198,7.9980,9.4481,12.8112,5.6561,10.5068,8.3431,9.0323,1.7922,8.5980,4.6392,8.9920,14.1997,10.3513,8.8625,29.2648,8.8976,3.0329,5.2859,4.3151,5.7817,8.0865,26.8198,17.3446,16.7241,22.0608,16.6860,5.9004,4.7257,8.7448,5.4664,15.7349,8.3870,2.1212,3.4566,10.5782,7.2186,6.5266,5.0490,1.9146,3.3303,2.4420,9.0620,10.4997,10.9025,10.7898,9.3883,7.1560,37.6640,17.7170,17.6543,17.0655,20.7260,10.7557,33.3778,10.5711,8.9189,14.3268,1.6247,4.3591,4.3592,11.3152,9.1331,25.8717,19.1139,20.4402,6.9458,18.5791,32.0105,11.5953,24.5756,13.7063,9.0464,13.9799,12.8612,13.1239,13.3960,13.6795,13.9759,14.2526,14.5740,14.9105,15.2629,15.6311,16.0167,26.7800,26.8606,26.9426,27.0260,27.1109,27.1973,27.2853,27.3750,27.4663,27.5593,27.6541,27.7507,27.8491,27.9495,28.0518,28.1561,28.2623,28.3706,28.4810,28.5934,28.7079,28.8245,28.9432,29.0639,29.1867,29.3115,29.4382,29.5669,29.6974,29.8297,29.9637,30.0993,30.2363,30.3746,30.5142,30.6548,30.7963,30.8335,30.9794
45116.7916667,1.7203,4.2574,5.3797,5.0164,8.6917,6.7946,6.1182,3.4260,6.2209,6.2361,5.6256,5.0640,3.2994,4.7826,4.4094,4.5286,5.8241,5.3381,3.8961,2.8036,6.6586,2.6227,2.5123,4.1052,4.3378,9.0251,4.1556,1.5551,5.2933,1.7122,3.9581,2.1947,2.8463,4.4078,4.3015,3.6991,5.8175,6.3163,2.2787,7.9079,6.8630,7.2579,4.2114,5.5946,12.1520,5.8742,4.5676,5.1603,2.7984,3.8847,5.8956,5.5640,6.6760,6.7774,2.6000,2.9754,3.1257,4.8213,8.8156,6.5949,6.9033,5.2379,2.3064,2.0785,3.3617,2.7999,8.5603,6.7467,-1.5101,0.8514,4.0970,4.0255,3.2556,0.9301,4.3186,5.7252,4.6576,5.4948,3.8347,6.0631,12.8388,11.2719,8.1858,6.5405,5.1375,5.3660,8.3271,6.2100,7.4143,6.2570,7.7514,8.7633,9.6385,7.0467,3.6334,4.6679,5.6571,8.5948,6.7421,5.7282,6.2839,12.9225,5.3951,5.8883,8.7884,16.6491,8.7877,8.3188,4.1068,7.7572,6.3177,2.0528,5.9637,4.9272,5.8153,6.5289,3.8119,6.5822,5.4181,5.7941,1.1659,5.2645,2.9805,4.9924,4.1000,5.8139,5.6851,7.7451,4.7954,1.8591,3.3410,2.9320,3.6307,4.5230,5.4578,3.7593,6.7436,9.2535,6.8164,3.2909,2.0979,5.3805,3.5295,6.5767,5.4685,1.4310,2.3319,6.9465,4.5755,3.4512,3.1890,1.1761,2.0903,1.5638,3.9011,6.5527,7.2927,7.0404,6.3408,3.8289,9.8554,7.1443,9.2460,9.0940,10.7713,6.9499,8.8253,5.9166,5.2711,6.1486,1.0242,2.3964,2.6395,5.5129,5.0173,11.0618,4.9271,5.3716,4.2641,10.0434,13.6115,6.1785,5.6338,6.9452,5.4222,7.2490,6.6382,6.7075,6.7779,6.8503,7.3260,6.9607,7.0370,7.1164,7.1991,7.2849,7.3744,7.4682,7.5666,7.6700,7.7788,7.8935,8.0013,8.1268,8.2594,8.3998,8.5485,8.7063,8.8739,9.0521,9.2419,9.4442,9.6600,12.4982,12.5718,12.6467,12.7231,12.8009,12.8801,12.9606,13.0426,13.1260,13.2107,13.2968,13.3842,13.4728,13.5626,13.6536,13.7456,13.8386,13.9326,14.0273,14.1227,14.2188,14.2445,14.3434
45116.8333333,0.6600,1.5112,2.0176,1.9244,3.3339,2.5821,2.3198,1.1569,2.2775,2.3868,2.1621,1.9262,1.2655,1.8344,1.6702,1.7192,2.2149,2.0438,1.4858,1.0485,2.4114,1.0058,0.9635,1.5743,1.6634,3.4152,1.5933,0.5963,1.9878,0.6564,1.2706,0.8414,1.0912,1.6899,1.6491,1.4181,2.2302,2.2908,0.8128,3.0056,2.6308,2.7685,1.5984,2.1376,4.4993,2.2394,1.7355,1.9209,1.0702,1.4709,2.2454,2.0875,2.3755,2.5684,0.9964,0.9922,1.1978,1.8476,3.2839,2.5273,2.6455,2.0073,0.8839,0.7965,1.2286,1.0727,1.7575,1.6982,-0.5658,0.3265,1.5507,1.5044,1.2472,0.3563,1.6543,2.1931,1.7842,2.1049,1.4689,2.3222,4.9166,4.3166,3.5204,2.4768,1.9671,2.0443,3.1719,2.3778,2.7622,2.3847,2.6038,3.2811,3.6622,2.6979,1.3526,1.7872,2.1496,3.2716,2.5562,2.1735,2.3943,2.7986,2.0592,2.1811,3.1910,4.0751,3.3638,3.1842,1.5720,2.9693,1.7625,0.7824,2.2345,1.8706,2.2089,1.8824,1.4274,2.5063,2.0418,2.1029,0.4455,2.0088,1.1362,2.0760,1.5739,2.0501,2.1601,2.9622,1.8092,0.6567,1.2007,1.0808,1.2141,1.4366,2.0879,1.4382,1.4423,2.0924,1.4982,1.2479,0.8025,1.8981,1.3363,1.5224,2.0876,0.5474,0.8920,2.6570,1.7087,1.2923,1.2169,0.4416,0.7951,0.5483,1.2472,2.4267,2.7858,2.6841,2.3934,1.4582,3.6054,2.7118,3.0633,3.4114,4.0497,2.9195,3.2665,1.8867,1.7003,1.5055,0.3907,0.9021,1.0001,1.9493,1.9013,2.5674,1.7754,1.9387,1.6170,3.7589,3.0902,2.3186,2.0609,2.5867,2.0497,2.7005,2.4692,2.4889,2.5082,2.5276,2.5472,2.5586,2.5781,2.5978,2.6179,2.6380,2.6584,2.6791,2.7001,2.7215,2.7433,2.7654,2.7880,2.8109,2.8343,2.8581,2.8824,2.9071,2.9323,2.9580,2.9842,3.0109,3.0381,3.0658,3.0940,3.1228,3.1521,3.1819,3.2123,3.2433,3.2747,3.3067,3.3393,3.3723,3.4058,3.4398,3.4743,3.5092,3.5445,3.5802,3.6163,3.6527,3.6893,3.7262,3.7361,3.7741
45116.8750000,0.0000,0.0000,0.0000,0.0000,0.0000,0.0000,0.0000,0.0000,0.0000,0.0000,0.0000,0.0000,0.0000,0.0000,0.0000,0.0000,0.0000,0.0000,0.0000,0.0000,0.0000,0.0000,0.0000,0.0000,0.0000,0.0000,0.0000,0.0000,0.0000,0.0000,0.0000,0.0000,0.0000,0.0000,0.0000,0.0000,0.0000,0.0000,0.0000,0.0000,0.0000,0.0000,0.0000,0.0000,0.0000,0.0000,0.0000,0.0000,0.0000,0.0000,0.0000,0.0000,0.0000,0.0000,0.0000,0.0000,0.0000,0.0000,0.0000,0.0000,0.0000,0.0000,0.0000,0.0000,0.0000,0.0000,0.0000,0.0000,0.0000,0.0000,0.0000,0.0000,0.0000,0.0000,0.0000,0.0000,0.0000,0.0000,0.0000,0.0000,0.0000,0.0000,0.0000,0.0000,0.0000,0.0000,0.0000,0.0000,0.0000,0.0000,0.0000,0.0000,0.0000,0.0000,0.0000,0.0000,0.0000,0.0000,0.0000,0.0000,0.0000,0.0000,0.0000,0.0000,0.0000,0.0000,0.0000,0.0000,0.0000,0.0000,0.0000,0.0000,0.0000,0.0000,0.0000,0.0000,0.0000,0.0000,0.0000,0.0000,0.0000,0.0000,0.0000,0.0000,0.0000,0.0000,0.0000,0.0000,0.0000,0.0000,0.0000,0.0000,0.0000,0.0000,0.0000,0.0000,0.0000,0.0000,0.0000,0.0000,0.0000,0.0000,0.0000,0.0000,0.0000,0.0000,0.0000,0.0000,0.0000,0.0000,0.0000,0.0000,0.0000,0.0000,0.0000,0.0000,0.0000,0.0000,0.0000,0.0000,0.0000,0.0000,0.0000,0.0000,0.0000,0.0000,0.0000,0.0000,0.0000,0.0000,0.0000,0.0000,0.0000,0.0000,0.0000,0.0000,0.0000,0.0000,0.0000,0.0000,0.0000,0.0000,0.0000,0.0000,0.0000,0.0000,0.0000,0.0000,0.0000,0.0000,0.0000,0.0000,0.0000,0.0000,0.0000,0.0000,0.0000,0.0000,0.0000,0.0000,0.0000,0.0000,0.0000,0.0000,0.0000,0.0000,0.0000,0.0000,0.0000,0.0000,0.0000,0.0000,0.0000,0.0000,0.0000,0.0000,0.0000,0.0000,0.0000,0.0000,0.0000,0.0000,0.0000,0.0000,0.0000,0.0000,0.0000,0.0000,0.0000,0.0000,0.0000,0.0000,0.0000,0.0000,0.0000,0.0000
45116.9166667,0.0000,0.0000,0.0000,0.0000,0.0000,0.0000,0.0000,0.0000,0.0000,0.0000,0.0000,0.0000,0.0000,0.0000,0.0000,0.0000,0.0000,0.0000,0.0000,0.0000,0.0000,0.0000,0.0000,0.0000,0.0000,0.0000,0.0000,0.0000,0.0000,0.0000,0.0000,0.0000,0.0000,0.0000,0.0000,0.0000,0.0000,0.0000,0.0000,0.0000,0.0000,0.0000,0.0000,0.0000,0.0000,0.0000,0.0000,0.0000,0.0000,0.0000,0.0000,0.0000,0.0000,0.0000,0.0000,0.0000,0.0000,0.0000,0.0000,0.0000,0.0000,0.0000,0.0000,0.0000,0.0000,0.0000,0.0000,0.0000,0.0000,0.0000,0.0000,0.0000,0.0000,0.0000,0.0000,0.0000,0.0000,0.0000,0.0000,0.0000,0.0000,0.0000,0.0000,0.0000,0.0000,0.0000,0.0000,0.0000,0.0000,0.0000,0.0000,0.0000,0.0000,0.0000,0.0000,0.0000,0.0000,0.0000,0.0000,0.0000,0.0000,0.0000,0.0000,0.0000,0.0000,0.0000,0.0000,0.0000,0.0000,0.0000,0.0000,0.0000,0.0000,0.0000,0.0000,0.0000,0.0000,0.0000,0.0000,0.0000,0.0000,0.0000,0.0000,0.0000,0.0000,0.0000,0.0000,0.0000,0.0000,0.0000,0.0000,0.0000,0.0000,0.0000,0.0000,0.0000,0.0000,0.0000,0.0000,0.0000,0.0000,0.0000,0.0000,0.0000,0.0000,0.0000,0.0000,0.0000,0.0000,0.0000,0.0000,0.0000,0.0000,0.0000,0.0000,0.0000,0.0000,0.0000,0.0000,0.0000,0.0000,0.0000,0.0000,0.0000,0.0000,0.0000,0.0000,0.0000,0.0000,0.0000,0.0000,0.0000,0.0000,0.0000,0.0000,0.0000,0.0000,0.0000,0.0000,0.0000,0.0000,0.0000,0.0000,0.0000,0.0000,0.0000,0.0000,0.0000,0.0000,0.0000,0.0000,0.0000,0.0000,0.0000,0.0000,0.0000,0.0000,0.0000,0.0000,0.0000,0.0000,0.0000,0.0000,0.0000,0.0000,0.0000,0.0000,0.0000,0.0000,0.0000,0.0000,0.0000,0.0000,0.0000,0.0000,0.0000,0.0000,0.0000,0.0000,0.0000,0.0000,0.0000,0.0000,0.0000,0.0000,0.0000,0.0000,0.0000,0.0000,0.0000,0.0000,0.0000,0.0000,0.0000,0.0000,0.0000
45116.9583333,0.0000,0.0000,0.0000,0.0000,0.0000,0.0000,0.0000,0.0000,0.0000,0.0000,0.0000,0.0000,0.0000,0.0000,0.0000,0.0000,0.0000,0.0000,0.0000,0.0000,0.0000,0.0000,0.0000,0.0000,0.0000,0.0000,0.0000,0.0000,0.0000,0.0000,0.0000,0.0000,0.0000,0.0000,0.0000,0.0000,0.0000,0.0000,0.0000,0.0000,0.0000,0.0000,0.0000,0.0000,0.0000,0.0000,0.0000,0.0000,0.0000,0.0000,0.0000,0.0000,0.0000,0.0000,0.0000,0.0000,0.0000,0.0000,0.0000,0.0000,0.0000,0.0000,0.0000,0.0000,0.0000,0.0000,0.0000,0.0000,0.0000,0.0000,0.0000,0.0000,0.0000,0.0000,0.0000,0.0000,0.0000,0.0000,0.0000,0.0000,0.0000,0.0000,0.0000,0.0000,0.0000,0.0000,0.0000,0.0000,0.0000,0.0000,0.0000,0.0000,0.0000,0.0000,0.0000,0.0000,0.0000,0.0000,0.0000,0.0000,0.0000,0.0000,0.0000,0.0000,0.0000,0.0000,0.0000,0.0000,0.0000,0.0000,0.0000,0.0000,0.0000,0.0000,0.0000,0.0000,0.0000,0.0000,0.0000,0.0000,0.0000,0.0000,0.0000,0.0000,0.0000,0.0000,0.0000,0.0000,0.0000,0.0000,0.0000,0.0000,0.0000,0.0000,0.0000,0.0000,0.0000,0.0000,0.0000,0.0000,0.0000,0.0000,0.0000,0.0000,0.0000,0.0000,0.0000,0.0000,0.0000,0.0000,0.0000,0.0000,0.0000,0.0000,0.0000,0.0000,0.0000,0.0000,0.0000,0.0000,0.0000,0.0000,0.0000,0.0000,0.0000,0.0000,0.0000,0.0000,0.0000,0.0000,0.0000,0.0000,0.0000,0.0000,0.0000,0.0000,0.0000,0.0000,0.0000,0.0000,0.0000,0.0000,0.0000,0.0000,0.0000,0.0000,0.0000,0.0000,0.0000,0.0000,0.0000,0.0000,0.0000,0.0000,0.0000,0.0000,0.0000,0.0000,0.0000,0.0000,0.0000,0.0000,0.0000,0.0000,0.0000,0.0000,0.0000,0.0000,0.0000,0.0000,0.0000,0.0000,0.0000,0.0000,0.0000,0.0000,0.0000,0.0000,0.0000,0.0000,0.0000,0.0000,0.0000,0.0000,0.0000,0.0000,0.0000,0.0000,0.0000,0.0000,0.0000,0.0000,0.0000,0.0000,0.0000,0.0000
45117.0000000,0.0000,0.0000,0.0000,0.0000,0.0000,0.0000,0.0000,0.0000,0.0000,0.0000,0.0000,0.0000,0.0000,0.0000,0.0000,0.0000,0.0000,0.0000,0.0000,0.0000,0.0000,0.0000,0.0000,0.0000,0.0000,0.0000,0.0000,0.0000,0.0000,0.0000,0.0000,0.0000,0.0000,0.0000,0.0000,0.0000,0.0000,0.0000,0.0000,0.0000,0.0000,0.0000,0.0000,0.0000,0.0000,0.0000,0.0000,0.0000,0.0000,0.0000,0.0000,0.0000,0.0000,0.0000,0.0000,0.0000,0.0000,0.0000,0.0000,0.0000,0.0000,0.0000,0.0000,0.0000,0.0000,0.0000,0.0000,0.0000,0.0000,0.0000,0.0000,0.0000,0.0000,0.0000,0.0000,0.0000,0.0000,0.0000,0.0000,0.0000,0.0000,0.0000,0.0000,0.0000,0.0000,0.0000,0.0000,0.0000,0.0000,0.0000,0.0000,0.0000,0.0000,0.0000,0.0000,0.0000,0.0000,0.0000,0.0000,0.0000,0.0000,0.0000,0.0000,0.0000,0.0000,0.0000,0.0000,0.0000,0.0000,0.0000,0.0000,0.0000,0.0000,0.0000,0.0000,0.0000,0.0000,0.0000,0.0000,0.0000,0.0000,0.0000,0.0000,0.0000,0.0000,0.0000,0.0000,0.0000,0.0000,0.0000,0.0000,0.0000,0.0000,0.0000,0.0000,0.0000,0.0000,0.0000,0.0000,0.0000,0.0000,0.0000,0.0000,0.0000,0.0000,0.0000,0.0000,0.0000,0.0000,0.0000,0.0000,0.0000,0.0000,0.0000,0.0000,0.0000,0.0000,0.0000,0.0000,0.0000,0.0000,0.0000,0.0000,0.0000,0.0000,0.0000,0.0000,0.0000,0.0000,0.0000,0.0000,0.0000,0.0000,0.0000,0.0000,0.0000,0.0000,0.0000,0.0000,0.0000,0.0000,0.0000,0.0000,0.0000,0.0000,0.0000,0.0000,0.0000,0.0000,0.0000,0.0000,0.0000,0.0000,0.0000,0.0000,0.0000,0.0000,0.0000,0.0000,0.0000,0.0000,0.0000,0.0000,0.0000,0.0000,0.0000,0.0000,0.0000,0.0000,0.0000,0.0000,0.0000,0.0000,0.0000,0.0000,0.0000,0.0000,0.0000,0.0000,0.0000,0.0000,0.0000,0.0000,0.0000,0.0000,0.0000,0.0000,0.0000,0.0000,0.0000,0.0000,0.0000,0.0000,0.0000,0.0000,0.0000
45117.0416667,0.0000,0.0000,0.0000,0.0000,0.0000,0.0000,0.0000,0.0000,0.0000,0.0000,0.0000,0.0000,0.0000,0.0000,0.0000,0.0000,0.0000,0.0000,0.0000,0.0000,0.0000,0.0000,0.0000,0.0000,0.0000,0.0000,0.0000,0.0000,0.0000,0.0000,0.0000,0.0000,0.0000,0.0000,0.0000,0.0000,0.0000,0.0000,0.0000,0.0000,0.0000,0.0000,0.0000,0.0000,0.0000,0.0000,0.0000,0.0000,0.0000,0.0000,0.0000,0.0000,0.0000,0.0000,0.0000,0.0000,0.0000,0.0000,0.0000,0.0000,0.0000,0.0000,0.0000,0.0000,0.0000,0.0000,0.0000,0.0000,0.0000,0.0000,0.0000,0.0000,0.0000,0.0000,0.0000,0.0000,0.0000,0.0000,0.0000,0.0000,0.0000,0.0000,0.0000,0.0000,0.0000,0.0000,0.0000,0.0000,0.0000,0.0000,0.0000,0.0000,0.0000,0.0000,0.0000,0.0000,0.0000,0.0000,0.0000,0.0000,0.0000,0.0000,0.0000,0.0000,0.0000,0.0000,0.0000,0.0000,0.0000,0.0000,0.0000,0.0000,0.0000,0.0000,0.0000,0.0000,0.0000,0.0000,0.0000,0.0000,0.0000,0.0000,0.0000,0.0000,0.0000,0.0000,0.0000,0.0000,0.0000,0.0000,0.0000,0.0000,0.0000,0.0000,0.0000,0.0000,0.0000,0.0000,0.0000,0.0000,0.0000,0.0000,0.0000,0.0000,0.0000,0.0000,0.0000,0.0000,0.0000,0.0000,0.0000,0.0000,0.0000,0.0000,0.0000,0.0000,0.0000,0.0000,0.0000,0.0000,0.0000,0.0000,0.0000,0.0000,0.0000,0.0000,0.0000,0.0000,0.0000,0.0000,0.0000,0.0000,0.0000,0.0000,0.0000,0.0000,0.0000,0.0000,0.0000,0.0000,0.0000,0.0000,0.0000,0.0000,0.0000,0.0000,0.0000,0.0000,0.0000,0.0000,0.0000,0.0000,0.0000,0.0000,0.0000,0.0000,0.0000,0.0000,0.0000,0.0000,0.0000,0.0000,0.0000,0.0000,0.0000,0.0000,0.0000,0.0000,0.0000,0.0000,0.0000,0.0000,0.0000,0.0000,0.0000,0.0000,0.0000,0.0000,0.0000,0.0000,0.0000,0.0000,0.0000,0.0000,0.0000,0.0000,0.0000,0.0000,0.0000,0.0000,0.0000,0.0000,0.0000,0.0000,0.0000,0.0000
45117.0833333,0.0000,0.0000,0.0000,0.0000,0.0000,0.0000,0.0000,0.0000,0.0000,0.0000,0.0000,0.0000,0.0000,0.0000,0.0000,0.0000,0.0000,0.0000,0.0000,0.0000,0.0000,0.0000,0.0000,0.0000,0.0000,0.0000,0.0000,0.0000,0.0000,0.0000,0.0000,0.0000,0.0000,0.0000,0.0000,0.0000,0.0000,0.0000,0.0000,0.0000,0.0000,0.0000,0.0000,0.0000,0.0000,0.0000,0.0000,0.0000,0.0000,0.0000,0.0000,0.0000,0.0000,0.0000,0.0000,0.0000,0.0000,0.0000,0.0000,0.0000,0.0000,0.0000,0.0000,0.0000,0.0000,0.0000,0.0000,0.0000,0.0000,0.0000,0.0000,0.0000,0.0000,0.0000,0.0000,0.0000,0.0000,0.0000,0.0000,0.0000,0.0000,0.0000,0.0000,0.0000,0.0000,0.0000,0.0000,0.0000,0.0000,0.0000,0.0000,0.0000,0.0000,0.0000,0.0000,0.0000,0.0000,0.0000,0.0000,0.0000,0.0000,0.0000,0.0000,0.0000,0.0000,0.0000,0.0000,0.0000,0.0000,0.0000,0.0000,0.0000,0.0000,0.0000,0.0000,0.0000,0.0000,0.0000,0.0000,0.0000,0.0000,0.0000,0.0000,0.0000,0.0000,0.0000,0.0000,0.0000,0.0000,0.0000,0.0000,0.0000,0.0000,0.0000,0.0000,0.0000,0.0000,0.0000,0.0000,0.0000,0.0000,0.0000,0.0000,0.0000,0.0000,0.0000,0.0000,0.0000,0.0000,0.0000,0.0000,0.0000,0.0000,0.0000,0.0000,0.0000,0.0000,0.0000,0.0000,0.0000,0.0000,0.0000,0.0000,0.0000,0.0000,0.0000,0.0000,0.0000,0.0000,0.0000,0.0000,0.0000,0.0000,0.0000,0.0000,0.0000,0.0000,0.0000,0.0000,0.0000,0.0000,0.0000,0.0000,0.0000,0.0000,0.0000,0.0000,0.0000,0.0000,0.0000,0.0000,0.0000,0.0000,0.0000,0.0000,0.0000,0.0000,0.0000,0.0000,0.0000,0.0000,0.0000,0.0000,0.0000,0.0000,0.0000,0.0000,0.0000,0.0000,0.0000,0.0000,0.0000,0.0000,0.0000,0.0000,0.0000,0.0000,0.0000,0.0000,0.0000,0.0000,0.0000,0.0000,0.0000,0.0000,0.0000,0.0000,0.0000,0.0000,0.0000,0.0000,0.0000,0.0000,0.0000,0.0000,0.0000
45117.1250000,0.0000,0.0000,0.0000,0.0000,0.0000,0.0000,0.0000,0.0000,0.0000,0.0000,0.0000,0.0000,0.0000,0.0000,0.0000,0.0000,0.0000,0.0000,0.0000,0.0000,0.0000,0.0000,0.0000,0.0000,0.0000,0.0000,0.0000,0.0000,0.0000,0.0000,0.0000,0.0000,0.0000,0.0000,0.0000,0.0000,0.0000,0.0000,0.0000,0.0000,0.0000,0.0000,0.0000,0.0000,0.0000,0.0000,0.0000,0.0000,0.0000,0.0000,0.0000,0.0000,0.0000,0.0000,0.0000,0.0000,0.0000,0.0000,0.0000,0.0000,0.0000,0.0000,0.0000,0.0000,0.0000,0.0000,0.0000,0.0000,0.0000,0.0000,0.0000,0.0000,0.0000,0.0000,0.0000,0.0000,0.0000,0.0000,0.0000,0.0000,0.0000,0.0000,0.0000,0.0000,0.0000,0.0000,0.0000,0.0000,0.0000,0.0000,0.0000,0.0000,0.0000,0.0000,0.0000,0.0000,0.0000,0.0000,0.0000,0.0000,0.0000,0.0000,0.0000,0.0000,0.0000,0.0000,0.0000,0.0000,0.0000,0.0000,0.0000,0.0000,0.0000,0.0000,0.0000,0.0000,0.0000,0.0000,0.0000,0.0000,0.0000,0.0000,0.0000,0.0000,0.0000,0.0000,0.0000,0.0000,0.0000,0.0000,0.0000,0.0000,0.0000,0.0000,0.0000,0.0000,0.0000,0.0000,0.0000,0.0000,0.0000,0.0000,0.0000,0.0000,0.0000,0.0000,0.0000,0.0000,0.0000,0.0000,0.0000,0.0000,0.0000,0.0000,0.0000,0.0000,0.0000,0.0000,0.0000,0.0000,0.0000,0.0000,0.0000,0.0000,0.0000,0.0000,0.0000,0.0000,0.0000,0.0000,0.0000,0.0000,0.0000,0.0000,0.0000,0.0000,0.0000,0.0000,0.0000,0.0000,0.0000,0.0000,0.0000,0.0000,0.0000,0.0000,0.0000,0.0000,0.0000,0.0000,0.0000,0.0000,0.0000,0.0000,0.0000,0.0000,0.0000,0.0000,0.0000,0.0000,0.0000,0.0000,0.0000,0.0000,0.0000,0.0000,0.0000,0.0000,0.0000,0.0000,0.0000,0.0000,0.0000,0.0000,0.0000,0.0000,0.0000,0.0000,0.0000,0.0000,0.0000,0.0000,0.0000,0.0000,0.0000,0.0000,0.0000,0.0000,0.0000,0.0000,0.0000,0.0000,0.0000,0.0000,0.0000,0.0000
45117.1666667,0.0000,0.0000,0.0000,0.0000,0.0000,0.0000,0.0000,0.0000,0.0000,0.0000,0.0000,0.0000,0.0000,0.0000,0.0000,0.0000,0.0000,0.0000,0.0000,0.0000,0.0000,0.0000,0.0000,0.0000,0.0000,0.0000,0.0000,0.0000,0.0000,0.0000,0.0000,0.0000,0.0000,0.0000,0.0000,0.0000,0.0000,0.0000,0.0000,0.0000,0.0000,0.0000,0.0000,0.0000,0.0000,0.0000,0.0000,0.0000,0.0000,0.0000,0.0000,0.0000,0.0000,0.0000,0.0000,0.0000,0.0000,0.0000,0.0000,0.0000,0.0000,0.0000,0.0000,0.0000,0.0000,0.0000,0.0000,0.0000,0.0000,0.0000,0.0000,0.0000,0.0000,0.0000,0.0000,0.0000,0.0000,0.0000,0.0000,0.0000,0.0000,0.0000,0.0000,0.0000,0.0000,0.0000,0.0000,0.0000,0.0000,0.0000,0.0000,0.0000,0.0000,0.0000,0.0000,0.0000,0.0000,0.0000,0.0000,0.0000,0.0000,0.0000,0.0000,0.0000,0.0000,0.0000,0.0000,0.0000,0.0000,0.0000,0.0000,0.0000,0.0000,0.0000,0.0000,0.0000,0.0000,0.0000,0.0000,0.0000,0.0000,0.0000,0.0000,0.0000,0.0000,0.0000,0.0000,0.0000,0.0000,0.0000,0.0000,0.0000,0.0000,0.0000,0.0000,0.0000,0.0000,0.0000,0.0000,0.0000,0.0000,0.0000,0.0000,0.0000,0.0000,0.0000,0.0000,0.0000,0.0000,0.0000,0.0000,0.0000,0.0000,0.0000,0.0000,0.0000,0.0000,0.0000,0.0000,0.0000,0.0000,0.0000,0.0000,0.0000,0.0000,0.0000,0.0000,0.0000,0.0000,0.0000,0.0000,0.0000,0.0000,0.0000,0.0000,0.0000,0.0000,0.0000,0.0000,0.0000,0.0000,0.0000,0.0000,0.0000,0.0000,0.0000,0.0000,0.0000,0.0000,0.0000,0.0000,0.0000,0.0000,0.0000,0.0000,0.0000,0.0000,0.0000,0.0000,0.0000,0.0000,0.0000,0.0000,0.0000,0.0000,0.0000,0.0000,0.0000,0.0000,0.0000,0.0000,0.0000,0.0000,0.0000,0.0000,0.0000,0.0000,0.0000,0.0000,0.0000,0.0000,0.0000,0.0000,0.0000,0.0000,0.0000,0.0000,0.0000,0.0000,0.0000,0.0000,0.0000,0.0000,0.0000,0.0000,0.0000
45117.2083333,0.0000,0.0000,0.0000,0.0000,0.0000,0.0000,0.0000,0.0000,0.0000,0.0000,0.0000,0.0000,0.0000,0.0000,0.0000,0.0000,0.0000,0.0000,0.0000,0.0000,0.0000,0.0000,0.0000,0.0000,0.0000,0.0000,0.0000,0.0000,0.0000,0.0000,0.0000,0.0000,0.0000,0.0000,0.0000,0.0000,0.0000,0.0000,0.0000,0.0000,0.0000,0.0000,0.0000,0.0000,0.0000,0.0000,0.0000,0.0000,0.0000,0.0000,0.0000,0.0000,0.0000,0.0000,0.0000,0.0000,0.0000,0.0000,0.0000,0.0000,0.0000,0.0000,0.0000,0.0000,0.0000,0.0000,0.0000,0.0000,0.0000,0.0000,0.0000,0.0000,0.0000,0.0000,0.0000,0.0000,0.0000,0.0000,0.0000,0.0000,0.0000,0.0000,0.0000,0.0000,0.0000,0.0000,0.0000,0.0000,0.0000,0.0000,0.0000,0.0000,0.0000,0.0000,0.0000,0.0000,0.0000,0.0000,0.0000,0.0000,0.0000,0.0000,0.0000,0.0000,0.0000,0.0000,0.0000,0.0000,0.0000,0.0000,0.0000,0.0000,0.0000,0.0000,0.0000,0.0000,0.0000,0.0000,0.0000,0.0000,0.0000,0.0000,0.0000,0.0000,0.0000,0.0000,0.0000,0.0000,0.0000,0.0000,0.0000,0.0000,0.0000,0.0000,0.0000,0.0000,0.0000,0.0000,0.0000,0.0000,0.0000,0.0000,0.0000,0.0000,0.0000,0.0000,0.0000,0.0000,0.0000,0.0000,0.0000,0.0000,0.0000,0.0000,0.0000,0.0000,0.0000,0.0000,0.0000,0.0000,0.0000,0.0000,0.0000,0.0000,0.0000,0.0000,0.0000,0.0000,0.0000,0.0000,0.0000,0.0000,0.0000,0.0000,0.0000,0.0000,0.0000,0.0000,0.0000,0.0000,0.0000,0.0000,0.0000,0.0000,0.0000,0.0000,0.0000,0.0000,0.0000,0.0000,0.0000,0.0000,0.0000,0.0000,0.0000,0.0000,0.0000,0.0000,0.0000,0.0000,0.0000,0.0000,0.0000,0.0000,0.0000,0.0000,0.0000,0.0000,0.0000,0.0000,0.0000,0.0000,0.0000,0.0000,0.0000,0.0000,0.0000,0.0000,0.0000,0.0000,0.0000,0.0000,0.0000,0.0000,0.0000,0.0000,0.0000,0.0000,0.0000,0.0000,0.0000,0.0000,0.0000,0.0000,0.0000,0.0000
45117.2500000,0.2851,0.6514,0.8707,0.8291,1.4344,1.1126,0.9998,0.5006,0.9831,1.0206,0.9224,0.8320,0.5495,0.7930,0.7216,0.7437,0.9574,0.8838,0.6444,0.4563,1.0401,0.4347,0.4181,0.6803,0.7189,1.4714,0.6878,0.2588,0.8589,0.2854,0.5495,0.3633,0.4714,0.7301,0.7116,0.6130,0.9618,0.9881,0.3518,1.2953,1.1333,1.1931,0.6888,0.9208,1.9345,0.9613,0.7493,0.8273,0.4649,0.6335,0.9680,0.9008,1.0248,1.1056,0.4317,0.4279,0.5169,0.7959,1.4129,1.0885,1.1396,0.8652,0.3809,0.3431,0.5298,0.4621,0.7560,0.7289,-0.2374,0.1429,0.6658,0.6449,0.5345,0.1545,0.7085,0.9389,0.7641,0.9006,0.6284,0.9930,2.1019,1.8456,1.3321,1.0594,0.8411,0.8744,1.3562,1.0168,1.1810,1.0199,1.1132,1.4026,1.5653,1.1534,0.5787,0.7642,0.9191,1.3924,1.0911,0.9292,1.0236,1.1961,0.8830,0.9349,1.3669,1.7452,1.4414,1.3643,0.6766,1.2918,0.7585,0.3379,0.9547,0.8022,0.9456,0.8070,0.6125,1.0724,0.8747,0.9011,0.1934,0.8612,0.4879,0.8093,0.6717,0.8785,0.9261,1.2684,0.7755,0.2826,0.5153,0.4643,0.5209,0.6156,0.8937,0.6165,0.6184,0.8963,0.6424,0.5354,0.3445,0.8070,0.5692,0.6523,0.8930,0.2357,0.3832,1.1366,0.7315,0.5534,0.5217,0.1910,0.3423,0.2355,0.5345,1.0382,1.1919,1.1094,1.0244,0.6165,1.5420,1.1566,1.1678,1.4549,1.7323,1.0826,1.3014,0.8079,0.7287,0.6455,0.1689,0.3881,0.4292,0.8351,0.8145,1.0983,0.7599,0.8296,0.6921,1.6063,1.3208,0.9913,0.8811,1.1054,0.8760,1.1541,1.0555,1.0638,1.0720,1.0802,1.0886,1.0934,1.1017,1.1101,1.1186,1.1272,1.1358,1.1446,1.1536,1.1627,1.1720,1.1814,1.1910,1.2008,1.2108,1.2209,1.2313,1.2418,1.2525,1.2635,1.2747,1.2860,1.2976,1.3095,1.3215,1.3338,1.3463,1.3591,1.3720,1.3853,1.3987,1.4124,1.4262,1.4404,1.4547,1.4692,1.4839,1.4989,1.5139,1.5292,1.5446,1.5601,1.5758,1.5916,1.5958,1.6121
45117.2916667,1.3535,3.0926,4.1337,3.9369,6.8114,5.3601,4.7482,2.3776,4.7269,4.8718,4.4052,3.9605,2.6417,3.7851,3.4273,3.5323,4.7623,4.2046,3.0659,2.1670,4.9402,2.0650,1.9861,3.4958,3.5361,7.0944,3.2803,1.2300,4.1287,1.3876,2.6169,1.7354,2.6788,3.9056,3.3823,2.9135,4.6298,4.7790,1.9256,6.2213,5.3875,5.6969,3.2749,4.3783,9.1984,4.5712,3.5630,3.9338,2.2109,3.0127,4.6640,4.3514,5.2147,5.2849,2.0534,2.0788,2.4592,3.8166,6.7473,5.2396,5.5077,4.1292,1.8128,1.6331,3.4532,2.2016,3.6038,3.4763,-1.1175,0.6899,3.1961,3.1073,2.5880,0.7445,3.4754,4.5049,3.6893,4.3631,3.1557,4.7319,10.1468,8.8451,6.4270,6.4086,4.0105,4.1703,6.4652,4.8475,5.6288,4.8622,5.3055,6.6834,7.4597,5.4966,2.7584,3.6422,4.3798,6.6355,5.2073,4.5049,4.9140,5.7003,4.2078,4.5926,6.6774,11.2650,9.3119,9.1328,4.0776,7.9991,4.4476,1.6130,4.6489,3.8659,4.6336,4.1402,2.9459,5.1435,4.2230,4.3443,0.9228,4.2323,2.3441,3.8591,3.2026,4.4234,4.4344,6.1035,3.6980,1.3539,2.4851,2.2709,2.5861,4.6708,4.3324,3.1513,2.9551,5.1456,4.4793,2.5532,1.6431,3.9233,2.7595,3.1110,4.2591,1.1243,1.8278,5.4214,3.5141,2.6706,2.5167,0.9115,1.6353,1.1753,2.5697,4.9766,5.7155,5.2925,4.9433,2.9414,7.3560,5.5176,6.2881,6.9821,8.4305,5.2026,6.3532,3.9043,3.5729,3.3145,0.8082,2.3957,2.0531,4.0360,3.9073,5.5834,3.6913,3.9821,3.3411,7.7006,6.3403,4.7442,4.2745,5.3448,4.2050,5.5250,5.0540,5.0952,5.1359,5.1769,5.2185,5.2740,5.2840,5.3263,5.3695,5.4130,5.4573,5.5026,5.5490,5.5965,5.6451,5.6972,5.7488,5.8018,5.8563,5.9125,5.9704,6.0302,6.0920,6.1559,6.4198,6.2748,6.3438,6.4154,6.4895,6.5665,6.6465,6.7298,6.8164,6.9068,6.8108,7.1325,7.2396,7.3521,7.4703,7.5947,7.7259,7.8644,8.0107,8.1657,8.3300,9.6331,9.7076,9.7826,9.8027,9.8800
45117.3333333,2.3855,5.4510,7.5274,6.9397,12.0072,9.8472,8.3707,4.1914,9.4531,9.1316,8.2238,7.4868,4.9410,6.9844,6.0423,6.3005,18.8921,7.8579,8.0181,3.9659,9.8562,3.8839,3.5018,8.9683,7.4738,12.4725,6.1488,2.1692,8.1606,3.1172,5.8350,4.3891,14.6796,11.7254,7.3414,5.2080,8.9056,10.8180,4.1302,12.3895,9.5030,10.6272,5.7770,7.7237,17.4378,9.3139,6.2857,6.9399,3.9003,6.5919,11.7550,10.8295,20.2238,10.8488,3.9206,5.8936,5.7244,8.1611,13.4747,9.7749,14.1392,7.8249,3.1985,2.8816,9.0796,3.8858,16.6412,8.5754,-4.3618,1.2340,6.5750,6.0766,6.6347,1.3412,6.7422,9.5318,6.7373,8.2090,5.9785,9.8910,18.3764,18.1688,12.0060,23.8347,7.0954,8.2459,12.0627,8.5777,9.9572,8.6058,11.4731,11.8197,16.3722,14.5981,5.6722,6.8670,8.2096,12.7148,9.6288,11.9150,8.7950,12.7647,7.9228,19.3935,15.6947,29.8864,24.8147,25.0986,10.4656,20.8448,11.0487,3.5992,9.1850,7.0157,10.9324,16.8958,5.3933,9.1298,8.5748,8.4993,1.6386,16.4233,4.1941,7.8614,6.0019,8.4743,8.8955,11.8622,7.6738,2.5151,5.0046,5.4237,11.2466,14.3385,7.8243,6.1807,5.3769,17.2862,12.9765,4.6479,2.9044,6.9268,4.8744,5.7923,8.1170,1.9876,3.7739,9.9304,6.4459,5.6049,4.5157,1.6178,2.9349,2.2808,5.0352,9.2416,11.6618,9.5328,9.7868,5.4381,29.6055,10.7389,17.4202,12.3344,18.6648,11.2134,11.7269,10.2277,8.6241,11.3198,1.4778,6.4896,3.8046,9.6942,7.7438,20.3952,6.7444,8.1111,6.1937,15.2944,12.9017,8.8559,7.5242,9.6084,7.4368,10.3483,9.4800,9.5726,9.6764,9.7823,9.8912,9.9724,10.0853,10.2017,10.3218,10.4449,10.5718,10.7030,10.8388,10.9793,11.1249,11.2757,11.4320,11.5943,10.8096,11.9963,12.1830,12.3773,12.5796,12.7901,13.0094,13.2380,13.4763,13.7247,13.9839,14.2543,14.5365,14.8312,15.1389,15.4603,15.7961,16.1470,16.5138,16.8972,23.7097,23.8306,23.9531,24.0772,24.2028,24.3298,24.4581,24.5875,24.7179,24.8491,24.8834,25.0188
45117.3750000,2.8485,6.5092,9.6096,8.2874,28.0788,14.9991,9.9974,11.1099,18.9701,13.8663,12.3810,9.3728,7.5311,10.5320,8.1592,8.9460,36.5132,11.6760,26.4119,4.7777,21.5901,5.8520,4.1831,13.8637,9.7953,26.6611,9.7499,2.5916,15.6373,9.2622,9.0174,15.2728,31.3197,33.3154,36.9181,30.9535,16.3460,13.8333,5.8807,23.9858,12.4403,15.6627,6.9039,10.3453,38.0704,17.6757,10.1036,8.2944,6.2050,8.3033,41.6074,37.0582,38.9781,21.6840,6.2326,23.0228,6.5253,18.1609,53.2053,14.6431,43.2917,11.9701,3.8231,3.4443,15.8134,4.6458,33.1633,31.8042,-16.9019,1.5439,26.7914,7.7147,21.0265,1.7759,13.4349,41.1675,9.6693,21.7302,8.3615,14.5902,79.0159,67.6894,17.8532,47.1364,8.4990,10.4146,14.7053,10.2777,11.9287,41.4202,50.8897,23.6979,33.6159,48.0153,11.6957,9.9937,12.2008,19.6299,14.2512,39.6636,11.5730,46.9359,11.8278,37.9634,48.8241,54.7273,45.7787,47.1807,19.5433,38.0880,20.1075,10.8766,11.7219,10.0377,37.0783,33.3133,7.7288,13.7941,17.8053,15.8874,2.0229,31.6704,5.3442,29.2064,8.4769,15.4068,30.9037,43.4431,30.2434,3.7896,10.0453,18.5117,22.8177,29.1451,16.0610,7.4627,7.4806,33.3412,25.6980,6.2280,4.0695,10.3502,24.0291,8.4249,13.9721,3.0715,7.8375,19.0984,16.1804,7.1377,23.4223,2.0323,3.5609,5.0337,6.4032,13.5793,43.6041,11.4741,18.6841,7.7833,55.9618,47.1074,46.4384,16.3192,42.6325,27.1600,19.0738,32.7223,25.4936,21.7773,3.1337,12.9467,5.2264,27.4312,25.7133,38.6570,9.1014,30.9929,9.1354,27.8277,47.7101,12.9804,9.7383,13.3382,10.4458,15.2039,13.9554,14.1783,14.4056,14.6391,14.8801,15.0918,15.3455,15.6076,15.8784,16.1571,16.4450,16.7428,17.0508,17.3695,17.6993,18.0406,18.3941,18.7600,19.1390,19.5315,19.9382,20.3596,20.7962,21.2487,21.7177,22.2038,22.7077,23.2301,23.7717,41.8169,41.9416,42.0686,42.1978,42.3293,42.4631,42.5992,42.7374,42.8777,43.0202,43.1646,43.3110,43.4592,43.6091,43.7606,43.9136,44.0678,44.2231,44.3794,44.4193,44.5803
45117.4166667,2.8491,6.5109,18.3843,15.2301,101.4394,21.7963,20.9170,9.6797,63.9126,19.8974,18.3183,16.9246,11.0501,15.5555,8.2910,13.9044,55.8307,16.4011,41.3482,5.7436,18.8901,11.7177,6.7772,15.1762,14.6962,79.4893,15.0942,11.1306,53.7155,12.6145,46.5732,20.6808,50.4271,52.0506,58.0340,48.9408,63.9318,24.0234,7.5598,72.2129,27.7158,21.1217,6.9111,9.6460,100.8475,52.3553,14.4669,13.9791,8.9037,16.6864,64.0587,57.0722,59.4185,67.5470,8.4502,33.9209,9.0441,64.9185,80.1452,20.6974,65.7179,17.3602,5.9177,6.1860,26.2438,25.4650,51.6300,49.5845,-23.6706,2.3434,41.8073,7.8707,29.6798,2.4672,11.7359,63.5154,13.9344,76.0139,12.9518,41.3731,117.8426,101.0091,25.0614,72.4978,8.5199,11.2635,14.5428,10.6961,81.5828,63.4528,78.2982,88.2846,89.9537,73.3787,43.2244,14.1659,17.4329,28.6100,19.8663,61.2172,18.9402,71.3897,16.6961,58.4022,73.3733,80.6072,67.9507,70.7225,30.0436,56.4937,30.4536,18.0676,14.2143,13.6777,56.9145,51.6551,9.5512,19.2792,58.9557,55.3408,2.9684,48.6204,8.1805,44.9244,8.2513,51.9271,46.9320,65.1955,46.7977,5.8801,34.5583,29.6396,36.2952,46.0042,63.9133,10.2641,10.0153,51.0581,40.2080,34.9781,5.4906,46.8618,37.9489,11.5531,52.7324,2.6802,26.2992,73.3742,54.7183,10.2748,37.2599,2.4077,4.8360,13.7268,8.3608,18.9942,65.9091,15.1843,63.4756,10.8597,83.8323,71.8406,70.6788,18.6320,54.9110,34.4199,33.3373,50.6021,39.3210,33.7893,4.5340,21.0250,7.0981,41.7975,39.1258,58.4244,11.9329,47.6340,12.7985,83.5182,71.7669,17.9408,58.0264,17.6174,13.9640,21.0143,19.3250,19.6996,20.0826,20.4758,20.8806,21.2602,21.6862,22.1249,22.5767,23.0410,23.5191,24.0117,24.5193,25.0425,25.5818,26.1377,26.7107,27.3015,60.8531,60.9544,61.0576,61.1628,61.2701,61.3794,61.4909,61.6046,61.7204,61.8385,61.9589,62.0816,62.2067,62.3340,62.4637,62.5957,62.7300,62.8665,63.0053,63.1464,63.2895,63.4347,63.5818,63.7308,63.8816,64.0339,64.1877,64.3429,64.4991,64.6563,64.6967,64.8587
45117.4583333,2.7339,8.7662,25.1120,103.7425,131.0216,29.4392,28.4296,13.5529,83.2156,89.1071,87.8779,22.9065,51.2197,71.3808,73.3600,18.6075,72.6644,21.6588,16.5205,7.2315,89.0308,21.4400,9.1094,11.1036,20.2753,101.9834,76.8001,14.4558,70.2304,8.5029,61.9310,24.3518,37.1370,28.3200,76.4449,64.8221,83.3173,81.8905,11.2913,93.0300,94.9745,27.4898,6.6361,10.3102,128.4544,68.0717,19.3790,32.3233,12.4982,8.3716,24.0147,74.5008,77.1466,26.5963,9.7483,13.9022,27.6363,85.2103,103.0540,87.2128,85.0302,23.3487,9.3331,8.1599,7.8332,17.4703,67.8461,65.2474,-7.8247,3.4213,17.0878,15.9896,14.1772,11.4667,17.1231,82.8370,66.1335,99.4438,18.2528,24.9716,150.2228,128.9690,107.3648,27.8731,8.1875,13.1942,105.8163,30.7857,105.7805,82.4759,101.7009,113.8163,115.4311,95.0839,15.7730,18.5246,23.2155,38.3792,25.9545,24.0944,77.6594,92.3348,70.4024,76.1622,94.3337,102.5062,86.9312,90.8646,39.7584,72.4707,40.0300,7.7727,77.0593,18.3678,74.2327,67.8055,12.9567,81.8112,77.1864,72.3325,4.0251,63.6286,45.3357,58.9478,80.8799,67.9207,61.1669,83.9919,61.5233,30.3890,46.3294,19.3842,7.7350,13.3269,33.7478,56.2100,53.9592,66.6560,15.5508,46.7603,40.2625,61.4296,50.5402,49.6482,68.8444,5.7700,35.8501,95.1552,16.7334,14.2630,11.7353,4.1703,25.8094,7.0825,12.1717,88.6593,85.1104,91.2545,23.2878,45.9961,107.4623,93.0513,28.7522,51.3717,64.8101,101.5753,97.6416,66.3245,51.7460,44.7570,4.5601,28.8658,9.4207,54.6209,51.1734,75.5773,15.2607,62.3282,16.9856,106.8063,29.0709,23.4885,21.2989,94.2274,22.8927,85.3112,76.8892,76.9682,77.0459,77.1239,77.2029,77.2473,77.3257,77.4053,77.4861,77.5671,77.6492,77.7327,77.8176,77.9041,77.9921,78.0817,78.1729,78.2659,78.3607,78.4572,78.5557,78.6561,78.7585,78.8629,78.9693,79.0779,79.1886,79.3015,79.4166,79.5340,79.6536,79.7754,79.8995,80.0259,80.1546,80.2854,80.4184,80.5536,80.6909,80.8301,80.9713,81.1143,81.2590,81.4054,81.5531,81.7022,81.8524,82.0036,82.0424,82.1983
45117.5000000,2.6723,19.7117,101.2040,120.0758,150.4898,120.3017,113.7935,16.7825,96.1696,102.8943,101.6428,89.2540,60.0343,82.8536,85.2533,76.5681,84.0569,80.1891,63.8971,51.0808,102.7739,16.1941,11.1952,19.0310,81.3299,116.9735,89.2737,6.5642,81.4175,10.7617,72.3748,14.4417,36.2619,79.6381,88.8246,75.5991,96.3226,94.6347,14.2685,106.9532,109.4655,105.9308,16.5810,14.4441,146.6939,78.7581,73.9003,91.6731,51.7530,16.6039,96.4792,86.2670,89.1070,100.9733,11.9905,17.5387,15.6722,98.7822,118.3039,100.5972,97.9964,88.6978,7.0305,10.3404,12.9274,33.5122,78.8403,75.8910,-29.6756,13.7975,64.4399,19.5455,17.8314,14.8859,20.8408,95.7995,76.8477,115.0011,22.6926,30.5854,171.4831,147.4251,123.3989,108.7399,14.2620,22.8546,121.5748,35.1040,121.8313,95.2491,117.2459,130.7175,132.3036,109.5554,67.1441,85.8155,93.9277,148.5047,106.2414,92.4290,89.7023,106.3235,81.5796,88.1305,108.3409,117.1203,99.6886,104.3541,46.6300,83.3260,46.8221,30.4960,89.1710,76.1665,85.9357,78.7667,15.6028,94.4643,89.4726,83.8394,19.6560,73.8902,53.4471,68.5956,94.1029,78.8323,70.9793,96.7073,71.6516,36.6137,54.5888,47.4173,13.6817,17.2729,96.9197,65.8025,63.2045,77.3631,62.3655,55.0390,47.8678,71.4751,59.3244,58.1527,79.8596,31.9303,42.6916,109.7519,20.2430,17.5725,14.2665,19.7557,31.1560,9.0223,14.8090,102.3916,98.0397,105.2578,95.3186,53.9324,123.1962,107.2392,105.4074,118.9489,150.1665,117.1829,112.2789,77.0241,60.3562,52.4417,18.7768,34.5622,45.7768,63.4837,59.5451,87.1873,18.1299,72.3737,64.7032,122.3141,106.1406,89.5451,87.8494,108.6662,96.8747,98.3082,88.7698,88.8466,88.9220,88.9977,89.0743,89.1172,89.1933,89.2705,89.3490,89.4276,89.5073,89.5884,89.6708,89.7547,89.8402,89.9272,90.0158,90.1061,90.1981,90.2920,90.3876,90.4852,90.5847,90.6861,90.7896,90.8952,91.0028,91.1126,91.2246,91.3388,91.4551,91.5737,91.6945,91.8176,91.9428,92.0702,92.1998,92.3314,92.4651,92.6008,92.7384,92.8778,93.0189,93.1615,93.3056,93.4510,93.5975,93.7449,93.7825,93.9346
45117.5416667,13.1318,118.9284,106.6094,126.4348,158.0619,126.5354,119.7596,78.1793,101.2720,108.3112,107.0451,94.0870,63.5578,87.3887,89.9416,80.8160,88.5725,84.5487,67.5660,54.2063,108.1755,17.2415,63.1689,19.6993,85.8254,122.8698,22.3898,4.0584,85.8498,11.9393,18.2381,8.1945,18.4281,84.0444,93.6945,79.8621,101.4428,99.6586,15.7443,112.4385,115.1533,111.4149,24.2128,27.9247,153.8374,83.0092,78.0134,96.6281,54.9073,20.7804,101.6041,90.9189,93.8396,106.2542,13.0254,18.1496,17.0295,24.0252,124.2939,105.8675,103.1132,93.4869,17.8828,12.2848,14.8281,85.4313,83.1938,80.1114,-30.2147,15.2263,68.1225,89.6777,86.5211,16.3625,22.6517,100.9023,81.0968,29.3378,24.5975,31.0512,179.7695,154.6443,129.6778,114.4254,21.0887,98.7019,127.7518,112.1501,128.1065,100.2857,123.3271,137.3254,138.9109,115.2366,71.0044,90.5107,98.9496,156.0002,111.7898,97.3721,94.4644,111.8257,86.0085,92.8591,113.8609,122.8917,104.7447,109.6796,49.4315,87.6584,49.5993,32.6727,93.9552,80.3821,90.5668,83.1114,16.8180,99.4610,23.6646,88.3972,21.3845,77.9821,56.7113,72.4585,23.7352,83.1816,74.9266,101.7692,75.7171,39.1899,14.5090,50.4497,14.7994,18.7176,102.2062,69.6895,17.1007,81.6999,66.0865,58.4523,51.0196,75.5761,62.9400,61.6727,84.3360,34.3544,45.5753,115.5869,21.9331,19.2991,62.0871,21.5853,33.4680,9.9369,16.0350,107.8768,103.2318,110.8447,100.4482,57.2064,129.4471,112.8819,110.9496,125.0202,157.6511,123.3436,118.0883,81.3234,63.8608,55.5885,20.4849,36.9378,48.6833,67.0669,62.9401,91.8125,72.7535,76.3937,68.4092,128.4294,111.5929,94.3350,92.6085,114.3472,102.0829,103.4519,93.4887,93.5649,93.6399,93.7150,93.7913,93.8338,93.9095,93.9864,94.0644,94.1427,94.2220,94.3027,94.3848,94.4684,94.5535,94.6401,94.7284,94.8183,94.9100,95.0035,95.0987,95.1959,95.2950,95.3960,95.4991,95.6042,95.7115,95.8208,95.9323,96.0460,96.1619,96.2800,96.4003,96.5228,96.6475,96.7743,96.9033,97.0345,97.1676,97.3027,97.4397,97.5785,97.7190,97.8610,98.0045,98.1493,98.2952,98.4420,98.4791,98.6306
45117.5833333,11.1743,115.5358,103.5919,22.5560,153.8396,123.0571,116.4305,17.5658,98.4213,105.2860,104.0288,91.3868,61.5852,84.8538,87.3225,78.4406,86.0469,82.1101,65.5120,52.4549,105.1586,16.3467,61.1743,83.7098,83.3131,119.5749,12.5001,3.1085,83.3712,11.3477,17.4352,12.8152,17.5694,81.5814,90.9750,77.4795,98.5824,96.8513,14.8878,109.3728,111.9770,108.3509,23.1458,109.3357,149.8477,80.6300,75.7125,93.8604,53.1399,88.8904,98.7410,88.3183,91.1932,103.3034,11.5402,17.2714,15.5382,13.1464,120.9478,102.9228,100.2530,90.8107,16.5521,12.5172,8.2419,13.5774,80.7597,77.7513,-29.9307,14.4172,66.0608,18.3254,15.7148,15.5271,91.6685,98.0519,78.7208,27.4014,23.4729,153.9509,175.1458,150.6139,126.1728,111.2515,118.5384,95.8932,124.3032,109.0252,124.6053,97.4718,119.9340,133.6381,135.2226,112.0651,68.8466,87.8891,96.1458,151.8225,108.6932,94.6123,91.8042,108.7544,83.5338,90.2182,110.7782,119.6667,101.9190,106.7058,47.8629,85.2390,48.0482,31.4602,91.2938,78.0381,87.9925,80.6979,66.5734,96.6869,22.7329,22.2419,20.4366,75.7209,54.9145,70.3317,96.4367,80.7967,72.7740,99.0028,73.5121,8.9805,56.1462,12.3946,13.6974,10.3508,99.3556,67.6262,64.9827,79.4056,64.1421,56.6865,49.4051,19.4769,15.4077,59.8737,82.0069,5.1347,7.9312,112.5107,20.9807,18.4411,60.2664,20.7513,32.3639,9.4604,63.8225,104.9972,100.5137,107.9052,97.7538,55.5431,126.1215,109.8893,108.0070,121.7807,153.6237,120.0511,114.9879,20.5719,62.0287,53.9462,19.6400,35.7034,47.1431,65.1415,61.1108,89.2947,70.6472,74.2068,66.3941,125.0700,108.6012,91.7113,90.0008,111.2250,99.2235,100.6251,90.8968,90.9718,91.0456,91.1197,91.1949,91.2364,91.3112,91.3871,91.4644,91.5419,91.6205,91.7005,91.7820,91.8650,91.9496,92.0358,92.1236,92.2131,92.3045,92.3976,92.4926,92.5895,92.6884,92.7893,92.8922,92.9972,93.1043,93.2136,93.3251,93.4387,93.5545,93.6726,93.7929,93.9154,94.0401,94.1670,94.2960,94.4271,94.5603,94.6954,94.8325,94.9713,95.1118,95.2538,95.3973,95.5421,95.6880,95.8348,95.8719,96.0233
45117.6250000,9.0271,24.0401,23.7507,19.1244,138.0444,31.3904,104.0246,14.7153,26.3439,94.0446,92.8152,81.3767,54.3409,75.4736,19.1875,69.6675,76.7138,73.1049,57.9628,46.0511,93.9503,13.5541,10.5263,74.3308,15.8737,107.3325,11.5939,2.4480,31.5683,9.3934,14.8278,6.9582,14.6374,26.6798,29.3483,68.6702,25.6678,25.9515,12.3614,97.9956,100.1653,28.2106,48.6836,97.5755,134.9776,71.8573,67.2254,83.5915,46.6753,33.5945,88.1167,78.6942,81.4023,92.3532,9.7233,8.7256,13.0446,16.9052,108.5049,91.9944,89.6516,80.8946,13.5966,10.2272,7.3013,13.4901,17.4179,69.0361,-28.5910,11.5990,16.9229,15.5376,13.2136,12.6084,22.4355,21.6826,69.9468,23.3078,19.6183,137.6889,157.8606,135.5820,34.3926,99.4440,105.7544,85.4704,111.4643,97.4019,111.5526,87.0390,107.2907,119.8887,121.4800,100.2721,13.6210,19.7587,24.3694,136.1941,28.9743,84.3786,81.9580,97.3464,74.3881,32.5927,99.3379,107.7078,91.4670,95.6813,42.1682,76.3261,42.4209,27.0970,81.4262,20.6176,78.4548,18.9072,17.0427,86.3885,19.5658,19.2435,4.5881,67.3576,11.3714,19.2191,85.7470,71.9316,64.7848,88.6762,65.2910,8.5075,22.2326,20.1549,7.1027,13.6606,88.6077,59.8518,57.4844,70.7190,16.6626,12.8555,20.9944,16.8752,13.1627,52.9574,73.0699,4.3447,6.8277,100.7016,17.9113,15.5277,12.6219,17.4047,27.9902,19.3388,56.4243,27.2374,90.0371,96.5830,87.3836,49.0907,113.3826,38.3267,96.7375,109.3978,138.2503,107.4557,103.1448,17.7636,55.0356,47.6989,16.4234,31.0552,41.3568,57.9298,54.2889,79.8692,62.7827,66.0471,58.8915,112.4905,97.4145,81.9146,22.5283,99.5374,24.4680,90.0767,81.2440,81.3184,81.3915,81.4649,81.5394,81.5800,81.6540,81.7292,81.8057,81.8825,81.9604,82.0398,82.1206,82.2030,82.2870,82.3726,82.4599,82.5490,82.6399,82.7327,82.8274,82.9240,83.0227,83.1234,83.2262,83.3312,83.4383,83.5477,83.6593,83.7731,83.8892,84.0076,84.1283,84.2513,84.3765,84.5040,84.6336,84.7654,84.8993,85.0353,85.1731,85.3129,85.4543,85.5973,85.7418,85.8877,86.0347,86.1826,86.2201,86.3728
45117.6666667,2.7476,7.8949,18.0594,14.5956,111.9657,23.7810,22.9947,8.3002,70.6724,21.9803,17.0186,18.7178,11.9438,17.3944,14.5605,16.2151,19.0377,17.8882,13.3605,9.7838,13.1726,6.2105,7.8653,12.8205,7.9632,87.3473,8.3253,2.5019,12.8704,4.3462,32.0520,8.0990,7.5149,19.7630,26.0448,16.7585,70.7269,69.5540,17.7537,24.6996,18.6336,22.1645,17.5447,21.8142,110.5302,57.7733,15.9064,66.9306,9.6957,16.1279,18.8329,63.1452,65.5786,21.7385,16.9727,9.0740,10.2676,14.1022,88.1707,22.5240,22.6223,19.0306,17.5970,14.4500,55.3104,16.5337,57.2772,55.0294,-6.5255,2.5832,9.1079,61.4978,9.9291,2.7983,16.7897,70.2950,16.2456,17.0291,36.5707,110.7712,129.2896,110.8499,26.8297,22.7809,84.7844,19.3938,90.4468,78.4372,90.1529,21.2259,20.3475,97.3146,98.9325,81.0289,10.4596,14.9899,18.7670,30.9473,22.5936,19.6138,20.5333,78.7670,17.9916,64.6297,80.7183,88.2333,74.5479,77.7738,33.3336,62.0293,33.7086,6.3117,13.7196,15.5434,18.3819,22.2112,9.6720,21.2234,15.3120,15.2524,3.4193,53.9629,8.7309,49.9256,13.3907,57.6751,52.0316,71.9465,52.1240,10.0779,6.3659,33.4232,12.7097,15.7375,71.1108,47.4222,45.5243,56.7420,44.9945,39.3080,6.9044,52.1927,10.1396,41.9637,17.7268,2.3357,12.3540,81.3486,9.6640,7.4222,9.6246,5.3721,6.5219,10.7942,44.5260,75.6922,72.9161,15.4605,19.9664,38.8121,92.4132,79.5805,78.2565,89.0323,112.7848,19.7952,83.6899,18.4611,43.8404,37.7764,2.9365,23.8648,9.5236,46.4028,43.4376,64.5867,50.1491,52.9188,13.9562,91.8655,79.1540,66.0093,64.4504,80.4083,19.6182,72.9087,65.6049,65.6819,65.7577,65.8336,65.9105,65.9527,66.0290,66.1064,66.1851,66.2640,66.3439,66.4253,66.5080,66.5923,66.6782,66.7656,66.8548,66.9456,67.0383,67.1328,67.2292,67.3276,67.4280,67.5305,67.6350,67.7417,67.8507,67.9618,68.0752,68.1909,68.3089,68.4292,68.5519,68.6769,68.8041,68.9337,69.0655,69.1996,69.3357,69.4740,69.6143,69.7564,69.9004,70.0460,70.1931,70.3416,70.4913,70.6421,70.6801,70.8357
45117.7083333,2.7463,7.1006,11.3951,10.5509,16.8768,16.6214,15.7595,6.9074,28.3565,15.4045,12.3073,12.9109,8.2252,12.0727,18.2525,11.2684,13.6932,12.7732,9.3852,4.5762,11.1106,5.2219,5.5268,7.3930,6.9386,62.8607,10.2328,2.4996,10.0018,4.7276,7.6724,6.2532,7.8602,10.1133,13.7532,7.6130,22.6843,49.1460,14.5541,18.0845,14.1018,16.2495,11.5220,14.8420,80.2323,40.9435,11.1569,46.8556,5.4333,10.6368,13.5215,19.8709,46.5156,15.6769,5.6916,9.9384,10.7349,9.9799,34.7133,16.0438,16.3512,13.2485,9.2477,12.9382,9.7624,8.5973,39.9913,21.5654,-4.5174,1.7521,8.2742,14.1395,6.5433,1.9250,11.3319,16.8014,11.4126,13.6730,13.0856,77.5862,43.2281,80.2117,19.3003,16.0047,59.2167,13.4707,64.6751,55.3742,63.9433,15.1173,14.8728,69.5479,71.1542,20.5286,7.6495,10.6714,13.3282,21.5868,16.0756,13.8538,14.8142,56.1445,12.8573,25.3296,15.9449,64.3187,53.9719,55.9608,23.2653,44.8392,23.7731,4.5233,11.4848,11.2140,13.3115,18.8009,6.3435,15.3551,11.2236,10.9067,3.5755,38.0359,6.3615,35.0974,22.6407,40.6455,36.9025,51.6580,36.5097,4.1135,5.3865,22.6833,10.7527,9.3362,49.9483,32.7887,31.4872,40.0579,31.1954,11.3447,6.4901,10.5617,7.4326,29.1391,12.7808,2.3302,3.8148,18.8646,11.1937,6.0586,6.9459,4.0709,4.6513,4.4132,30.5524,20.0383,14.7824,11.1767,11.0005,26.8682,66.5967,21.3744,32.2341,64.0053,81.1881,13.5738,59.8615,20.3727,30.6799,26.2542,3.7054,15.8923,6.5342,19.8084,30.6799,46.1086,35.1385,37.2594,9.9720,66.4447,56.8243,46.7713,45.3633,57.0363,13.5820,52.0207,46.6917,46.7710,46.8490,46.9271,47.0062,47.0506,47.1291,47.2086,47.2894,47.3703,47.4522,47.5355,47.6201,47.7063,47.7939,47.8831,47.9739,48.0664,48.1606,48.2566,48.3544,48.4542,48.5558,48.6595,48.7652,48.8730,48.9830,49.0950,49.2093,49.3258,49.4445,49.5655,49.6887,49.8142,49.9419,50.0719,50.2040,50.3383,50.4747,50.6130,50.7534,50.8955,51.0394,51.1850,51.3319,51.4803,51.6298,51.7802,51.8181,51.9734
45117.7500000,1.8545,4.3542,5.7817,5.3940,9.4381,7.5153,6.8009,3.5332,6.6348,6.9147,6.2155,5.6448,3.5754,5.3721,4.9007,5.0375,6.4407,5.9422,4.2804,3.0139,7.0039,2.9288,2.7210,4.4375,4.6791,10.2576,4.4774,1.6850,5.6694,2.0990,4.0288,2.3652,3.4902,5.2499,5.7141,4.2888,6.3309,10.3249,2.4880,8.7032,7.5429,7.9662,4.7245,6.2544,18.7535,6.6802,5.0674,6.0703,3.0616,4.3542,6.4867,6.2953,10.2569,7.3883,2.8128,3.4913,3.5260,5.7014,9.6097,7.3632,7.6878,5.8769,3.3398,2.2373,4.2111,3.0161,8.1094,6.5568,-1.6477,0.9622,4.3945,4.2775,3.5343,1.0527,4.8623,6.1589,5.0210,6.5366,4.3594,8.1396,14.6517,12.8929,9.0027,7.2302,6.2528,5.9466,9.7416,7.4109,8.4218,6.9477,7.9371,10.6422,10.4428,7.8699,3.8631,5.4734,6.2302,9.4958,7.4459,6.3252,6.7683,12.2386,5.9245,8.2403,9.1048,16.1119,13.3661,13.1399,5.9762,11.4983,6.4866,2.2859,6.3689,5.4301,6.3998,6.4965,4.0538,7.2090,5.8328,6.1075,1.3084,5.8334,3.2644,5.6835,6.1628,6.2882,6.1933,12.1696,5.5047,1.9777,3.5328,3.0897,3.6627,4.5937,9.9119,6.6128,6.4904,8.9146,6.5945,3.7572,2.6255,5.6200,3.8168,6.4405,5.9328,1.5620,2.5306,7.5154,4.9322,3.9647,3.5071,1.3250,2.3253,1.6243,4.4322,7.0478,7.8469,7.4395,6.7476,4.4069,15.2195,9.1507,9.1889,10.3730,12.3941,7.3029,13.1930,6.0153,5.3009,6.1101,1.1578,2.7598,2.9374,6.3158,5.7490,10.6617,7.6572,8.2625,4.7051,11.4000,12.9975,7.0765,9.3789,8.0471,5.9916,8.3376,7.6471,7.7425,7.8392,7.9385,8.0411,8.1231,8.2308,8.3422,8.4577,8.5767,8.6999,11.0728,11.1316,11.1913,11.2520,11.3138,11.3768,11.4408,11.5060,11.5725,11.6402,11.7091,11.7794,11.8510,11.9240,11.9984,12.0742,12.1515,12.2302,12.3105,12.3922,12.4754,12.5601,12.6463,12.7341,12.8232,12.9139,13.0060,13.0994,13.1942,13.2903,13.3875,13.4860,13.5855,13.6859,13.7872,13.8893,13.9920,14.0192,14.1250
45117.7916667,1.7166,4.2313,5.3601,4.9934,8.6401,6.7620,6.0901,3.4157,6.1974,6.2136,5.6056,5.0524,3.3101,4.7770,4.3999,4.5252,5.8148,5.3334,3.9038,2.8178,6.6271,2.6194,2.5193,4.0998,4.3326,8.9818,4.1461,1.5604,5.2842,1.7207,3.9414,2.1903,2.8422,4.4024,4.2909,3.6962,5.7998,6.2846,2.2761,7.8758,6.8351,7.2296,4.1944,5.5714,12.6835,5.8658,4.5641,5.1404,2.8321,3.8741,5.8758,5.5496,6.6407,6.7502,2.6054,2.9581,3.1204,4.8040,8.7675,6.5714,6.8807,5.2246,2.3002,2.0723,3.3532,2.7941,8.4473,6.6816,-1.4402,0.8899,4.0997,4.0131,3.2484,0.9685,4.3068,5.7060,4.6518,5.4671,3.8165,6.0225,12.7481,11.2010,8.1402,6.5084,5.1111,5.3469,8.2810,6.1826,7.3665,6.2347,7.6868,8.7039,9.5793,7.0137,3.6308,4.6549,5.6355,8.5348,6.7094,5.7073,6.2644,12.7174,5.3846,5.8650,8.7402,16.4139,8.7584,8.2870,4.1332,7.7445,6.3315,2.0834,5.9436,4.9199,5.7993,6.4789,3.8119,6.5596,5.4000,5.7735,1.1999,5.2592,2.9888,4.9894,4.0847,5.7922,5.6808,7.7178,4.7889,1.8757,3.3456,2.9442,3.6273,4.4998,5.4364,3.7588,6.6766,9.1433,6.7534,3.2969,2.1060,5.3648,3.5324,6.5298,5.4563,1.4483,2.3464,6.9130,4.5600,3.4416,3.1923,1.2097,2.1164,1.5709,3.8885,6.5190,7.2640,7.0020,6.3154,3.8366,9.7842,7.1082,9.1480,9.0371,10.6897,6.9033,8.7579,5.8801,5.2561,6.1186,1.0524,2.4200,2.6503,5.5052,5.0214,10.9174,4.9127,5.3533,4.2624,9.9797,13.4034,6.1535,5.6056,6.9038,5.3974,7.2122,6.6100,6.6785,6.7478,6.8192,7.2857,6.9283,7.0034,7.0816,7.1630,7.2473,7.3353,7.4275,7.5241,7.6256,7.7324,7.8449,7.9507,8.0737,8.2036,8.3410,8.4866,8.6410,8.8049,8.9792,9.1647,9.3623,9.5732,12.3406,12.4138,12.4884,12.5644,12.6417,12.7205,12.8006,12.8822,12.9651,13.0494,13.1350,13.2218,13.3100,13.3993,13.4897,13.5812,13.6736,13.7670,13.8612,13.9560,14.0515,14.0768,14.1751
45117.8333333,0.6541,1.4946,1.9977,1.9025,3.2915,2.5531,2.2944,1.1489,2.2560,2.3624,2.1399,1.9093,1.2610,1.8198,1.6561,1.7068,2.1971,2.0282,1.4789,1.0471,2.3870,0.9977,0.9596,1.5615,1.6501,3.3775,1.5788,0.5942,1.9718,0.6552,1.2615,0.8340,1.0822,1.6763,1.6338,1.4074,2.2082,2.2687,0.8077,2.9740,2.6022,2.7395,1.5817,2.1146,4.4424,2.2217,1.7229,1.9027,1.0678,1.4577,2.2232,2.0689,2.3539,2.5419,0.9916,0.9829,1.1876,1.8285,3.2461,2.5012,2.6189,1.9886,0.8755,0.7888,1.2185,1.0632,1.7428,1.6846,-0.5362,0.3388,1.5415,1.4905,1.2360,0.3685,1.6386,2.1709,1.7698,2.0800,1.4520,2.2910,4.8487,4.2603,3.0775,2.4490,1.9437,2.0236,3.1338,2.3512,2.7288,2.3605,2.5729,3.2398,3.6161,2.6671,1.3433,1.7701,2.1275,3.2276,2.5275,2.1516,2.3712,2.7673,2.0416,2.1607,3.1561,4.0289,3.3299,3.1505,1.5713,2.9443,1.7620,0.7887,2.2130,1.8557,2.1886,1.8667,1.4184,2.4811,2.0220,2.0839,0.4553,1.9934,1.1318,2.0572,1.5573,2.0325,2.1444,2.9319,1.7955,0.6585,1.1957,1.0787,1.2080,1.4254,2.0657,1.4282,1.4331,2.0746,1.4890,1.2421,0.8002,1.8832,1.3287,1.5145,2.0690,0.5502,0.8914,2.6263,1.6924,1.2807,1.2100,0.4497,0.7996,0.5478,1.2394,2.3999,2.7561,2.6515,2.3684,1.4518,3.5614,2.6808,3.0197,3.3698,3.9948,2.8735,3.2220,1.8701,1.6899,1.4992,0.3985,0.9051,0.9977,1.9368,1.8907,2.5425,1.7621,1.9231,1.6060,3.7130,3.0553,2.2954,2.0404,2.5566,2.0274,2.6714,2.4447,2.4642,2.4833,2.5025,2.5219,2.5332,2.5525,2.5720,2.5919,2.6118,2.6320,2.6525,2.6733,2.6945,2.7160,2.7379,2.7603,2.7830,2.8061,2.8297,2.8537,2.8782,2.9031,2.9285,2.9544,2.9808,3.0078,3.0352,3.0631,3.0916,3.1206,3.1501,3.1802,3.2108,3.2420,3.2736,3.3058,3.3385,3.3717,3.4053,3.4394,3.4740,3.5089,3.5442,3.5799,3.6159,3.6521,3.6886,3.6984,3.7360
45117.8750000,0.0000,0.0000,0.0000,0.0000,0.0000,0.0000,0.0000,0.0000,0.0000,0.0000,0.0000,0.0000,0.0000,0.0000,0.0000,0.0000,0.0000,0.0000,0.0000,0.0000,0.0000,0.0000,0.0000,0.0000,0.0000,0.0000,0.0000,0.0000,0.0000,0.0000,0.0000,0.0000,0.0000,0.0000,0.0000,0.0000,0.0000,0.0000,0.0000,0.0000,0.0000,0.0000,0.0000,0.0000,0.0000,0.0000,0.0000,0.0000,0.0000,0.0000,0.0000,0.0000,0.0000,0.0000,0.0000,0.0000,0.0000,0.0000,0.0000,0.0000,0.0000,0.0000,0.0000,0.0000,0.0000,0.0000,0.0000,0.0000,0.0000,0.0000,0.0000,0.0000,0.0000,0.0000,0.0000,0.0000,0.0000,0.0000,0.0000,0.0000,0.0000,0.0000,0.0000,0.0000,0.0000,0.0000,0.0000,0.0000,0.0000,0.0000,0.0000,0.0000,0.0000,0.0000,0.0000,0.0000,0.0000,0.0000,0.0000,0.0000,0.0000,0.0000,0.0000,0.0000,0.0000,0.0000,0.0000,0.0000,0.0000,0.0000,0.0000,0.0000,0.0000,0.0000,0.0000,0.0000,0.0000,0.0000,0.0000,0.0000,0.0000,0.0000,0.0000,0.0000,0.0000,0.0000,0.0000,0.0000,0.0000,0.0000,0.0000,0.0000,0.0000,0.0000,0.0000,0.0000,0.0000,0.0000,0.0000,0.0000,0.0000,0.0000,0.0000,0.0000,0.0000,0.0000,0.0000,0.0000,0.0000,0.0000,0.0000,0.0000,0.0000,0.0000,0.0000,0.0000,0.0000,0.0000,0.0000,0.0000,0.0000,0.0000,0.0000,0.0000,0.0000,0.0000,0.0000,0.0000,0.0000,0.0000,0.0000,0.0000,0.0000,0.0000,0.0000,0.0000,0.0000,0.0000,0.0000,0.0000,0.0000,0.0000,0.0000,0.0000,0.0000,0.0000,0.0000,0.0000,0.0000,0.0000,0.0000,0.0000,0.0000,0.0000,0.0000,0.0000,0.0000,0.0000,0.0000,0.0000,0.0000,0.0000,0.0000,0.0000,0.0000,0.0000,0.0000,0.0000,0.0000,0.0000,0.0000,0.0000,0.0000,0.0000,0.0000,0.0000,0.0000,0.0000,0.0000,0.0000,0.0000,0.0000,0.0000,0.0000,0.0000,0.0000,0.0000,0.0000,0.0000,0.0000,0.0000,0.0000,0.0000,0.0000,0.0000,0.0000
45117.9166667,0.0000,0.0000,0.0000,0.0000,0.0000,0.0000,0.0000,0.0000,0.0000,0.0000,0.0000,0.0000,0.0000,0.0000,0.0000,0.0000,0.0000,0.0000,0.0000,0.0000,0.0000,0.0000,0.0000,0.0000,0.0000,0.0000,0.0000,0.0000,0.0000,0.0000,0.0000,0.0000,0.0000,0.0000,0.0000,0.0000,0.0000,0.0000,0.0000,0.0000,0.0000,0.0000,0.0000,0.0000,0.0000,0.0000,0.0000,0.0000,0.0000,0.0000,0.0000,0.0000,0.0000,0.0000,0.0000,0.0000,0.0000,0.0000,0.0000,0.0000,0.0000,0.0000,0.0000,0.0000,0.0000,0.0000,0.0000,0.0000,0.0000,0.0000,0.0000,0.0000,0.0000,0.0000,0.0000,0.0000,0.0000,0.0000,0.0000,0.0000,0.0000,0.0000,0.0000,0.0000,0.0000,0.0000,0.0000,0.0000,0.0000,0.0000,0.0000,0.0000,0.0000,0.0000,0.0000,0.0000,0.0000,0.0000,0.0000,0.0000,0.0000,0.0000,0.0000,0.0000,0.0000,0.0000,0.0000,0.0000,0.0000,0.0000,0.0000,0.0000,0.0000,0.0000,0.0000,0.0000,0.0000,0.0000,0.0000,0.0000,0.0000,0.0000,0.0000,0.0000,0.0000,0.0000,0.0000,0.0000,0.0000,0.0000,0.0000,0.0000,0.0000,0.0000,0.0000,0.0000,0.0000,0.0000,0.0000,0.0000,0.0000,0.0000,0.0000,0.0000,0.0000,0.0000,0.0000,0.0000,0.0000,0.0000,0.0000,0.0000,0.0000,0.0000,0.0000,0.0000,0.0000,0.0000,0.0000,0.0000,0.0000,0.0000,0.0000,0.0000,0.0000,0.0000,0.0000,0.0000,0.0000,0.0000,0.0000,0.0000,0.0000,0.0000,0.0000,0.0000,0.0000,0.0000,0.0000,0.0000,0.0000,0.0000,0.0000,0.0000,0.0000,0.0000,0.0000,0.0000,0.0000,0.0000,0.0000,0.0000,0.0000,0.0000,0.0000,0.0000,0.0000,0.0000,0.0000,0.0000,0.0000,0.0000,0.0000,0.0000,0.0000,0.0000,0.0000,0.0000,0.0000,0.0000,0.0000,0.0000,0.0000,0.0000,0.0000,0.0000,0.0000,0.0000,0.0000,0.0000,0.0000,0.0000,0.0000,0.0000,0.0000,0.0000,0.0000,0.0000,0.0000,0.0000,0.0000,0.0000,0.0000,0.0000,0.0000,0.0000
45117.9583333,0.0000,0.0000,0.0000,0.0000,0.0000,0.0000,0.0000,0.0000,0.0000,0.0000,0.0000,0.0000,0.0000,0.0000,0.0000,0.0000,0.0000,0.0000,0.0000,0.0000,0.0000,0.0000,0.0000,0.0000,0.0000,0.0000,0.0000,0.0000,0.0000,0.0000,0.0000,0.0000,0.0000,0.0000,0.0000,0.0000,0.0000,0.0000,0.0000,0.0000,0.0000,0.0000,0.0000,0.0000,0.0000,0.0000,0.0000,0.0000,0.0000,0.0000,0.0000,0.0000,0.0000,0.0000,0.0000,0.0000,0.0000,0.0000,0.0000,0.0000,0.0000,0.0000,0.0000,0.0000,0.0000,0.0000,0.0000,0.0000,0.0000,0.0000,0.0000,0.0000,0.0000,0.0000,0.0000,0.0000,0.0000,0.0000,0.0000,0.0000,0.0000,0.0000,0.0000,0.0000,0.0000,0.0000,0.0000,0.0000,0.0000,0.0000,0.0000,0.0000,0.0000,0.0000,0.0000,0.0000,0.0000,0.0000,0.0000,0.0000,0.0000,0.0000,0.0000,0.0000,0.0000,0.0000,0.0000,0.0000,0.0000,0.0000,0.0000,0.0000,0.0000,0.0000,0.0000,0.0000,0.0000,0.0000,0.0000,0.0000,0.0000,0.0000,0.0000,0.0000,0.0000,0.0000,0.0000,0.0000,0.0000,0.0000,0.0000,0.0000,0.0000,0.0000,0.0000,0.0000,0.0000,0.0000,0.0000,0.0000,0.0000,0.0000,0.0000,0.0000,0.0000,0.0000,0.0000,0.0000,0.0000,0.0000,0.0000,0.0000,0.0000,0.0000,0.0000,0.0000,0.0000,0.0000,0.0000,0.0000,0.0000,0.0000,0.0000,0.0000,0.0000,0.0000,0.0000,0.0000,0.0000,0.0000,0.0000,0.0000,0.0000,0.0000,0.0000,0.0000,0.0000,0.0000,0.0000,0.0000,0.0000,0.0000,0.0000,0.0000,0.0000,0.0000,0.0000,0.0000,0.0000,0.0000,0.0000,0.0000,0.0000,0.0000,0.0000,0.0000,0.0000,0.0000,0.0000,0.0000,0.0000,0.0000,0.0000,0.0000,0.0000,0.0000,0.0000,0.0000,0.0000,0.0000,0.0000,0.0000,0.0000,0.0000,0.0000,0.0000,0.0000,0.0000,0.0000,0.0000,0.0000,0.0000,0.0000,0.0000,0.0000,0.0000,0.0000,0.0000,0.0000,0.0000,0.0000,0.0000,0.0000,0.0000,0.0000,0.0000
45118.0000000,0.0000,0.0000,0.0000,0.0000,0.0000,0.0000,0.0000,0.0000,0.0000,0.0000,0.0000,0.0000,0.0000,0.0000,0.0000,0.0000,0.0000,0.0000,0.0000,0.0000,0.0000,0.0000,0.0000,0.0000,0.0000,0.0000,0.0000,0.0000,0.0000,0.0000,0.0000,0.0000,0.0000,0.0000,0.0000,0.0000,0.0000,0.0000,0.0000,0.0000,0.0000,0.0000,0.0000,0.0000,0.0000,0.0000,0.0000,0.0000,0.0000,0.0000,0.0000,0.0000,0.0000,0.0000,0.0000,0.0000,0.0000,0.0000,0.0000,0.0000,0.0000,0.0000,0.0000,0.0000,0.0000,0.0000,0.0000,0.0000,0.0000,0.0000,0.0000,0.0000,0.0000,0.0000,0.0000,0.0000,0.0000,0.0000,0.0000,0.0000,0.0000,0.0000,0.0000,0.0000,0.0000,0.0000,0.0000,0.0000,0.0000,0.0000,0.0000,0.0000,0.0000,0.0000,0.0000,0.0000,0.0000,0.0000,0.0000,0.0000,0.0000,0.0000,0.0000,0.0000,0.0000,0.0000,0.0000,0.0000,0.0000,0.0000,0.0000,0.0000,0.0000,0.0000,0.0000,0.0000,0.0000,0.0000,0.0000,0.0000,0.0000,0.0000,0.0000,0.0000,0.0000,0.0000,0.0000,0.0000,0.0000,0.0000,0.0000,0.0000,0.0000,0.0000,0.0000,0.0000,0.0000,0.0000,0.0000,0.0000,0.0000,0.0000,0.0000,0.0000,0.0000,0.0000,0.0000,0.0000,0.0000,0.0000,0.0000,0.0000,0.0000,0.0000,0.0000,0.0000,0.0000,0.0000,0.0000,0.0000,0.0000,0.0000,0.0000,0.0000,0.0000,0.0000,0.0000,0.0000,0.0000,0.0000,0.0000,0.0000,0.0000,0.0000,0.0000,0.0000,0.0000,0.0000,0.0000,0.0000,0.0000,0.0000,0.0000,0.0000,0.0000,0.0000,0.0000,0.0000,0.0000,0.0000,0.0000,0.0000,0.0000,0.0000,0.0000,0.0000,0.0000,0.0000,0.0000,0.0000,0.0000,0.0000,0.0000,0.0000,0.0000,0.0000,0.0000,0.0000,0.0000,0.0000,0.0000,0.0000,0.0000,0.0000,0.0000,0.0000,0.0000,0.0000,0.0000,0.0000,0.0000,0.0000,0.0000,0.0000,0.0000,0.0000,0.0000,0.0000,0.0000,0.0000,0.0000,0.0000,0.0000,0.0000,0.0000,0.0000
45118.0416667,0.0000,0.0000,0.0000,0.0000,0.0000,0.0000,0.0000,0.0000,0.0000,0.0000,0.0000,0.0000,0.0000,0.0000,0.0000,0.0000,0.0000,0.0000,0.0000,0.0000,0.0000,0.0000,0.0000,0.0000,0.0000,0.0000,0.0000,0.0000,0.0000,0.0000,0.0000,0.0000,0.0000,0.0000,0.0000,0.0000,0.0000,0.0000,0.0000,0.0000,0.0000,0.0000,0.0000,0.0000,0.0000,0.0000,0.0000,0.0000,0.0000,0.0000,0.0000,0.0000,0.0000,0.0000,0.0000,0.0000,0.0000,0.0000,0.0000,0.0000,0.0000,0.0000,0.0000,0.0000,0.0000,0.0000,0.0000,0.0000,0.0000,0.0000,0.0000,0.0000,0.0000,0.0000,0.0000,0.0000,0.0000,0.0000,0.0000,0.0000,0.0000,0.0000,0.0000,0.0000,0.0000,0.0000,0.0000,0.0000,0.0000,0.0000,0.0000,0.0000,0.0000,0.0000,0.0000,0.0000,0.0000,0.0000,0.0000,0.0000,0.0000,0.0000,0.0000,0.0000,0.0000,0.0000,0.0000,0.0000,0.0000,0.0000,0.0000,0.0000,0.0000,0.0000,0.0000,0.0000,0.0000,0.0000,0.0000,0.0000,0.0000,0.0000,0.0000,0.0000,0.0000,0.0000,0.0000,0.0000,0.0000,0.0000,0.0000,0.0000,0.0000,0.0000,0.0000,0.0000,0.0000,0.0000,0.0000,0.0000,0.0000,0.0000,0.0000,0.0000,0.0000,0.0000,0.0000,0.0000,0.0000,0.0000,0.0000,0.0000,0.0000,0.0000,0.0000,0.0000,0.0000,0.0000,0.0000,0.0000,0.0000,0.0000,0.0000,0.0000,0.0000,0.0000,0.0000,0.0000,0.0000,0.0000,0.0000,0.0000,0.0000,0.0000,0.0000,0.0000,0.0000,0.0000,0.0000,0.0000,0.0000,0.0000,0.0000,0.0000,0.0000,0.0000,0.0000,0.0000,0.0000,0.0000,0.0000,0.0000,0.0000,0.0000,0.0000,0.0000,0.0000,0.0000,0.0000,0.0000,0.0000,0.0000,0.0000,0.0000,0.0000,0.0000,0.0000,0.0000,0.0000,0.0000,0.0000,0.0000,0.0000,0.0000,0.0000,0.0000,0.0000,0.0000,0.0000,0.0000,0.0000,0.0000,0.0000,0.0000,0.0000,0.0000,0.0000,0.0000,0.0000,0.0000,0.0000,0.0000,0.0000,0.0000,0.0000,0.0000
45118.0833333,0.0000,0.0000,0.0000,0.0000,0.0000,0.0000,0.0000,0.0000,0.0000,0.0000,0.0000,0.0000,0.0000,0.0000,0.0000,0.0000,0.0000,0.0000,0.0000,0.0000,0.0000,0.0000,0.0000,0.0000,0.0000,0.0000,0.0000,0.0000,0.0000,0.0000,0.0000,0.0000,0.0000,0.0000,0.0000,0.0000,0.0000,0.0000,0.0000,0.0000,0.0000,0.0000,0.0000,0.0000,0.0000,0.0000,0.0000,0.0000,0.0000,0.0000,0.0000,0.0000,0.0000,0.0000,0.0000,0.0000,0.0000,0.0000,0.0000,0.0000,0.0000,0.0000,0.0000,0.0000,0.0000,0.0000,0.0000,0.0000,0.0000,0.0000,0.0000,0.0000,0.0000,0.0000,0.0000,0.0000,0.0000,0.0000,0.0000,0.0000,0.0000,0.0000,0.0000,0.0000,0.0000,0.0000,0.0000,0.0000,0.0000,0.0000,0.0000,0.0000,0.0000,0.0000,0.0000,0.0000,0.0000,0.0000,0.0000,0.0000,0.0000,0.0000,0.0000,0.0000,0.0000,0.0000,0.0000,0.0000,0.0000,0.0000,0.0000,0.0000,0.0000,0.0000,0.0000,0.0000,0.0000,0.0000,0.0000,0.0000,0.0000,0.0000,0.0000,0.0000,0.0000,0.0000,0.0000,0.0000,0.0000,0.0000,0.0000,0.0000,0.0000,0.0000,0.0000,0.0000,0.0000,0.0000,0.0000,0.0000,0.0000,0.0000,0.0000,0.0000,0.0000,0.0000,0.0000,0.0000,0.0000,0.0000,0.0000,0.0000,0.0000,0.0000,0.0000,0.0000,0.0000,0.0000,0.0000,0.0000,0.0000,0.0000,0.0000,0.0000,0.0000,0.0000,0.0000,0.0000,0.0000,0.0000,0.0000,0.0000,0.0000,0.0000,0.0000,0.0000,0.0000,0.0000,0.0000,0.0000,0.0000,0.0000,0.0000,0.0000,0.0000,0.0000,0.0000,0.0000,0.0000,0.0000,0.0000,0.0000,0.0000,0.0000,0.0000,0.0000,0.0000,0.0000,0.0000,0.0000,0.0000,0.0000,0.0000,0.0000,0.0000,0.0000,0.0000,0.0000,0.0000,0.0000,0.0000,0.0000,0.0000,0.0000,0.0000,0.0000,0.0000,0.0000,0.0000,0.0000,0.0000,0.0000,0.0000,0.0000,0.0000,0.0000,0.0000,0.0000,0.0000,0.0000,0.0000,0.0000,0.0000,0.0000,0.0000,0.0000
45118.1250000,0.0000,0.0000,0.0000,0.0000,0.0000,0.0000,0.0000,0.0000,0.0000,0.0000,0.0000,0.0000,0.0000,0.0000,0.0000,0.0000,0.0000,0.0000,0.0000,0.0000,0.0000,0.0000,0.0000,0.0000,0.0000,0.0000,0.0000,0.0000,0.0000,0.0000,0.0000,0.0000,0.0000,0.0000,0.0000,0.0000,0.0000,0.0000,0.0000,0.0000,0.0000,0.0000,0.0000,0.0000,0.0000,0.0000,0.0000,0.0000,0.0000,0.0000,0.0000,0.0000,0.0000,0.0000,0.0000,0.0000,0.0000,0.0000,0.0000,0.0000,0.0000,0.0000,0.0000,0.0000,0.0000,0.0000,0.0000,0.0000,0.0000,0.0000,0.0000,0.0000,0.0000,0.0000,0.0000,0.0000,0.0000,0.0000,0.0000,0.0000,0.0000,0.0000,0.0000,0.0000,0.0000,0.0000,0.0000,0.0000,0.0000,0.0000,0.0000,0.0000,0.0000,0.0000,0.0000,0.0000,0.0000,0.0000,0.0000,0.0000,0.0000,0.0000,0.0000,0.0000,0.0000,0.0000,0.0000,0.0000,0.0000,0.0000,0.0000,0.0000,0.0000,0.0000,0.0000,0.0000,0.0000,0.0000,0.0000,0.0000,0.0000,0.0000,0.0000,0.0000,0.0000,0.0000,0.0000,0.0000,0.0000,0.0000,0.0000,0.0000,0.0000,0.0000,0.0000,0.0000,0.0000,0.0000,0.0000,0.0000,0.0000,0.0000,0.0000,0.0000,0.0000,0.0000,0.0000,0.0000,0.0000,0.0000,0.0000,0.0000,0.0000,0.0000,0.0000,0.0000,0.0000,0.0000,0.0000,0.0000,0.0000,0.0000,0.0000,0.0000,0.0000,0.0000,0.0000,0.0000,0.0000,0.0000,0.0000,0.0000,0.0000,0.0000,0.0000,0.0000,0.0000,0.0000,0.0000,0.0000,0.0000,0.0000,0.0000,0.0000,0.0000,0.0000,0.0000,0.0000,0.0000,0.0000,0.0000,0.0000,0.0000,0.0000,0.0000,0.0000,0.0000,0.0000,0.0000,0.0000,0.0000,0.0000,0.0000,0.0000,0.0000,0.0000,0.0000,0.0000,0.0000,0.0000,0.0000,0.0000,0.0000,0.0000,0.0000,0.0000,0.0000,0.0000,0.0000,0.0000,0.0000,0.0000,0.0000,0.0000,0.0000,0.0000,0.0000,0.0000,0.0000,0.0000,0.0000,0.0000,0.0000,0.0000,0.0000,0.0000
45118.1666667,0.0000,0.0000,0.0000,0.0000,0.0000,0.0000,0.0000,0.0000,0.0000,0.0000,0.0000,0.0000,0.0000,0.0000,0.0000,0.0000,0.0000,0.0000,0.0000,0.0000,0.0000,0.0000,0.0000,0.0000,0.0000,0.0000,0.0000,0.0000,0.0000,0.0000,0.0000,0.0000,0.0000,0.0000,0.0000,0.0000,0.0000,0.0000,0.0000,0.0000,0.0000,0.0000,0.0000,0.0000,0.0000,0.0000,0.0000,0.0000,0.0000,0.0000,0.0000,0.0000,0.0000,0.0000,0.0000,0.0000,0.0000,0.0000,0.0000,0.0000,0.0000,0.0000,0.0000,0.0000,0.0000,0.0000,0.0000,0.0000,0.0000,0.0000,0.0000,0.0000,0.0000,0.0000,0.0000,0.0000,0.0000,0.0000,0.0000,0.0000,0.0000,0.0000,0.0000,0.0000,0.0000,0.0000,0.0000,0.0000,0.0000,0.0000,0.0000,0.0000,0.0000,0.0000,0.0000,0.0000,0.0000,0.0000,0.0000,0.0000,0.0000,0.0000,0.0000,0.0000,0.0000,0.0000,0.0000,0.0000,0.0000,0.0000,0.0000,0.0000,0.0000,0.0000,0.0000,0.0000,0.0000,0.0000,0.0000,0.0000,0.0000,0.0000,0.0000,0.0000,0.0000,0.0000,0.0000,0.0000,0.0000,0.0000,0.0000,0.0000,0.0000,0.0000,0.0000,0.0000,0.0000,0.0000,0.0000,0.0000,0.0000,0.0000,0.0000,0.0000,0.0000,0.0000,0.0000,0.0000,0.0000,0.0000,0.0000,0.0000,0.0000,0.0000,0.0000,0.0000,0.0000,0.0000,0.0000,0.0000,0.0000,0.0000,0.0000,0.0000,0.0000,0.0000,0.0000,0.0000,0.0000,0.0000,0.0000,0.0000,0.0000,0.0000,0.0000,0.0000,0.0000,0.0000,0.0000,0.0000,0.0000,0.0000,0.0000,0.0000,0.0000,0.0000,0.0000,0.0000,0.0000,0.0000,0.0000,0.0000,0.0000,0.0000,0.0000,0.0000,0.0000,0.0000,0.0000,0.0000,0.0000,0.0000,0.0000,0.0000,0.0000,0.0000,0.0000,0.0000,0.0000,0.0000,0.0000,0.0000,0.0000,0.0000,0.0000,0.0000,0.0000,0.0000,0.0000,0.0000,0.0000,0.0000,0.0000,0.0000,0.0000,0.0000,0.0000,0.0000,0.0000,0.0000,0.0000,0.0000,0.0000,0.0000,0.0000,0.0000
45118.2083333,0.0000,0.0000,0.0000,0.0000,0.0000,0.0000,0.0000,0.0000,0.0000,0.0000,0.0000,0.0000,0.0000,0.0000,0.0000,0.0000,0.0000,0.0000,0.0000,0.0000,0.0000,0.0000,0.0000,0.0000,0.0000,0.0000,0.0000,0.0000,0.0000,0.0000,0.0000,0.0000,0.0000,0.0000,0.0000,0.0000,0.0000,0.0000,0.0000,0.0000,0.0000,0.0000,0.0000,0.0000,0.0000,0.0000,0.0000,0.0000,0.0000,0.0000,0.0000,0.0000,0.0000,0.0000,0.0000,0.0000,0.0000,0.0000,0.0000,0.0000,0.0000,0.0000,0.0000,0.0000,0.0000,0.0000,0.0000,0.0000,0.0000,0.0000,0.0000,0.0000,0.0000,0.0000,0.0000,0.0000,0.0000,0.0000,0.0000,0.0000,0.0000,0.0000,0.0000,0.0000,0.0000,0.0000,0.0000,0.0000,0.0000,0.0000,0.0000,0.0000,0.0000,0.0000,0.0000,0.0000,0.0000,0.0000,0.0000,0.0000,0.0000,0.0000,0.0000,0.0000,0.0000,0.0000,0.0000,0.0000,0.0000,0.0000,0.0000,0.0000,0.0000,0.0000,0.0000,0.0000,0.0000,0.0000,0.0000,0.0000,0.0000,0.0000,0.0000,0.0000,0.0000,0.0000,0.0000,0.0000,0.0000,0.0000,0.0000,0.0000,0.0000,0.0000,0.0000,0.0000,0.0000,0.0000,0.0000,0.0000,0.0000,0.0000,0.0000,0.0000,0.0000,0.0000,0.0000,0.0000,0.0000,0.0000,0.0000,0.0000,0.0000,0.0000,0.0000,0.0000,0.0000,0.0000,0.0000,0.0000,0.0000,0.0000,0.0000,0.0000,0.0000,0.0000,0.0000,0.0000,0.0000,0.0000,0.0000,0.0000,0.0000,0.0000,0.0000,0.0000,0.0000,0.0000,0.0000,0.0000,0.0000,0.0000,0.0000,0.0000,0.0000,0.0000,0.0000,0.0000,0.0000,0.0000,0.0000,0.0000,0.0000,0.0000,0.0000,0.0000,0.0000,0.0000,0.0000,0.0000,0.0000,0.0000,0.0000,0.0000,0.0000,0.0000,0.0000,0.0000,0.0000,0.0000,0.0000,0.0000,0.0000,0.0000,0.0000,0.0000,0.0000,0.0000,0.0000,0.0000,0.0000,0.0000,0.0000,0.0000,0.0000,0.0000,0.0000,0.0000,0.0000,0.0000,0.0000,0.0000,0.0000,0.0000,0.0000,0.0000
45118.2500000,0.2463,0.5621,0.7518,0.7153,1.2366,0.9599,0.8628,0.4329,0.8490,0.8812,0.7963,0.7188,0.4760,0.6853,0.6235,0.6431,0.8274,0.7640,0.5579,0.3957,0.8979,0.3757,0.3621,0.5879,0.6213,1.2695,0.5940,0.2242,0.7423,0.2474,0.4751,0.3138,0.4073,0.6310,0.6146,0.5299,0.8304,0.8532,0.3043,1.1179,0.9780,1.0297,0.5945,0.7946,1.6677,0.8309,0.6478,0.7144,0.4030,0.5472,0.8357,0.7781,0.8852,0.9543,0.3737,0.3695,0.4467,0.6870,1.2189,0.9397,0.9840,0.7474,0.3290,0.2963,0.4581,0.3994,0.6538,0.6307,-0.1987,0.1282,0.5781,0.5585,0.4631,0.1388,0.6136,0.8128,0.6628,0.7786,0.5435,0.8572,1.8139,1.5939,1.1514,0.9164,0.7272,0.7572,1.1724,0.8797,1.0208,0.8832,0.9625,1.2119,1.3525,0.9976,0.5027,0.6622,0.7958,1.2023,0.9440,0.8047,0.8869,1.0349,0.7648,0.8093,1.1817,1.5083,1.2470,1.1797,0.5898,1.1153,0.6613,0.2965,0.8263,0.6952,0.8187,0.6992,0.5315,0.9278,0.7570,0.7802,0.1716,0.7466,0.4242,0.7020,0.5809,0.7610,0.8031,1.0972,0.6723,0.2471,0.4480,0.4043,0.4526,0.5337,0.7729,0.5348,0.5367,0.7766,0.5576,0.4653,0.2998,0.6997,0.4943,0.5667,0.7735,0.2065,0.3342,0.9823,0.6332,0.4792,0.4531,0.1692,0.3000,0.2053,0.4640,0.8976,1.0309,0.9590,0.8860,0.5360,1.3318,0.9996,1.0093,1.2567,1.4888,0.9350,1.1243,0.6997,0.6326,0.5613,0.1498,0.3395,0.3737,0.7248,0.7076,0.9508,0.6592,0.7193,0.6007,1.3878,1.1421,0.8581,0.7628,0.9555,0.7578,0.9985,0.9138,0.9211,0.9282,0.9353,0.9426,0.9468,0.9540,0.9613,0.9687,0.9761,0.9836,0.9913,0.9990,1.0069,1.0150,1.0232,1.0315,1.0400,1.0486,1.0574,1.0664,1.0755,1.0848,1.0943,1.1040,1.1139,1.1239,1.1342,1.1446,1.1553,1.1661,1.1771,1.1884,1.1998,1.2115,1.2233,1.2353,1.2476,1.2600,1.2726,1.2853,1.2982,1.3113,1.3245,1.3379,1.3513,1.3649,1.3785,1.3822,1.3963
45118.2916667,1.2279,2.8027,3.7484,3.5671,6.1671,4.8448,4.3030,2.1592,4.2779,4.4134,3.9903,3.5915,2.3983,3.4325,3.1100,3.2075,4.2794,3.8240,2.7866,1.9738,4.4789,1.8742,1.8063,3.1308,3.1903,6.4121,2.9736,1.1190,3.7397,1.2585,2.3751,1.5725,2.3472,3.4753,3.0676,2.6448,4.1885,4.3204,1.7090,5.6285,4.8821,5.1594,2.9683,3.9676,8.3272,4.1490,3.2349,3.5673,2.0124,2.7327,4.2851,3.9343,4.6755,4.7852,1.8666,1.8769,2.2312,3.4535,6.1070,4.7395,4.9767,3.7425,1.6439,1.4808,2.9855,1.9970,3.2701,3.1553,-0.9868,0.6452,2.8945,2.8160,2.3438,0.6979,3.1418,4.0856,3.3492,3.9466,2.8379,4.2870,9.1695,8.0072,5.8175,5.6004,3.6383,3.7889,5.8652,4.4009,5.1065,4.4186,4.8145,6.0616,6.7658,4.9905,2.5147,3.3126,3.9811,6.0148,4.7279,4.0812,4.4638,5.1777,3.8263,4.1473,6.0348,9.7509,8.0681,7.8713,3.5994,6.9674,3.9421,1.4855,4.2086,3.4785,4.1916,3.7192,2.6796,4.6669,3.8284,3.9415,0.8592,3.8276,2.1369,3.5140,2.9080,3.9855,4.0336,5.5345,3.3659,1.2417,2.2639,2.0675,2.3395,3.9751,3.9224,2.8366,2.6913,4.5421,3.8581,2.3297,1.5014,3.5593,2.5090,2.8376,3.8730,1.0341,1.6733,4.9189,3.1890,2.4232,2.2902,0.8473,1.5045,1.0677,2.3381,4.5134,5.1843,4.8033,4.4799,2.6847,6.6702,5.0065,5.5914,6.3249,7.5986,4.7102,5.7397,3.5406,3.2409,2.9812,0.7519,2.1181,1.8754,3.6672,3.5585,5.3879,3.3500,3.6192,3.0373,6.9765,5.7471,4.3078,3.8727,4.8384,3.8140,5.0136,4.5894,4.6267,4.6635,4.7005,4.7381,4.7605,4.7972,4.8354,4.8743,4.9135,4.9533,4.9940,5.0356,5.0782,5.1217,5.1679,5.2139,5.2611,5.3095,5.3593,5.4106,5.4635,5.5179,5.5741,5.7828,5.6805,5.7410,5.8036,5.8683,5.9353,6.0048,6.0768,6.1515,6.2292,6.1681,6.4188,6.5096,6.6045,6.7040,6.8083,6.9178,7.0330,7.1543,7.2822,7.4172,8.4110,8.4788,8.5471,8.5654,8.6358
45118.3333333,2.3691,5.4076,7.4454,6.8830,11.9005,9.7004,8.3040,4.1668,9.2313,8.9904,8.0997,7.3709,4.8786,6.8963,6.0019,6.2536,17.5393,7.7521,7.6523,3.9359,9.6343,3.8281,3.4865,8.5427,7.2634,12.3491,6.0570,2.1602,7.9863,3.0166,5.6628,4.1893,13.3686,11.0176,7.1105,5.1646,8.7317,10.4540,3.9754,12.1002,9.4268,10.4663,5.7318,7.6618,17.1460,9.0981,6.2470,6.8890,3.8863,6.4028,11.2070,10.3407,18.7637,10.5675,3.8644,5.5608,5.5307,7.9114,13.1596,9.6194,13.4569,7.6984,3.1750,2.8600,8.4985,3.8583,15.3665,8.2063,-3.9465,1.2572,6.4239,5.9645,6.3244,1.3673,6.6009,9.2636,6.6637,8.0638,5.8568,9.6324,18.1135,17.6848,11.8138,21.9714,7.0395,8.0952,11.8988,8.5156,9.8793,8.5508,11.1258,11.7254,15.8422,13.8830,5.5539,6.7771,8.1035,12.4872,9.5114,11.3360,8.7279,12.3361,7.8220,17.9838,15.0609,27.9584,23.2322,23.3981,9.9578,19.6072,10.5585,3.5431,9.0074,6.9534,10.5016,15.6834,5.3487,9.0631,8.3759,8.3423,1.6689,15.3293,4.1798,7.7062,5.9273,8.3164,8.7287,11.6447,7.5036,2.5105,4.9176,5.2416,10.4644,13.2551,7.7384,6.0521,5.3413,16.1159,12.0989,4.6249,2.9046,6.8852,4.8535,5.7467,8.0043,2.0007,3.7159,9.8122,6.3732,5.4739,4.4345,1.6454,2.9505,2.2486,4.9648,9.1213,11.3906,9.4478,9.5836,5.4037,27.5098,10.5432,16.4504,12.2342,18.0462,10.8684,11.5477,9.7531,8.2952,10.6591,1.5019,6.1835,3.7826,9.3365,7.6189,19.0278,6.6773,7.9395,6.1305,14.9616,12.5956,8.7443,7.4701,9.5053,7.3833,10.2076,9.3561,9.4456,9.5448,9.6458,9.7496,9.8257,9.9329,10.0434,10.1572,10.2737,10.3937,10.5176,10.6456,10.7780,10.9150,11.0568,11.2037,11.3559,10.6757,11.7290,11.9034,12.0846,12.2731,12.4691,12.6730,12.8854,13.1065,13.3368,13.5769,13.8271,14.0880,14.3601,14.6441,14.9403,15.2496,15.5724,15.9096,16.2617,22.3008,22.4218,22.5444,22.6686,22.7943,22.9214,23.0498,23.1792,23.3097,23.4410,23.4758,23.6112
45118.3750000,2.8898,6.5966,9.7042,8.3970,27.7690,15.0187,10.1318,11.0486,18.8045,13.8912,12.4072,9.4540,7.5698,10.5701,8.2336,9.0131,35.9763,9.8707,26.0610,4.8551,21.4533,5.8698,4.2547,13.7988,9.8222,26.4496,9.7579,2.6367,15.5356,9.1876,8.9840,15.0394,30.7149,32.7688,36.2455,30.4282,16.2494,13.8358,5.8864,23.7897,12.5314,15.7055,6.9982,10.4444,37.5564,17.5632,8.4467,8.4119,6.2470,8.3285,40.9010,36.4674,38.3821,21.4789,6.2498,22.6063,6.5571,17.9254,52.3225,14.6728,42.6062,11.9901,3.8772,3.4926,15.6382,4.7130,32.6262,31.2991,-16.2552,1.6046,26.4260,7.7694,20.7144,1.8439,13.3866,40.4661,9.7260,21.4143,8.3760,14.5455,77.6219,66.5458,17.8822,46.3021,8.6102,10.5046,14.8404,10.4173,12.0844,40.7604,49.9651,23.5413,33.1382,47.2069,11.6147,10.0382,12.2445,19.6208,14.3020,39.0369,11.6813,46.2011,11.8794,37.3947,48.1058,53.9963,45.2035,46.5226,19.4855,37.7020,20.0884,10.9475,11.8115,10.1180,36.5748,32.8697,7.8012,13.8716,17.6630,15.8240,2.1013,31.3151,5.4307,28.9080,8.5455,12.1281,30.6110,42.8991,29.8969,3.8496,10.0295,18.4041,22.5918,28.7552,15.9644,7.5431,7.5646,32.9522,25.4380,6.3078,4.1307,10.4076,23.7888,8.5115,13.9707,3.1380,7.8487,19.0127,16.0337,7.1853,23.1765,2.1098,3.6590,5.0321,5.9883,13.6437,43.0233,11.6321,18.5809,7.8762,55.1374,46.3896,28.6910,16.4762,42.2017,26.9126,19.0662,32.3039,25.2772,21.6460,3.2511,12.9796,5.3013,27.2015,25.5328,38.1817,9.1986,30.6412,9.2078,27.6707,47.0429,13.0516,9.8530,13.4308,10.5293,15.2753,14.0297,14.2502,14.4750,14.7060,14.9442,15.1524,15.4031,15.6619,15.9293,16.2045,16.4887,16.7825,17.0865,17.4009,17.7263,18.0630,18.4116,18.7725,19.1462,19.5333,19.9343,20.3497,20.7801,21.2262,21.6884,22.1675,22.6642,23.1790,23.7128,41.3600,41.4871,41.6166,41.7485,41.8826,42.0191,42.1579,42.2990,42.4423,42.5877,42.7352,42.8847,43.0361,43.1893,43.3441,43.5004,43.6581,43.8169,43.9767,44.0182,44.1830
45118.4166667,2.7972,6.3856,18.3763,15.1668,102.6864,21.7415,20.8924,9.6731,64.7875,19.8604,18.2892,16.9174,11.0757,15.5454,8.1704,13.8886,56.6022,16.3778,42.0294,5.6972,18.8270,11.7541,4.6321,15.1824,14.6969,80.4099,15.1030,11.3114,54.4831,12.8307,47.3389,20.9894,51.2682,52.8330,58.9033,49.7180,64.8005,24.0237,7.5705,73.0868,27.6836,21.0374,6.7810,9.4668,101.8999,53.0647,14.4603,13.9145,8.9225,16.8079,64.9260,57.8642,60.2013,68.4134,8.4575,34.4533,9.0114,65.8494,81.0787,20.6460,66.5451,17.3435,5.8783,6.1604,26.4197,25.8286,52.3850,50.3204,-23.5921,2.4073,42.4596,7.7658,30.0958,2.5236,11.6829,64.3748,13.9037,77.0554,12.9229,41.7754,119.0584,102.0777,24.9691,73.4407,8.3545,11.1048,14.2738,10.5021,82.6096,64.2863,79.3035,89.3283,90.9665,74.3022,43.9299,14.1294,17.3908,28.5339,19.7925,62.0587,18.8955,72.2837,16.6739,59.2126,74.2483,81.4584,68.7340,71.5699,30.5795,57.1940,30.9892,18.5666,14.0924,13.6457,57.7419,52.4602,9.5001,19.2339,59.8412,56.1729,3.0267,49.3856,8.1873,45.6616,8.1465,52.7425,47.6761,66.0781,47.5911,5.9508,35.2764,30.3107,37.0348,46.8438,64.9069,10.2577,10.0079,51.8850,40.9705,35.7026,5.5003,47.6651,38.7070,11.5841,53.5879,2.6774,26.9636,74.4305,55.6490,10.2744,38.0215,2.4440,4.8696,14.0729,8.3535,18.9624,66.8524,15.0541,64.4357,10.8976,84.9012,72.8690,71.6784,18.4016,55.3378,34.7345,33.3876,51.4448,40.0379,34.4616,4.7252,21.6054,7.1205,42.5127,39.8140,59.2792,11.9061,48.4292,12.8237,84.5486,72.7313,17.9205,58.9447,17.5235,13.8974,20.9812,19.3109,19.6901,20.0779,20.4762,20.8862,21.2719,21.7036,22.1482,22.6063,23.0771,23.5619,24.0616,24.5766,25.1074,25.6546,26.2188,26.8004,27.4002,61.7102,61.8099,61.9114,62.0150,62.1205,62.2281,62.3378,62.4496,62.5636,62.6799,62.7984,62.9191,63.0422,63.1675,63.2951,63.4251,63.5573,63.6917,63.8284,63.9672,64.1082,64.2512,64.3961,64.5429,64.6914,64.8415,64.9930,65.1459,65.2999,65.4549,65.4949,65.6546
45118.4583333,2.7003,8.6744,25.1481,104.5741,131.8912,29.4403,28.4513,13.5835,83.9000,89.8204,88.6000,22.9459,51.8220,72.0364,74.0348,18.6401,73.2947,21.6898,16.5768,7.2188,89.7325,21.6591,9.1260,11.0372,20.3218,102.6728,77.4957,14.6502,70.8563,8.5519,62.5616,24.6159,37.5229,28.3781,77.1241,65.4565,83.9892,82.5494,11.3339,93.6961,95.6800,27.4699,6.5500,10.1840,129.1942,68.6596,19.4196,32.3651,12.5615,8.2926,24.0202,75.1326,77.7695,26.5906,9.7658,13.9319,27.9039,85.9151,103.7407,87.8730,85.6701,23.3785,9.3338,8.1524,7.7689,17.4761,68.4558,65.8482,-7.6827,3.5226,17.1340,15.9938,14.1898,11.8940,17.1217,83.4949,66.7324,100.1945,18.2565,24.9224,151.0295,129.7049,108.0793,27.8726,8.0758,13.0913,106.5156,30.7050,106.5125,83.1129,102.4231,114.5474,116.1405,95.7578,15.8140,18.5259,23.2194,38.3514,25.9321,24.1080,78.2696,92.9899,71.0096,76.7917,94.9836,103.1320,87.5311,91.5001,40.2572,73.0321,40.5277,7.8560,77.7067,18.3849,74.8705,68.4379,12.9708,82.4714,77.8580,72.9767,4.1056,64.2438,45.9194,59.5526,81.6252,68.5699,61.7854,84.6759,62.1790,30.9781,46.9624,19.5419,7.7119,13.3495,33.8112,56.8894,54.6335,67.3568,15.6235,47.4247,40.9233,62.1338,51.2305,50.3272,69.5787,5.8537,36.5078,95.9905,16.7621,14.3072,11.7913,4.2806,26.4307,7.1627,12.2267,89.4898,85.8956,92.0877,23.3149,46.6755,108.3006,93.8779,28.7875,51.4038,64.7998,102.4493,98.4552,67.0580,52.4165,45.4092,4.7002,29.4783,9.4874,55.2871,51.8277,76.3090,15.2928,63.0373,17.0667,107.6155,29.0772,23.5327,21.3425,95.0559,22.9384,86.0857,77.6385,77.7169,77.7939,77.8712,77.9495,77.9937,78.0714,78.1503,78.2304,78.3108,78.3922,78.4749,78.5591,78.6448,78.7320,78.8208,78.9112,79.0034,79.0972,79.1929,79.2905,79.3899,79.4913,79.5947,79.7002,79.8077,79.9173,80.0291,80.1431,80.2593,80.3778,80.4984,80.6213,80.7464,80.8738,81.0033,81.1350,81.2689,81.4047,81.5426,81.6824,81.8240,81.9672,82.1121,82.2584,82.4060,82.5547,82.7043,82.7429,82.8972
45118.5000000,2.8121,19.7090,99.7246,118.0885,148.1629,118.5122,112.0810,16.7825,94.8914,101.4761,100.1834,88.0439,59.3781,81.7785,84.0612,75.6145,83.0663,79.2427,63.2023,50.5765,101.3642,16.1500,11.2691,19.0971,80.2329,115.5073,87.9507,6.6169,80.4134,10.7662,71.3717,14.3897,35.9914,78.5807,87.5186,74.5592,95.0063,93.3795,14.2221,105.6081,107.9397,104.5392,16.6808,14.7225,144.7946,77.8864,73.0003,90.3785,51.2169,16.6796,95.1617,85.1588,88.0148,99.6357,12.0547,17.4500,15.6922,97.2761,116.7413,99.2527,96.7556,87.4956,7.1196,10.3443,13.0161,32.9184,77.8049,74.9118,-28.6192,13.9939,63.7117,19.5678,17.8163,15.0645,20.8767,94.4675,75.8722,113.1469,22.6064,30.5373,169.0569,145.4246,121.6421,107.1617,14.5106,22.9554,119.8788,34.9030,120.0026,93.9840,115.4848,128.8175,130.4797,108.0127,66.2731,84.5972,92.6152,146.1504,104.7413,91.1650,88.5773,104.8951,80.5706,86.9919,106.9992,115.8278,98.6236,103.1138,46.3789,82.5599,46.6312,30.4093,88.0218,75.2418,84.8640,77.7812,15.7171,93.2673,88.2593,82.7905,19.7547,73.0722,52.8782,67.8758,92.6298,77.9044,70.2967,95.6183,70.8485,36.3593,54.0435,47.0231,13.7927,17.3546,95.5756,65.0556,62.5333,76.5410,61.7483,54.5350,47.4086,70.7620,58.7537,57.6821,79.0073,31.8376,42.4335,108.3235,20.3414,17.6075,14.3830,19.9651,31.1894,9.0663,14.9234,101.1133,96.9860,103.9616,94.2104,53.5927,121.7538,105.9227,104.1338,117.5398,148.1582,115.5487,110.9283,76.2162,59.9184,52.1511,19.0180,34.5428,45.4853,63.0451,59.1956,86.3350,18.3276,71.7059,64.1320,120.9346,104.9682,88.5585,86.8236,107.2694,95.6137,97.2141,87.8502,87.9316,88.0116,88.0918,88.1731,88.2188,88.2995,88.3814,88.4645,88.5479,88.6324,88.7183,88.8057,88.8946,88.9851,89.0773,89.1712,89.2668,89.3643,89.4636,89.5649,89.6681,89.7734,89.8808,89.9903,90.1020,90.2159,90.3320,90.4504,90.5711,90.6942,90.8195,90.9472,91.0773,91.2096,91.3443,91.4812,91.6203,91.7615,91.9049,92.0502,92.1974,92.3464,92.4971,92.6492,92.8027,92.9574,93.1131,93.1531,93.3137
45118.5416667,12.1393,99.1762,90.5594,106.1780,134.8674,107.8525,101.7941,65.7386,86.9181,92.7606,91.1931,80.3240,54.3389,74.7497,76.3843,69.2153,76.6194,72.9871,58.0707,46.3296,92.7536,16.2889,53.2745,19.6415,73.0753,106.9238,21.8348,4.7139,73.8790,11.2297,17.7446,8.5954,17.4476,71.7045,79.3130,67.6996,86.9171,85.6385,14.6359,97.5875,98.8449,96.1942,23.2890,27.5642,134.2777,72.1782,66.9894,82.3102,46.9195,20.2408,87.0795,78.1577,81.1908,91.5680,12.9095,16.9704,16.5789,23.7416,107.7172,91.1610,89.2489,80.0065,16.4927,11.7830,14.8878,71.2883,71.1625,68.5484,-25.0417,13.4056,58.6301,75.7306,72.5817,14.3875,22.1865,86.3738,69.5579,28.5977,23.2668,30.4564,155.9756,134.4471,111.5920,97.8605,21.6471,84.2448,110.1868,95.7965,109.4774,86.3381,105.2742,118.0952,120.2833,99.0314,60.4327,77.0667,84.6896,132.9658,95.9272,83.4897,81.7054,96.5499,74.1490,79.9167,99.1459,108.5050,92.2882,95.7908,43.7763,77.6874,44.3832,28.4514,80.9009,69.1937,78.1430,71.4023,16.9956,85.9669,23.9353,76.1550,18.6134,67.6115,48.4909,62.9017,22.8345,71.8578,65.5410,88.9262,65.3156,33.3351,14.6124,43.3678,14.8704,18.5287,87.1539,59.6004,17.2628,70.7958,56.8824,50.1763,43.1484,65.4098,53.9652,53.4342,72.9045,29.2423,39.0514,99.2631,21.7540,18.6378,53.0335,18.8126,29.1765,9.3753,15.9466,92.5815,89.7446,95.3617,86.5708,49.7174,112.6784,97.2592,95.7694,108.6412,136.2491,105.1943,102.2345,70.0637,55.6689,48.5963,17.8549,32.2388,41.8415,58.8487,55.4413,80.1140,62.9688,66.2733,59.1145,112.2524,97.1844,81.5287,79.5216,98.1608,87.0617,89.7358,81.2189,81.3280,81.4354,81.5430,81.6520,81.7140,81.8222,81.9321,82.0436,82.1554,82.2687,82.3839,82.5010,82.6202,82.7414,82.8649,82.9906,83.1186,83.2491,83.3820,83.5175,83.6556,83.7965,83.9400,84.0864,84.2356,84.3878,84.5429,84.7011,84.8623,85.0265,85.1939,85.3643,85.5378,85.7143,85.8939,86.0765,86.2620,86.4503,86.6414,86.8352,87.0314,87.2300,87.4307,87.6335,87.8380,88.0441,88.2515,88.3057,88.5196
45118.5833333,11.2022,116.0493,104.0915,22.5706,154.3376,123.5567,116.9241,17.6316,98.9066,105.7768,104.5205,91.8762,62.0885,85.3425,87.8101,78.9256,86.5263,82.5896,66.0041,52.9493,105.6397,16.3991,61.6696,84.1941,83.7965,120.0396,12.4543,3.1090,83.8433,11.4239,17.4955,12.8566,17.6245,82.0517,91.4480,77.9519,99.0491,97.3156,14.9536,109.8328,112.4439,108.8154,23.1873,109.8110,150.2960,81.0876,76.1774,94.3308,53.6125,89.3715,99.2060,88.7795,91.6495,103.7599,11.5879,17.3172,15.5765,13.1134,121.3934,103.3749,100.7028,91.2670,16.5965,12.5426,8.2292,13.6061,81.2100,78.2018,-29.4386,14.8822,66.5119,18.3613,15.7481,15.9924,92.1339,98.5016,79.1696,27.4242,23.5054,154.4254,175.5737,151.0397,126.6116,111.6976,118.9958,96.3377,124.7369,109.4669,125.0466,97.9113,120.3758,134.0687,135.6462,112.4949,69.2893,88.3258,96.5798,152.2665,109.1268,95.0481,92.2357,109.1811,83.9809,90.6656,111.2160,120.0922,102.3517,107.1430,48.3173,85.6721,48.5015,31.9168,91.7358,78.4836,88.4338,81.1451,67.0196,97.1245,22.7687,22.2821,20.9000,76.1596,55.3570,70.7666,96.8835,81.2286,73.2051,99.4290,73.9487,9.0606,56.5914,12.4677,13.7548,10.3407,99.7967,68.0649,65.4229,79.8427,64.5861,57.1319,49.8537,19.5304,15.4733,60.3291,82.4582,5.1843,7.9809,112.9710,21.0296,18.4958,60.7355,21.2345,32.8519,9.5433,64.3252,105.4953,101.0062,108.4073,98.2568,56.0545,126.6213,110.4000,108.5076,122.2784,154.1259,120.5658,115.4928,20.6388,62.5467,54.4753,20.1975,36.2504,47.6837,65.6868,61.6635,89.8471,71.2093,74.7689,66.9613,125.6243,109.1625,92.2812,90.5729,111.7950,99.7999,101.1932,91.4684,91.5445,91.6193,91.6943,91.7705,91.8129,91.8885,91.9653,92.0433,92.1215,92.2008,92.2815,92.3637,92.4473,92.5324,92.6191,92.7075,92.7975,92.8893,92.9829,93.0783,93.1756,93.2749,93.3761,93.4794,93.5847,93.6921,93.8017,93.9134,94.0273,94.1434,94.2617,94.3822,94.5049,94.6299,94.7570,94.8862,95.0175,95.1508,95.2861,95.4233,95.5623,95.7030,95.8452,95.9888,96.1338,96.2798,96.4268,96.4642,96.6158
45118.6250000,9.0501,24.0993,23.7952,19.1238,138.7135,31.4334,104.6410,14.7702,26.3997,94.6355,93.4098,81.9497,54.8840,76.0354,19.2353,70.2162,77.2603,73.6480,58.4981,46.5733,94.5310,13.5986,10.5740,74.8926,15.9000,107.9020,11.5834,2.4395,31.6338,9.4596,14.8617,6.9376,14.6845,26.7548,29.4212,69.2126,25.7156,26.0007,12.4206,98.5509,100.7411,28.2351,49.0197,98.1658,135.5648,72.3733,67.7501,84.1523,47.1786,33.6925,88.6742,79.2317,81.9340,92.9041,9.7570,8.7075,13.0714,16.9119,109.0630,92.5416,90.1886,81.4345,13.6374,10.2472,7.2773,13.5244,17.4490,69.5527,-28.1936,12.0375,16.9863,15.5596,13.2351,13.0487,22.4975,21.7000,70.4616,23.3184,19.6462,138.3623,158.4687,136.1547,34.4089,100.0032,106.3510,86.0087,112.0210,97.9553,112.1269,87.5675,107.8601,120.4581,122.0368,100.8128,13.6567,19.7930,24.4070,136.8123,29.0057,84.9034,82.4679,97.8753,74.9042,32.6444,99.8713,108.2256,91.9743,96.2063,42.6335,76.8108,42.8811,27.5505,81.9485,20.6730,78.9705,18.8780,17.1108,86.9105,19.5822,19.2618,4.6783,67.8513,11.4202,19.2738,86.2990,72.4273,65.2610,89.1793,65.7813,8.5850,22.3480,20.3691,7.0915,13.6851,89.1437,60.3380,57.9657,71.2088,16.7255,12.9088,21.1274,16.9030,13.2073,53.4318,73.5689,4.3788,6.8577,101.2509,17.9392,15.5664,12.6689,17.8390,28.4399,19.5953,56.9336,27.2739,90.5693,97.1429,87.9301,49.5829,113.9490,38.3668,97.2909,109.9580,138.8616,108.0498,103.7058,17.7964,55.5347,48.1957,16.9025,31.5492,41.8666,58.4565,54.8169,80.4368,63.3425,66.6110,59.4532,113.1038,98.0191,82.5134,22.5903,100.1700,24.5319,90.6846,81.8423,81.9181,81.9926,82.0673,82.1431,82.1851,82.2604,82.3369,82.4146,82.4925,82.5716,82.6520,82.7339,82.8173,82.9023,82.9888,83.0770,83.1670,83.2587,83.3522,83.4476,83.5449,83.6442,83.7455,83.8488,83.9543,84.0618,84.1716,84.2835,84.3977,84.5141,84.6327,84.7536,84.8767,85.0020,85.1295,85.2592,85.3910,85.5249,85.6607,85.7985,85.9380,86.0793,86.2222,86.3664,86.5120,86.6587,86.8064,86.8441,86.9965
45118.6666667,3.8282,9.3875,15.5994,13.7897,22.4062,20.2059,18.8182,8.1397,38.0208,18.6158,15.6705,15.5094,10.1022,14.6077,12.7751,13.6667,16.8400,15.6766,11.5779,8.3444,15.2364,6.6574,7.1876,11.6793,10.0796,49.3876,9.9267,3.4901,13.3976,4.4938,18.2622,6.7430,7.5339,14.9649,17.3144,12.6326,37.8320,37.6108,10.5760,22.3315,18.3301,20.3326,13.6608,17.5963,63.1331,32.6155,13.5993,35.0196,8.3900,12.5719,16.8479,34.1976,36.3617,19.3322,11.0314,7.7525,9.0900,13.2910,49.1589,19.4913,20.0228,15.9599,10.7762,9.1384,27.5010,11.1020,30.4620,29.3026,-4.7599,2.5200,10.1007,31.1199,9.1512,2.7297,13.5978,37.4901,13.9339,15.5066,20.8385,54.2875,72.3510,62.4853,23.6020,19.3690,42.3731,16.2448,49.5941,41.5094,47.7936,18.3842,18.8909,52.7968,55.0088,43.8612,9.8231,13.4143,16.4207,25.8194,19.6056,16.8654,18.1527,43.3661,15.7654,35.1633,45.7743,52.4249,44.0165,44.5667,20.1371,37.3806,21.0864,5.8857,14.7064,14.0064,16.5179,16.7416,9.8143,18.8726,14.5888,14.8274,3.3317,30.1726,8.2571,28.0513,11.8559,31.8237,30.0231,41.3048,28.6055,6.8693,7.5609,18.1012,10.1811,12.2941,37.3635,25.1815,24.4392,31.6216,24.4597,21.1442,6.1379,28.9363,9.6029,23.3432,15.7601,3.2546,8.7544,43.8108,10.9325,8.3201,8.9366,4.1137,6.0092,6.6854,23.2311,40.5945,40.9584,16.8819,17.9035,21.7349,52.1482,43.2930,42.8644,49.9501,62.0899,18.3645,46.3303,15.2358,24.8293,21.5994,2.8890,13.5366,8.0271,26.8929,25.5111,36.7237,27.6731,29.4570,12.3315,52.5601,44.7157,36.2712,34.5838,43.1486,16.3427,40.6087,36.7299,36.8421,36.9525,37.0632,37.1754,37.2394,37.3507,37.4636,37.5782,37.6931,37.8095,37.9278,38.0481,38.1704,38.2949,38.4217,38.5507,38.6822,38.8160,38.9525,39.0915,39.2332,39.3777,39.5249,39.6751,39.8282,39.9842,40.1434,40.3056,40.4709,40.6393,40.8109,40.9856,41.1635,41.3446,41.5287,41.7159,41.9061,42.0991,42.2951,42.4936,42.6948,42.8984,43.1042,43.3120,43.5217,43.7330,43.9456,44.0022,44.2214
45118.7083333,3.1511,7.5058,10.7658,10.1293,16.9878,14.5344,13.3773,6.3405,18.0595,13.4025,11.4957,11.0677,7.2148,10.4643,12.3096,9.7981,12.2962,11.4044,8.3564,5.1329,11.9067,5.2032,5.2078,7.8432,7.9571,34.8574,8.9868,2.8725,10.1622,3.9297,6.9862,5.0731,6.4873,9.2530,10.4967,7.4319,15.7415,26.0794,8.1784,16.4499,13.7335,14.9966,9.4749,12.4508,44.8674,22.7713,9.8000,24.0211,5.5245,8.7372,12.3015,14.2315,25.3536,14.1368,5.3714,6.9601,7.9256,9.6792,23.6336,14.1537,14.6517,11.4474,6.3400,7.4834,7.6365,6.6972,20.8967,13.6268,-3.3703,1.8060,8.1273,10.1818,6.4701,1.9672,9.5897,13.3776,10.0506,11.8948,9.6464,36.9380,31.9885,44.2585,17.2302,13.9639,28.8416,11.6391,34.7402,28.6935,33.1596,13.3495,13.9247,36.9286,38.7468,16.3800,7.2456,9.7596,11.9174,18.5303,14.2326,12.1967,13.2714,30.3212,11.4726,16.5961,16.2034,37.4871,31.3156,31.4905,14.0191,26.6139,14.8305,4.3021,11.4732,10.2509,12.1064,13.1936,6.9907,13.8189,10.7786,10.8612,2.8862,20.9645,6.0828,19.4653,13.6353,22.0763,21.0210,29.1486,19.7450,3.7106,5.9144,12.1930,8.0123,8.1491,25.7081,17.1471,16.6701,21.9878,16.7404,8.3398,5.0709,10.0406,7.0922,16.0403,11.5222,2.6780,4.3406,15.6134,9.7152,6.4280,6.5520,3.0569,4.3810,3.4601,15.6899,15.3367,14.4882,12.4939,11.8018,14.9147,36.8334,16.7188,20.9292,35.2018,43.7187,13.1953,32.4915,13.8008,17.1897,14.8991,2.7511,9.0587,5.7215,13.7959,17.8418,25.7860,19.1143,20.4371,8.9779,37.2622,31.4991,25.2420,23.8865,29.9741,11.6875,28.4420,25.6927,25.7856,25.8769,25.9685,26.0612,26.1144,26.2065,26.2998,26.3946,26.4895,26.5857,26.6835,26.7829,26.8839,26.9868,27.0914,27.1979,27.3064,27.4169,27.5294,27.6441,27.7609,27.8801,28.0015,28.1252,28.2514,28.3800,28.5110,28.6446,28.7808,28.9195,29.0607,29.2046,29.3510,29.5000,29.6516,29.8056,29.9621,30.1210,30.2821,30.4455,30.6110,30.7784,30.9477,31.1186,31.2910,31.4648,31.6396,31.6860,31.8663
45118.7500000,2.3518,5.6059,7.4197,6.8324,12.0275,9.7332,8.8445,4.7028,8.5967,8.9765,8.0441,7.3388,4.5477,6.9814,6.3758,6.5485,8.3361,7.6897,5.5090,3.8737,9.0632,3.7952,3.4603,5.6385,5.9383,13.5201,5.6793,2.1437,7.2555,2.8633,5.4704,3.0007,4.7599,7.0526,8.0943,5.6785,8.0792,16.1358,3.3129,11.2389,9.6846,10.2493,6.1730,8.1251,28.5449,8.8033,6.5794,8.2249,3.9236,5.6998,8.3653,8.3161,15.8137,9.5103,3.5766,4.9801,4.5955,7.6319,12.4850,9.5425,9.9484,7.6375,4.9075,2.8375,5.9374,3.8273,12.7775,9.7304,-2.1378,1.2512,5.6017,5.4636,4.5056,1.3732,6.3332,7.8105,6.3746,8.7796,5.7087,11.5581,19.2319,16.9446,11.6147,9.3816,8.4903,7.7003,12.9967,9.9634,11.1921,9.0048,10.5560,14.5898,14.0237,10.2065,4.9480,7.2981,8.0506,12.3103,9.6575,8.1929,8.6174,18.9412,7.6221,12.1080,11.6590,24.0783,20.0170,19.9456,8.8221,17.0605,9.4495,2.9651,8.1646,7.0228,8.2738,9.1893,5.1748,9.2810,7.4737,7.9044,1.7012,7.5428,4.1954,7.5039,9.1920,8.3829,7.9503,18.4469,7.3085,2.6131,4.6060,3.9581,4.8402,6.2658,15.7363,10.4124,10.1536,13.6906,10.2449,4.9599,3.6239,7.3872,4.9086,9.8812,7.5828,1.9978,3.2270,9.5733,6.1902,5.2921,4.5163,1.7470,3.0191,2.1250,6.3391,9.1188,9.9714,9.5595,8.5787,5.8775,23.2783,12.8268,12.8473,13.7890,16.5347,9.4162,20.3620,8.1926,7.1292,9.2393,1.5151,3.6774,3.8249,8.6737,7.6092,16.2276,11.8136,12.6950,6.0950,15.1122,19.8623,9.4131,14.7093,10.8118,7.7834,11.1590,10.2522,10.4045,10.5603,10.7212,10.8883,11.0314,11.2094,11.3945,11.5872,11.7869,11.9949,16.8289,16.9034,16.9792,17.0563,17.1348,17.2146,17.2959,17.3788,17.4631,17.5490,17.6366,17.7258,17.8168,17.9095,18.0040,18.1003,18.1984,18.2985,18.4004,18.5042,18.6099,18.7176,18.8272,18.9387,19.0520,19.1672,19.2843,19.4031,19.5236,19.6457,19.7694,19.8945,20.0210,20.1488,20.2776,20.4074,20.5381,20.5728,20.7074
45118.7916667,1.2905,3.0707,3.9871,3.7490,6.4817,5.0556,4.5493,2.4317,4.5620,4.6451,4.1940,3.7839,2.4952,3.5925,3.2896,3.3889,4.3562,4.0085,2.9333,2.1026,4.8533,1.9697,1.8984,3.0827,3.2578,6.7027,3.1155,1.1760,3.9362,1.2979,2.7471,1.6460,2.1366,3.3098,3.2238,2.7795,4.3560,4.6055,1.6591,5.8903,5.1307,5.4158,3.1351,4.1760,9.1530,4.3865,3.4169,3.8083,2.1258,2.8924,4.3998,4.1300,4.8272,5.0398,1.9616,2.0918,2.3447,3.6064,6.4952,4.9331,5.1662,3.9242,1.7276,1.5562,2.4676,2.0988,5.0060,4.2360,-1.0453,0.6844,3.0676,2.9807,2.4398,0.7433,3.2338,4.2829,3.4955,4.1000,2.8625,4.5121,9.5482,8.3929,6.0853,4.8570,3.8317,4.0032,6.1933,4.6368,5.4547,4.6687,5.4444,6.4577,7.1538,5.2591,2.6951,3.4939,4.2139,6.3651,5.0064,4.2652,4.6913,7.6557,4.0380,4.3378,6.4031,10.2957,6.5712,6.2157,3.1167,5.8156,4.1884,1.5748,4.4121,3.6817,4.3357,4.3226,2.8376,4.9072,4.0238,4.2328,0.9156,3.9450,2.2454,3.7283,3.0631,4.1946,4.2539,5.7873,3.5741,1.3671,2.4484,2.1812,2.5730,3.1203,4.0761,2.8238,4.0126,5.5897,4.0952,2.4699,1.5854,3.8746,2.6352,4.0291,4.0888,1.0948,1.7684,5.1801,3.3843,2.5579,2.3941,0.9123,1.5961,1.1392,2.7056,4.8164,5.4426,5.1607,4.7071,2.8615,7.1849,5.3010,6.1492,6.7025,7.9291,5.0603,6.2704,4.0816,3.6707,3.8518,0.8003,1.8144,1.9871,3.9957,3.7587,6.7282,3.5926,3.9164,3.1896,7.4029,8.1925,4.5754,4.1212,5.1116,4.0245,5.3430,4.8958,4.9411,4.9864,5.0327,5.2404,5.1046,5.1524,5.2017,5.2526,5.3047,5.3585,5.4143,5.4722,5.5324,5.5950,5.6603,5.7232,5.7935,5.8669,5.9438,6.0243,6.1088,6.1976,6.2910,6.3894,6.4931,6.6027,7.7513,7.8063,7.8624,7.9195,7.9777,8.0369,8.0972,8.1586,8.2209,8.2843,8.3487,8.4141,8.4803,8.5475,8.6156,8.6844,8.7540,8.8242,8.8951,8.9665,9.0383,9.0576,9.1316
45118.8333333,0.4705,1.0737,1.4360,1.3665,2.3624,1.8339,1.6483,0.8271,1.6220,1.6922,1.5314,1.3732,0.9094,1.3093,1.1913,1.2286,1.5807,1.4596,1.0659,0.7560,1.7155,0.7178,0.6918,1.1233,1.1871,2.4260,1.1352,0.4285,1.4185,0.4729,0.9080,0.5997,0.7784,1.2059,1.1745,1.0127,1.5870,1.6306,0.5815,2.1366,1.8691,1.9681,1.1363,1.5188,3.1877,1.5882,1.2392,1.3668,0.7703,1.0472,1.5975,1.4875,1.6921,1.8254,0.7145,0.7065,0.8540,1.3136,2.3306,1.7968,1.8817,1.4293,0.6292,0.5668,0.8764,0.7643,1.2526,1.2101,-0.3763,0.2493,1.1099,1.0713,0.8885,0.2707,1.1775,1.5595,1.2728,1.4929,1.0423,1.6428,3.4760,3.0554,2.2083,1.7581,1.3948,1.4535,2.2487,1.6879,1.9579,1.6955,1.8463,2.3241,2.5939,1.9143,0.9665,1.2717,1.5279,2.3106,1.8133,1.5453,1.7034,1.9864,1.4674,1.5525,2.2658,2.8917,2.3915,2.2621,1.1343,2.1165,1.2720,0.5718,1.5879,1.3342,1.5718,1.3418,1.0207,1.7810,1.4523,1.4973,0.3323,1.4333,0.8154,1.4271,1.1166,1.4607,1.5422,2.1052,1.2910,0.4761,0.8613,0.7779,0.8698,1.0248,1.4828,1.0273,1.0311,1.4910,1.0714,0.8945,0.5767,1.3499,0.9538,1.0899,1.4859,0.3982,0.6433,1.8842,1.2155,0.9200,0.8708,0.3277,0.5788,0.3952,0.8917,1.7222,1.9783,1.8775,1.7002,1.0396,2.5542,1.9211,2.0742,2.4142,2.8595,1.9535,2.2493,1.3436,1.2159,1.0797,0.2906,0.6544,0.7192,1.3933,1.3607,1.8258,1.2669,1.3823,1.1550,2.6629,2.1922,1.6481,1.4651,1.8341,1.4550,1.9173,1.7554,1.7693,1.7831,1.7968,1.8108,1.8189,1.8327,1.8468,1.8610,1.8753,1.8898,1.9045,1.9195,1.9347,1.9502,1.9659,1.9819,1.9983,2.0149,2.0318,2.0490,2.0666,2.0845,2.1028,2.1214,2.1403,2.1597,2.1794,2.1994,2.2199,2.2407,2.2619,2.2835,2.3055,2.3279,2.3506,2.3737,2.3972,2.4210,2.4452,2.4697,2.4945,2.5196,2.5450,2.5706,2.5965,2.6225,2.6487,2.6558,2.6828
45118.8750000,0.0000,0.0000,0.0000,0.0000,0.0000,0.0000,0.0000,0.0000,0.0000,0.0000,0.0000,0.0000,0.0000,0.0000,0.0000,0.0000,0.0000,0.0000,0.0000,0.0000,0.0000,0.0000,0.0000,0.0000,0.0000,0.0000,0.0000,0.0000,0.0000,0.0000,0.0000,0.0000,0.0000,0.0000,0.0000,0.0000,0.0000,0.0000,0.0000,0.0000,0.0000,0.0000,0.0000,0.0000,0.0000,0.0000,0.0000,0.0000,0.0000,0.0000,0.0000,0.0000,0.0000,0.0000,0.0000,0.0000,0.0000,0.0000,0.0000,0.0000,0.0000,0.0000,0.0000,0.0000,0.0000,0.0000,0.0000,0.0000,0.0000,0.0000,0.0000,0.0000,0.0000,0.0000,0.0000,0.0000,0.0000,0.0000,0.0000,0.0000,0.0000,0.0000,0.0000,0.0000,0.0000,0.0000,0.0000,0.0000,0.0000,0.0000,0.0000,0.0000,0.0000,0.0000,0.0000,0.0000,0.0000,0.0000,0.0000,0.0000,0.0000,0.0000,0.0000,0.0000,0.0000,0.0000,0.0000,0.0000,0.0000,0.0000,0.0000,0.0000,0.0000,0.0000,0.0000,0.0000,0.0000,0.0000,0.0000,0.0000,0.0000,0.0000,0.0000,0.0000,0.0000,0.0000,0.0000,0.0000,0.0000,0.0000,0.0000,0.0000,0.0000,0.0000,0.0000,0.0000,0.0000,0.0000,0.0000,0.0000,0.0000,0.0000,0.0000,0.0000,0.0000,0.0000,0.0000,0.0000,0.0000,0.0000,0.0000,0.0000,0.0000,0.0000,0.0000,0.0000,0.0000,0.0000,0.0000,0.0000,0.0000,0.0000,0.0000,0.0000,0.0000,0.0000,0.0000,0.0000,0.0000,0.0000,0.0000,0.0000,0.0000,0.0000,0.0000,0.0000,0.0000,0.0000,0.0000,0.0000,0.0000,0.0000,0.0000,0.0000,0.0000,0.0000,0.0000,0.0000,0.0000,0.0000,0.0000,0.0000,0.0000,0.0000,0.0000,0.0000,0.0000,0.0000,0.0000,0.0000,0.0000,0.0000,0.0000,0.0000,0.0000,0.0000,0.0000,0.0000,0.0000,0.0000,0.0000,0.0000,0.0000,0.0000,0.0000,0.0000,0.0000,0.0000,0.0000,0.0000,0.0000,0.0000,0.0000,0.0000,0.0000,0.0000,0.0000,0.0000,0.0000,0.0000,0.0000,0.0000,0.0000,0.0000,0.0000,0.0000
45118.9166667,0.0000,0.0000,0.0000,0.0000,0.0000,0.0000,0.0000,0.0000,0.0000,0.0000,0.0000,0.0000,0.0000,0.0000,0.0000,0.0000,0.0000,0.0000,0.0000,0.0000,0.0000,0.0000,0.0000,0.0000,0.0000,0.0000,0.0000,0.0000,0.0000,0.0000,0.0000,0.0000,0.0000,0.0000,0.0000,0.0000,0.0000,0.0000,0.0000,0.0000,0.0000,0.0000,0.0000,0.0000,0.0000,0.0000,0.0000,0.0000,0.0000,0.0000,0.0000,0.0000,0.0000,0.0000,0.0000,0.0000,0.0000,0.0000,0.0000,0.0000,0.0000,0.0000,0.0000,0.0000,0.0000,0.0000,0.0000,0.0000,0.0000,0.0000,0.0000,0.0000,0.0000,0.0000,0.0000,0.0000,0.0000,0.0000,0.0000,0.0000,0.0000,0.0000,0.0000,0.0000,0.0000,0.0000,0.0000,0.0000,0.0000,0.0000,0.0000,0.0000,0.0000,0.0000,0.0000,0.0000,0.0000,0.0000,0.0000,0.0000,0.0000,0.0000,0.0000,0.0000,0.0000,0.0000,0.0000,0.0000,0.0000,0.0000,0.0000,0.0000,0.0000,0.0000,0.0000,0.0000,0.0000,0.0000,0.0000,0.0000,0.0000,0.0000,0.0000,0.0000,0.0000,0.0000,0.0000,0.0000,0.0000,0.0000,0.0000,0.0000,0.0000,0.0000,0.0000,0.0000,0.0000,0.0000,0.0000,0.0000,0.0000,0.0000,0.0000,0.0000,0.0000,0.0000,0.0000,0.0000,0.0000,0.0000,0.0000,0.0000,0.0000,0.0000,0.0000,0.0000,0.0000,0.0000,0.0000,0.0000,0.0000,0.0000,0.0000,0.0000,0.0000,0.0000,0.0000,0.0000,0.0000,0.0000,0.0000,0.0000,0.0000,0.0000,0.0000,0.0000,0.0000,0.0000,0.0000,0.0000,0.0000,0.0000,0.0000,0.0000,0.0000,0.0000,0.0000,0.0000,0.0000,0.0000,0.0000,0.0000,0.0000,0.0000,0.0000,0.0000,0.0000,0.0000,0.0000,0.0000,0.0000,0.0000,0.0000,0.0000,0.0000,0.0000,0.0000,0.0000,0.0000,0.0000,0.0000,0.0000,0.0000,0.0000,0.0000,0.0000,0.0000,0.0000,0.0000,0.0000,0.0000,0.0000,0.0000,0.0000,0.0000,0.0000,0.0000,0.0000,0.0000,0.0000,0.0000,0.0000,0.0000,0.0000,0.0000,0.0000
45118.9583333,0.0000,0.0000,0.0000,0.0000,0.0000,0.0000,0.0000,0.0000,0.0000,0.0000,0.0000,0.0000,0.0000,0.0000,0.0000,0.0000,0.0000,0.0000,0.0000,0.0000,0.0000,0.0000,0.0000,0.0000,0.0000,0.0000,0.0000,0.0000,0.0000,0.0000,0.0000,0.0000,0.0000,0.0000,0.0000,0.0000,0.0000,0.0000,0.0000,0.0000,0.0000,0.0000,0.0000,0.0000,0.0000,0.0000,0.0000,0.0000,0.0000,0.0000,0.0000,0.0000,0.0000,0.0000,0.0000,0.0000,0.0000,0.0000,0.0000,0.0000,0.0000,0.0000,0.0000,0.0000,0.0000,0.0000,0.0000,0.0000,0.0000,0.0000,0.0000,0.0000,0.0000,0.0000,0.0000,0.0000,0.0000,0.0000,0.0000,0.0000,0.0000,0.0000,0.0000,0.0000,0.0000,0.0000,0.0000,0.0000,0.0000,0.0000,0.0000,0.0000,0.0000,0.0000,0.0000,0.0000,0.0000,0.0000,0.0000,0.0000,0.0000,0.0000,0.0000,0.0000,0.0000,0.0000,0.0000,0.0000,0.0000,0.0000,0.0000,0.0000,0.0000,0.0000,0.0000,0.0000,0.0000,0.0000,0.0000,0.0000,0.0000,0.0000,0.0000,0.0000,0.0000,0.0000,0.0000,0.0000,0.0000,0.0000,0.0000,0.0000,0.0000,0.0000,0.0000,0.0000,0.0000,0.0000,0.0000,0.0000,0.0000,0.0000,0.0000,0.0000,0.0000,0.0000,0.0000,0.0000,0.0000,0.0000,0.0000,0.0000,0.0000,0.0000,0.0000,0.0000,0.0000,0.0000,0.0000,0.0000,0.0000,0.0000,0.0000,0.0000,0.0000,0.0000,0.0000,0.0000,0.0000,0.0000,0.0000,0.0000,0.0000,0.0000,0.0000,0.0000,0.0000,0.0000,0.0000,0.0000,0.0000,0.0000,0.0000,0.0000,0.0000,0.0000,0.0000,0.0000,0.0000,0.0000,0.0000,0.0000,0.0000,0.0000,0.0000,0.0000,0.0000,0.0000,0.0000,0.0000,0.0000,0.0000,0.0000,0.0000,0.0000,0.0000,0.0000,0.0000,0.0000,0.0000,0.0000,0.0000,0.0000,0.0000,0.0000,0.0000,0.0000,0.0000,0.0000,0.0000,0.0000,0.0000,0.0000,0.0000,0.0000,0.0000,0.0000,0.0000,0.0000,0.0000,0.0000,0.0000,0.0000,0.0000,0.0000,0.0000
45119.0000000,0.0000,0.0000,0.0000,0.0000,0.0000,0.0000,0.0000,0.0000,0.0000,0.0000,0.0000,0.0000,0.0000,0.0000,0.0000,0.0000,0.0000,0.0000,0.0000,0.0000,0.0000,0.0000,0.0000,0.0000,0.0000,0.0000,0.0000,0.0000,0.0000,0.0000,0.0000,0.0000,0.0000,0.0000,0.0000,0.0000,0.0000,0.0000,0.0000,0.0000,0.0000,0.0000,0.0000,0.0000,0.0000,0.0000,0.0000,0.0000,0.0000,0.0000,0.0000,0.0000,0.0000,0.0000,0.0000,0.0000,0.0000,0.0000,0.0000,0.0000,0.0000,0.0000,0.0000,0.0000,0.0000,0.0000,0.0000,0.0000,0.0000,0.0000,0.0000,0.0000,0.0000,0.0000,0.0000,0.0000,0.0000,0.0000,0.0000,0.0000,0.0000,0.0000,0.0000,0.0000,0.0000,0.0000,0.0000,0.0000,0.0000,0.0000,0.0000,0.0000,0.0000,0.0000,0.0000,0.0000,0.0000,0.0000,0.0000,0.0000,0.0000,0.0000,0.0000,0.0000,0.0000,0.0000,0.0000,0.0000,0.0000,0.0000,0.0000,0.0000,0.0000,0.0000,0.0000,0.0000,0.0000,0.0000,0.0000,0.0000,0.0000,0.0000,0.0000,0.0000,0.0000,0.0000,0.0000,0.0000,0.0000,0.0000,0.0000,0.0000,0.0000,0.0000,0.0000,0.0000,0.0000,0.0000,0.0000,0.0000,0.0000,0.0000,0.0000,0.0000,0.0000,0.0000,0.0000,0.0000,0.0000,0.0000,0.0000,0.0000,0.0000,0.0000,0.0000,0.0000,0.0000,0.0000,0.0000,0.0000,0.0000,0.0000,0.0000,0.0000,0.0000,0.0000,0.0000,0.0000,0.0000,0.0000,0.0000,0.0000,0.0000,0.0000,0.0000,0.0000,0.0000,0.0000,0.0000,0.0000,0.0000,0.0000,0.0000,0.0000,0.0000,0.0000,0.0000,0.0000,0.0000,0.0000,0.0000,0.0000,0.0000,0.0000,0.0000,0.0000,0.0000,0.0000,0.0000,0.0000,0.0000,0.0000,0.0000,0.0000,0.0000,0.0000,0.0000,0.0000,0.0000,0.0000,0.0000,0.0000,0.0000,0.0000,0.0000,0.0000,0.0000,0.0000,0.0000,0.0000,0.0000,0.0000,0.0000,0.0000,0.0000,0.0000,0.0000,0.0000,0.0000,0.0000,0.0000,0.0000,0.0000,0.0000,0.0000,0.0000
45119.0416667,0.0000,0.0000,0.0000,0.0000,0.0000,0.0000,0.0000,0.0000,0.0000,0.0000,0.0000,0.0000,0.0000,0.0000,0.0000,0.0000,0.0000,0.0000,0.0000,0.0000,0.0000,0.0000,0.0000,0.0000,0.0000,0.0000,0.0000,0.0000,0.0000,0.0000,0.0000,0.0000,0.0000,0.0000,0.0000,0.0000,0.0000,0.0000,0.0000,0.0000,0.0000,0.0000,0.0000,0.0000,0.0000,0.0000,0.0000,0.0000,0.0000,0.0000,0.0000,0.0000,0.0000,0.0000,0.0000,0.0000,0.0000,0.0000,0.0000,0.0000,0.0000,0.0000,0.0000,0.0000,0.0000,0.0000,0.0000,0.0000,0.0000,0.0000,0.0000,0.0000,0.0000,0.0000,0.0000,0.0000,0.0000,0.0000,0.0000,0.0000,0.0000,0.0000,0.0000,0.0000,0.0000,0.0000,0.0000,0.0000,0.0000,0.0000,0.0000,0.0000,0.0000,0.0000,0.0000,0.0000,0.0000,0.0000,0.0000,0.0000,0.0000,0.0000,0.0000,0.0000,0.0000,0.0000,0.0000,0.0000,0.0000,0.0000,0.0000,0.0000,0.0000,0.0000,0.0000,0.0000,0.0000,0.0000,0.0000,0.0000,0.0000,0.0000,0.0000,0.0000,0.0000,0.0000,0.0000,0.0000,0.0000,0.0000,0.0000,0.0000,0.0000,0.0000,0.0000,0.0000,0.0000,0.0000,0.0000,0.0000,0.0000,0.0000,0.0000,0.0000,0.0000,0.0000,0.0000,0.0000,0.0000,0.0000,0.0000,0.0000,0.0000,0.0000,0.0000,0.0000,0.0000,0.0000,0.0000,0.0000,0.0000,0.0000,0.0000,0.0000,0.0000,0.0000,0.0000,0.0000,0.0000,0.0000,0.0000,0.0000,0.0000,0.0000,0.0000,0.0000,0.0000,0.0000,0.0000,0.0000,0.0000,0.0000,0.0000,0.0000,0.0000,0.0000,0.0000,0.0000,0.0000,0.0000,0.0000,0.0000,0.0000,0.0000,0.0000,0.0000,0.0000,0.0000,0.0000,0.0000,0.0000,0.0000,0.0000,0.0000,0.0000,0.0000,0.0000,0.0000,0.0000,0.0000,0.0000,0.0000,0.0000,0.0000,0.0000,0.0000,0.0000,0.0000,0.0000,0.0000,0.0000,0.0000,0.0000,0.0000,0.0000,0.0000,0.0000,0.0000,0.0000,0.0000,0.0000,0.0000,0.0000,0.0000,0.0000,0.0000
45119.0833333,0.0000,0.0000,0.0000,0.0000,0.0000,0.0000,0.0000,0.0000,0.0000,0.0000,0.0000,0.0000,0.0000,0.0000,0.0000,0.0000,0.0000,0.0000,0.0000,0.0000,0.0000,0.0000,0.0000,0.0000,0.0000,0.0000,0.0000,0.0000,0.0000,0.0000,0.0000,0.0000,0.0000,0.0000,0.0000,0.0000,0.0000,0.0000,0.0000,0.0000,0.0000,0.0000,0.0000,0.0000,0.0000,0.0000,0.0000,0.0000,0.0000,0.0000,0.0000,0.0000,0.0000,0.0000,0.0000,0.0000,0.0000,0.0000,0.0000,0.0000,0.0000,0.0000,0.0000,0.0000,0.0000,0.0000,0.0000,0.0000,0.0000,0.0000,0.0000,0.0000,0.0000,0.0000,0.0000,0.0000,0.0000,0.0000,0.0000,0.0000,0.0000,0.0000,0.0000,0.0000,0.0000,0.0000,0.0000,0.0000,0.0000,0.0000,0.0000,0.0000,0.0000,0.0000,0.0000,0.0000,0.0000,0.0000,0.0000,0.0000,0.0000,0.0000,0.0000,0.0000,0.0000,0.0000,0.0000,0.0000,0.0000,0.0000,0.0000,0.0000,0.0000,0.0000,0.0000,0.0000,0.0000,0.0000,0.0000,0.0000,0.0000,0.0000,0.0000,0.0000,0.0000,0.0000,0.0000,0.0000,0.0000,0.0000,0.0000,0.0000,0.0000,0.0000,0.0000,0.0000,0.0000,0.0000,0.0000,0.0000,0.0000,0.0000,0.0000,0.0000,0.0000,0.0000,0.0000,0.0000,0.0000,0.0000,0.0000,0.0000,0.0000,0.0000,0.0000,0.0000,0.0000,0.0000,0.0000,0.0000,0.0000,0.0000,0.0000,0.0000,0.0000,0.0000,0.0000,0.0000,0.0000,0.0000,0.0000,0.0000,0.0000,0.0000,0.0000,0.0000,0.0000,0.0000,0.0000,0.0000,0.0000,0.0000,0.0000,0.0000,0.0000,0.0000,0.0000,0.0000,0.0000,0.0000,0.0000,0.0000,0.0000,0.0000,0.0000,0.0000,0.0000,0.0000,0.0000,0.0000,0.0000,0.0000,0.0000,0.0000,0.0000,0.0000,0.0000,0.0000,0.0000,0.0000,0.0000,0.0000,0.0000,0.0000,0.0000,0.0000,0.0000,0.0000,0.0000,0.0000,0.0000,0.0000,0.0000,0.0000,0.0000,0.0000,0.0000,0.0000,0.0000,0.0000,0.0000,0.0000,0.0000,0.0000,0.0000,0.0000
45119.1250000,0.0000,0.0000,0.0000,0.0000,0.0000,0.0000,0.0000,0.0000,0.0000,0.0000,0.0000,0.0000,0.0000,0.0000,0.0000,0.0000,0.0000,0.0000,0.0000,0.0000,0.0000,0.0000,0.0000,0.0000,0.0000,0.0000,0.0000,0.0000,0.0000,0.0000,0.0000,0.0000,0.0000,0.0000,0.0000,0.0000,0.0000,0.0000,0.0000,0.0000,0.0000,0.0000,0.0000,0.0000,0.0000,0.0000,0.0000,0.0000,0.0000,0.0000,0.0000,0.0000,0.0000,0.0000,0.0000,0.0000,0.0000,0.0000,0.0000,0.0000,0.0000,0.0000,0.0000,0.0000,0.0000,0.0000,0.0000,0.0000,0.0000,0.0000,0.0000,0.0000,0.0000,0.0000,0.0000,0.0000,0.0000,0.0000,0.0000,0.0000,0.0000,0.0000,0.0000,0.0000,0.0000,0.0000,0.0000,0.0000,0.0000,0.0000,0.0000,0.0000,0.0000,0.0000,0.0000,0.0000,0.0000,0.0000,0.0000,0.0000,0.0000,0.0000,0.0000,0.0000,0.0000,0.0000,0.0000,0.0000,0.0000,0.0000,0.0000,0.0000,0.0000,0.0000,0.0000,0.0000,0.0000,0.0000,0.0000,0.0000,0.0000,0.0000,0.0000,0.0000,0.0000,0.0000,0.0000,0.0000,0.0000,0.0000,0.0000,0.0000,0.0000,0.0000,0.0000,0.0000,0.0000,0.0000,0.0000,0.0000,0.0000,0.0000,0.0000,0.0000,0.0000,0.0000,0.0000,0.0000,0.0000,0.0000,0.0000,0.0000,0.0000,0.0000,0.0000,0.0000,0.0000,0.0000,0.0000,0.0000,0.0000,0.0000,0.0000,0.0000,0.0000,0.0000,0.0000,0.0000,0.0000,0.0000,0.0000,0.0000,0.0000,0.0000,0.0000,0.0000,0.0000,0.0000,0.0000,0.0000,0.0000,0.0000,0.0000,0.0000,0.0000,0.0000,0.0000,0.0000,0.0000,0.0000,0.0000,0.0000,0.0000,0.0000,0.0000,0.0000,0.0000,0.0000,0.0000,0.0000,0.0000,0.0000,0.0000,0.0000,0.0000,0.0000,0.0000,0.0000,0.0000,0.0000,0.0000,0.0000,0.0000,0.0000,0.0000,0.0000,0.0000,0.0000,0.0000,0.0000,0.0000,0.0000,0.0000,0.0000,0.0000,0.0000,0.0000,0.0000,0.0000,0.0000,0.0000,0.0000,0.0000,0.0000,0.0000,0.0000
45119.1666667,0.0000,0.0000,0.0000,0.0000,0.0000,0.0000,0.0000,0.0000,0.0000,0.0000,0.0000,0.0000,0.0000,0.0000,0.0000,0.0000,0.0000,0.0000,0.0000,0.0000,0.0000,0.0000,0.0000,0.0000,0.0000,0.0000,0.0000,0.0000,0.0000,0.0000,0.0000,0.0000,0.0000,0.0000,0.0000,0.0000,0.0000,0.0000,0.0000,0.0000,0.0000,0.0000,0.0000,0.0000,0.0000,0.0000,0.0000,0.0000,0.0000,0.0000,0.0000,0.0000,0.0000,0.0000,0.0000,0.0000,0.0000,0.0000,0.0000,0.0000,0.0000,0.0000,0.0000,0.0000,0.0000,0.0000,0.0000,0.0000,0.0000,0.0000,0.0000,0.0000,0.0000,0.0000,0.0000,0.0000,0.0000,0.0000,0.0000,0.0000,0.0000,0.0000,0.0000,0.0000,0.0000,0.0000,0.0000,0.0000,0.0000,0.0000,0.0000,0.0000,0.0000,0.0000,0.0000,0.0000,0.0000,0.0000,0.0000,0.0000,0.0000,0.0000,0.0000,0.0000,0.0000,0.0000,0.0000,0.0000,0.0000,0.0000,0.0000,0.0000,0.0000,0.0000,0.0000,0.0000,0.0000,0.0000,0.0000,0.0000,0.0000,0.0000,0.0000,0.0000,0.0000,0.0000,0.0000,0.0000,0.0000,0.0000,0.0000,0.0000,0.0000,0.0000,0.0000,0.0000,0.0000,0.0000,0.0000,0.0000,0.0000,0.0000,0.0000,0.0000,0.0000,0.0000,0.0000,0.0000,0.0000,0.0000,0.0000,0.0000,0.0000,0.0000,0.0000,0.0000,0.0000,0.0000,0.0000,0.0000,0.0000,0.0000,0.0000,0.0000,0.0000,0.0000,0.0000,0.0000,0.0000,0.0000,0.0000,0.0000,0.0000,0.0000,0.0000,0.0000,0.0000,0.0000,0.0000,0.0000,0.0000,0.0000,0.0000,0.0000,0.0000,0.0000,0.0000,0.0000,0.0000,0.0000,0.0000,0.0000,0.0000,0.0000,0.0000,0.0000,0.0000,0.0000,0.0000,0.0000,0.0000,0.0000,0.0000,0.0000,0.0000,0.0000,0.0000,0.0000,0.0000,0.0000,0.0000,0.0000,0.0000,0.0000,0.0000,0.0000,0.0000,0.0000,0.0000,0.0000,0.0000,0.0000,0.0000,0.0000,0.0000,0.0000,0.0000,0.0000,0.0000,0.0000,0.0000,0.0000,0.0000,0.0000,0.0000,0.0000
45119.2083333,0.0000,0.0000,0.0000,0.0000,0.0000,0.0000,0.0000,0.0000,0.0000,0.0000,0.0000,0.0000,0.0000,0.0000,0.0000,0.0000,0.0000,0.0000,0.0000,0.0000,0.0000,0.0000,0.0000,0.0000,0.0000,0.0000,0.0000,0.0000,0.0000,0.0000,0.0000,0.0000,0.0000,0.0000,0.0000,0.0000,0.0000,0.0000,0.0000,0.0000,0.0000,0.0000,0.0000,0.0000,0.0000,0.0000,0.0000,0.0000,0.0000,0.0000,0.0000,0.0000,0.0000,0.0000,0.0000,0.0000,0.0000,0.0000,0.0000,0.0000,0.0000,0.0000,0.0000,0.0000,0.0000,0.0000,0.0000,0.0000,0.0000,0.0000,0.0000,0.0000,0.0000,0.0000,0.0000,0.0000,0.0000,0.0000,0.0000,0.0000,0.0000,0.0000,0.0000,0.0000,0.0000,0.0000,0.0000,0.0000,0.0000,0.0000,0.0000,0.0000,0.0000,0.0000,0.0000,0.0000,0.0000,0.0000,0.0000,0.0000,0.0000,0.0000,0.0000,0.0000,0.0000,0.0000,0.0000,0.0000,0.0000,0.0000,0.0000,0.0000,0.0000,0.0000,0.0000,0.0000,0.0000,0.0000,0.0000,0.0000,0.0000,0.0000,0.0000,0.0000,0.0000,0.0000,0.0000,0.0000,0.0000,0.0000,0.0000,0.0000,0.0000,0.0000,0.0000,0.0000,0.0000,0.0000,0.0000,0.0000,0.0000,0.0000,0.0000,0.0000,0.0000,0.0000,0.0000,0.0000,0.0000,0.0000,0.0000,0.0000,0.0000,0.0000,0.0000,0.0000,0.0000,0.0000,0.0000,0.0000,0.0000,0.0000,0.0000,0.0000,0.0000,0.0000,0.0000,0.0000,0.0000,0.0000,0.0000,0.0000,0.0000,0.0000,0.0000,0.0000,0.0000,0.0000,0.0000,0.0000,0.0000,0.0000,0.0000,0.0000,0.0000,0.0000,0.0000,0.0000,0.0000,0.0000,0.0000,0.0000,0.0000,0.0000,0.0000,0.0000,0.0000,0.0000,0.0000,0.0000,0.0000,0.0000,0.0000,0.0000,0.0000,0.0000,0.0000,0.0000,0.0000,0.0000,0.0000,0.0000,0.0000,0.0000,0.0000,0.0000,0.0000,0.0000,0.0000,0.0000,0.0000,0.0000,0.0000,0.0000,0.0000,0.0000,0.0000,0.0000,0.0000,0.0000,0.0000,0.0000,0.0000,0.0000,0.0000,0.0000
45119.2500000,0.2636,0.6029,0.8053,0.7675,1.3286,1.0298,0.9253,0.4624,0.9091,0.9441,0.8532,0.7691,0.5067,0.7328,0.6670,0.6870,0.8847,0.8165,0.5945,0.4202,0.9621,0.4017,0.3856,0.6287,0.6643,1.3617,0.6359,0.2386,0.7937,0.2629,0.5076,0.3358,0.4357,0.6747,0.6580,0.5663,0.8896,0.9138,0.3248,1.1984,1.0487,1.1038,0.6373,0.8521,1.7917,0.8882,0.6922,0.7650,0.4285,0.5857,0.8954,0.8329,0.9477,1.0230,0.3984,0.3958,0.4781,0.7368,1.3088,1.0080,1.0554,0.8012,0.3528,0.3180,0.4910,0.4285,0.7017,0.6774,-0.2168,0.1377,0.6244,0.6037,0.5007,0.1510,0.6641,0.8798,0.7178,0.8427,0.5884,0.9276,1.9628,1.7251,1.2466,0.9922,0.7872,0.8201,1.2693,0.9526,1.1053,0.9568,1.0422,1.3122,1.4644,1.0806,0.5452,0.7177,0.8623,1.3016,1.0227,0.8721,0.9612,1.1212,0.8255,0.8736,1.2760,1.6288,1.3464,1.2735,0.6356,1.1905,0.7129,0.3194,0.8920,0.7504,0.8838,0.7547,0.5736,1.0018,0.8173,0.8424,0.1846,0.8060,0.4578,0.7579,0.6274,0.8218,0.8672,1.1852,0.7261,0.2666,0.4837,0.4365,0.4887,0.5764,0.8349,0.5776,0.5796,0.8388,0.6022,0.5025,0.3238,0.7558,0.5338,0.6120,0.8356,0.2229,0.3608,1.0613,0.6841,0.5177,0.4894,0.1825,0.3239,0.2217,0.5013,0.9699,1.1140,1.0364,0.9571,0.5787,1.4389,1.0798,1.0903,1.3577,1.6087,1.0103,1.2148,0.7559,0.6835,0.6067,0.1620,0.3665,0.4038,0.7836,0.7653,1.0283,0.7131,0.7783,0.6502,1.5012,1.2357,0.9287,0.8255,1.0339,0.8201,1.0807,0.9893,0.9972,1.0050,1.0128,1.0207,1.0253,1.0331,1.0411,1.0492,1.0573,1.0655,1.0738,1.0823,1.0909,1.0996,1.1085,1.1176,1.1268,1.1362,1.1458,1.1555,1.1655,1.1756,1.1859,1.1964,1.2071,1.2180,1.2291,1.2405,1.2520,1.2638,1.2758,1.2880,1.3004,1.3130,1.3258,1.3389,1.3521,1.3656,1.3792,1.3931,1.4071,1.4212,1.4356,1.4500,1.4646,1.4793,1.4941,1.4981,1.5133
45119.2916667,1.4491,3.3144,4.4278,4.2202,7.3064,5.7652,5.0889,2.5432,5.0771,5.2253,4.7254,4.2414,2.8292,4.0556,3.6688,3.7788,4.9196,4.5151,3.2702,2.3117,5.2927,2.2101,2.1215,3.8084,3.8153,7.6310,3.5160,1.3136,4.4311,1.4885,2.8002,1.8591,2.9287,4.2902,3.6225,3.1179,4.9750,5.1406,2.1231,6.6839,5.7749,6.1119,3.5097,4.6931,9.8689,4.8926,3.8125,4.2140,2.3600,3.2266,5.1303,4.6695,5.6715,5.6675,2.1946,2.2329,2.6333,4.0949,7.2394,5.6313,5.9145,4.4253,1.9422,1.7501,3.9317,2.3587,3.8609,3.7249,-1.2085,0.7423,3.4276,3.3536,2.7967,0.8177,3.7794,4.8719,4.0055,4.7333,3.4533,5.1100,10.9904,9.5649,6.9708,7.2853,4.3388,4.5188,6.9967,5.2507,6.0934,5.2737,5.7464,7.2354,8.0775,5.9599,3.0056,3.9583,4.7570,7.1834,5.6515,4.9066,5.3520,6.1880,4.5564,5.2738,7.2640,12.9359,10.7041,10.5514,4.6622,9.1603,5.0617,1.7684,5.0580,4.1427,5.0500,4.5616,3.2025,5.5749,4.5853,4.7177,1.0189,4.6064,2.5523,4.1861,3.4661,4.8549,4.8131,6.6226,4.0112,1.4806,2.7095,2.4883,2.8259,5.5159,4.7089,3.4763,3.2101,5.8064,5.2349,2.7768,1.7894,4.2775,3.0115,3.3829,4.6188,1.2319,1.9944,5.8677,3.8623,2.9043,2.7436,1.0088,1.7938,1.2966,2.7957,5.3953,6.1957,5.7304,5.3676,3.1992,7.9558,5.9701,6.9889,7.5616,9.1378,5.7054,6.9099,4.2395,3.9056,3.6398,0.8941,2.7629,2.2336,4.3869,4.2460,6.7961,4.0208,4.3221,3.6366,8.3945,6.8678,5.1418,4.6492,5.8023,4.5598,5.9866,5.4805,5.5259,5.5708,5.6161,5.6621,5.6901,5.7768,5.7818,5.8297,5.8780,5.9273,5.9778,6.0295,6.0825,6.1369,6.1525,6.2534,6.3129,6.3743,6.4377,6.5031,6.5708,6.6409,6.7136,6.7890,7.1232,6.9254,7.0071,7.0922,7.1807,7.2730,7.3693,7.4699,7.5752,7.4316,7.8450,7.9720,8.1059,8.2474,8.3971,8.5557,8.7240,8.9028,9.0932,9.2961,11.0508,11.1321,11.2139,11.2361,11.3204
45119.3333333,1.7613,4.0285,5.4537,5.1292,8.8800,7.0366,6.1847,3.0908,6.4284,6.4799,5.8477,5.2915,3.4847,4.9975,4.4587,4.6134,9.1328,5.5903,4.7256,2.8507,6.7599,2.7557,2.5781,5.1732,4.8730,9.1446,4.3637,1.5961,5.5848,1.9657,3.7595,2.6325,6.0886,6.1731,4.7938,3.8070,6.1924,6.8659,2.5228,8.4580,7.0164,7.5650,4.2640,5.7017,12.3507,6.3036,4.6318,5.1195,2.8671,4.2992,7.0360,6.5129,9.7835,7.2987,2.7515,3.3104,3.6102,5.3561,9.2231,6.9271,8.3755,5.5200,2.3593,2.1258,4.6524,2.8646,7.7290,5.2181,-2.1770,0.8961,4.4247,4.2097,3.9462,0.9827,4.6436,6.3287,4.8600,5.7992,4.1284,6.6526,13.3025,12.2811,8.5476,11.0624,5.2576,5.7315,8.6663,6.3616,7.3849,6.3879,7.5710,8.7714,10.7138,8.6387,3.8685,4.9191,5.8998,8.9982,6.9666,7.0207,6.4769,8.2775,5.6669,9.2920,9.7584,15.4486,12.8082,12.5993,5.6896,11.0068,6.1793,2.3604,6.3225,5.1040,6.7854,8.0846,3.9125,6.7429,5.8302,5.9112,1.2379,8.1524,3.0925,5.3846,4.3101,5.8320,6.1324,8.2885,5.2004,1.8257,3.4360,3.3680,5.3391,6.6107,5.6843,4.1699,3.9346,8.5452,6.3124,3.4091,2.1713,5.1054,3.6021,4.1913,5.7763,1.4947,2.5800,7.2183,4.6684,3.7567,3.2977,1.2257,2.1872,1.5739,3.5230,6.6508,7.9453,7.0066,6.7563,3.9525,14.6212,7.5331,9.5845,9.1293,12.0280,7.3846,8.3695,6.0660,5.3075,5.8368,1.0993,3.4294,2.7580,6.0219,5.3790,10.2221,4.8721,5.5360,4.4557,10.5684,8.7915,6.3638,5.5553,7.0101,5.5071,7.4173,6.7928,6.8520,6.9141,6.9769,7.0410,7.0835,7.1486,7.2152,7.2834,7.3526,7.4234,7.4960,7.5705,7.6471,7.7257,7.8066,7.8898,7.9755,7.7797,8.1720,8.2672,8.3654,8.4668,8.5715,8.6796,8.7914,8.9069,9.0264,9.1500,9.2778,9.4102,9.5471,9.6890,9.8358,9.9879,10.1455,10.3087,10.4778,12.5897,12.6817,12.7750,12.8695,12.9651,13.0617,13.1592,13.2576,13.3568,13.4565,13.4838,13.5866
45119.3750000,1.8486,4.2281,5.7458,5.3833,10.7862,7.6383,6.4909,3.9052,7.3513,7.0145,6.3229,5.5067,3.7712,5.4184,4.7795,4.9802,9.1177,5.8266,6.3226,2.9708,7.9644,2.9790,2.7056,5.1767,4.9393,10.8294,4.7690,1.6750,6.3193,2.5353,3.9349,3.6177,5.9315,7.5447,7.8396,6.6545,6.9585,6.8332,2.5358,9.5872,7.4733,8.1465,4.4747,6.1050,13.2238,7.0926,4.9499,5.3724,3.1726,4.3206,9.7373,8.8767,9.7566,8.3129,3.0000,4.8060,3.4992,6.2572,13.4140,7.4739,10.8527,5.9741,2.4758,2.2308,4.5792,3.0059,7.6788,7.3859,-3.1541,0.9437,6.5153,4.3442,5.1871,1.0397,5.3179,9.5733,5.2122,7.2423,4.3284,6.9834,15.7978,13.8149,9.1929,10.8854,5.5086,5.9026,8.9880,6.6629,7.7361,10.0589,11.5943,10.2058,12.1457,11.5094,4.4279,5.2610,6.3459,9.7243,7.5074,9.3920,6.8556,11.6428,6.0985,9.2220,12.7569,15.4635,12.8402,12.5700,5.8340,11.1033,6.3567,3.0553,6.4920,5.4797,9.2109,8.0470,4.1965,7.3620,6.7098,6.6511,1.3008,8.1747,3.2616,7.6266,4.5994,6.1185,8.4541,11.6798,7.5562,1.9754,3.9237,4.5864,5.3597,6.5607,6.6283,4.1962,4.2101,8.5559,6.3394,3.6210,2.3409,5.5488,5.7584,4.5047,6.4118,1.6053,2.9683,8.2875,5.7611,3.8105,5.4332,1.2942,2.2896,1.8474,3.6354,7.1612,11.2883,7.3243,7.6330,4.2410,14.5324,8.8639,9.5269,9.7325,14.0756,8.8848,9.1877,8.0037,6.7941,5.9399,1.2989,3.5693,2.9337,7.5844,7.2894,10.2363,5.1639,6.2769,4.7980,11.8014,12.4330,6.8460,5.8910,7.5021,5.9357,7.9773,7.3060,7.3763,7.4464,7.5172,7.5895,7.6392,7.7125,7.7874,7.8639,7.9414,8.0206,8.1016,8.1845,8.2694,8.3564,8.4456,8.5371,8.6309,8.7271,8.8258,8.9272,9.0312,9.1381,9.2478,9.3605,9.4763,9.5952,9.7175,9.8431,11.8867,11.9695,12.0537,12.1396,12.2270,12.3159,12.4063,12.4983,12.5917,12.6865,12.7827,12.8803,12.9791,13.0791,13.1802,13.2823,13.3854,13.4892,13.5937,13.6224,13.7301
45119.4166667,1.7069,3.9041,5.6445,5.2780,12.4978,7.1432,6.4775,3.2015,8.3001,6.5448,5.9296,5.3631,3.5271,5.0840,4.3675,4.7361,7.7914,5.6239,5.4021,2.7737,6.6086,2.9275,2.5202,4.4423,4.6361,11.7132,4.4841,1.9274,7.1523,2.1382,5.1167,2.9387,4.8586,6.3646,6.5328,5.5753,8.1859,6.5445,2.2832,10.4094,7.5170,7.5613,4.1316,5.5417,15.2525,7.6595,4.7948,5.2112,2.9645,4.2607,8.2271,7.5388,8.3327,9.1485,2.7644,3.8882,3.2693,7.3133,11.4260,6.9657,9.2581,5.5753,2.3781,2.1804,4.0968,3.7046,6.5004,6.2600,-2.4009,0.9011,5.5757,3.9507,4.3101,0.9788,4.4815,8.0776,4.8924,8.4228,4.0876,7.3999,17.0037,14.8215,8.5615,9.1558,5.0832,5.3908,8.2308,6.1642,10.2429,8.5350,9.7185,11.7824,12.7679,9.7264,5.1678,4.9096,5.9214,9.0610,6.9924,7.9343,6.5778,9.8836,5.6769,7.8279,10.9106,13.3490,11.0880,10.7802,5.1263,9.6458,5.6126,2.7067,5.9748,5.1028,7.8398,6.8307,3.8585,6.8657,7.5378,7.5268,1.2317,7.0095,3.1081,6.5578,4.1333,7.2596,7.3097,10.0395,6.4594,1.8625,4.4574,3.9542,4.5663,5.5283,7.8838,3.9283,3.9295,7.3334,5.4264,4.5936,2.1908,6.6478,4.9158,4.1949,7.3909,1.4589,3.3556,9.6719,6.5700,3.5711,4.6190,1.2047,2.1638,1.9539,3.3877,6.6800,9.6564,6.9095,8.6029,3.9649,12.4102,9.7146,9.7256,8.9931,12.1377,7.6213,8.7872,6.8171,5.8765,5.1667,1.1791,3.1497,2.7421,6.5836,6.3528,8.7974,4.8144,6.8114,4.4743,12.7613,10.6391,6.3773,7.5604,6.9962,5.5481,7.4277,6.8023,6.8664,6.9300,6.9943,7.0597,7.1040,7.1700,7.2373,7.3058,7.3750,7.4454,7.5173,7.5908,7.6657,7.7423,7.8205,7.9005,7.9823,8.0659,9.6099,9.6730,9.7372,9.8027,9.8694,9.9374,10.0067,10.0774,10.1494,10.2228,10.2976,10.3738,10.4514,10.5304,10.6108,10.6927,10.7759,10.8605,10.9464,11.0336,11.1221,11.2118,11.3027,11.3946,11.4876,11.5814,11.6761,11.7716,11.8676,11.8937,11.9927
45119.4583333,2.1412,5.0252,7.4127,11.2357,16.9206,9.3419,8.4967,4.2102,11.2333,11.8073,11.0539,7.0240,6.5034,9.2756,8.8811,6.1768,10.4952,7.3182,5.3659,3.5607,11.9407,4.1710,3.3968,5.3433,6.0927,15.6513,8.8263,2.5662,9.6791,2.4348,7.0739,3.2991,5.2463,6.5833,8.9760,7.6713,11.0931,11.2023,3.0500,13.9454,12.9119,9.8073,5.1830,7.1314,20.3049,10.2848,6.2596,7.4783,3.8988,4.9848,8.0449,10.2015,11.2115,9.1477,3.5288,4.1908,5.0743,10.0324,15.3070,12.1938,12.4381,7.2909,3.1607,2.8346,4.1264,4.1495,8.8478,8.5234,-2.0907,1.1847,5.5897,5.3858,4.5129,1.6808,5.8980,10.9535,8.8470,11.5512,5.3914,8.3161,22.6952,19.7752,15.0181,8.9422,6.3763,6.8712,15.1090,8.7822,13.8683,11.5141,13.1768,15.8559,17.0919,13.1174,4.9197,6.3741,7.7137,11.8463,9.0737,7.8325,11.2946,13.2804,9.9027,10.5709,14.5724,17.6732,14.7136,14.3734,6.8465,12.7751,7.4462,2.7974,10.7676,6.6295,10.5581,9.2433,5.0090,11.8536,10.2151,10.1504,1.5875,9.4192,5.8232,8.8123,6.5036,9.7754,9.7670,13.3819,8.7221,3.6069,6.0901,4.3124,4.1067,5.0686,8.0933,7.3298,7.2289,9.8648,5.3852,6.2711,4.5752,8.9658,6.7107,7.2587,9.9634,1.9949,4.6302,13.0588,6.0753,4.6813,4.3339,1.6056,3.8271,2.0567,4.4482,12.0277,12.9378,12.6693,8.4954,6.8196,16.5765,13.0912,9.7945,12.9957,15.6020,13.0082,14.3580,9.2297,7.9154,6.9650,1.4694,4.3045,3.5594,8.8203,8.4992,11.7765,6.2129,9.1819,5.8243,17.0048,10.9066,8.2810,7.3831,12.7949,7.4259,12.6821,11.5459,11.6099,11.6729,11.7360,11.8000,11.8370,11.9005,11.9649,12.0303,12.0958,12.1622,12.2296,12.2982,12.3679,12.4389,12.5111,12.5845,12.6593,12.7355,12.8131,12.8922,12.9728,13.0549,13.1386,13.2239,13.3108,13.3995,13.4898,13.5818,13.6756,13.7711,13.8684,13.9675,14.0683,14.1709,14.2752,14.3813,14.4890,14.5983,14.7092,14.8216,14.9355,15.0506,15.1671,15.2847,15.4033,15.5228,15.6431,15.6756,15.7995
45119.5000000,2.6468,7.0160,14.6928,15.6874,23.0882,18.1479,16.7101,5.4976,15.3017,16.1074,15.1712,13.5034,8.9705,12.7076,12.2663,11.8326,14.2101,13.2985,10.0656,7.5264,16.2678,4.8912,4.3858,7.2094,11.9616,21.0080,12.2639,2.6888,13.1753,3.2109,9.8622,4.1555,6.6527,11.9393,12.4390,10.6404,15.1337,15.2396,4.0378,18.7729,17.5562,17.8179,7.1200,8.9704,27.1435,13.8694,11.6935,13.6411,7.6533,6.6404,15.2000,13.8884,15.1621,16.7106,4.5637,4.9335,5.5686,13.8831,20.6107,16.5409,16.7964,13.7618,3.7847,3.6953,5.4897,6.3344,12.1231,11.6814,-4.2120,2.1933,10.3421,6.9830,5.9043,2.3823,7.6321,14.9554,12.0900,15.9899,7.0685,10.7942,30.4472,26.5107,20.3404,16.9272,8.3238,9.2247,20.4215,11.3125,18.9167,15.6278,18.0022,21.4761,23.0045,17.8065,9.7935,12.7348,14.6588,22.6542,17.0313,14.6411,15.2705,17.9516,13.4478,14.3652,19.5549,23.4658,19.5870,19.2479,9.1682,16.9643,9.8969,5.0816,14.6158,12.3662,14.3081,12.5943,6.4272,16.0187,13.9467,13.7764,3.0603,12.7254,8.0264,11.9010,12.5183,13.2353,13.0961,17.9039,11.8382,5.0597,8.3656,7.4148,5.5120,6.5898,14.6741,10.0551,9.8910,13.3224,10.0481,8.5989,6.4254,12.1399,9.2054,9.8526,13.4909,4.3583,6.4137,17.7378,7.8276,6.0841,5.5834,3.1228,5.2581,2.7138,5.7377,16.3742,17.4114,17.2010,15.7494,9.2653,22.2404,17.7466,17.7143,21.1788,25.7491,17.8055,19.3686,12.5676,10.7025,9.4202,2.8690,5.8980,7.0458,11.8530,11.3995,15.8280,7.9473,12.4355,10.6921,22.7491,19.1145,15.0638,13.9801,17.4107,14.5731,17.1078,15.5733,15.6524,15.7303,15.8083,15.8874,15.9331,16.0116,16.0912,16.1720,16.2531,16.3351,16.4185,16.5033,16.5895,16.6772,16.7664,16.8573,16.9497,17.0439,17.1399,17.2377,17.3373,17.4388,17.5423,17.6477,17.7552,17.8648,17.9765,18.0903,18.2062,18.3243,18.4446,18.5671,18.6917,18.8186,18.9475,19.0786,19.2118,19.3469,19.4840,19.6230,19.7637,19.9061,20.0500,20.1954,20.3420,20.4897,20.6383,20.6785,20.8317
45119.5416667,3.0443,11.8658,12.9689,13.7324,20.4294,16.0503,14.7546,8.3733,13.5895,14.2871,13.4159,11.9578,7.9539,11.2666,10.8283,10.4996,12.6720,11.8483,8.9507,6.6750,14.4394,4.4889,6.8656,6.6264,10.5773,18.7775,6.8390,2.3264,11.7208,2.9724,5.4781,3.4098,4.8546,10.5719,10.9582,9.3845,13.4297,13.5451,3.7285,16.7627,15.5924,15.8718,6.9537,9.0543,24.2882,12.3999,10.3932,12.0654,6.7884,6.3101,13.4909,12.3484,13.5232,14.8737,4.2291,4.4887,5.1528,7.8208,18.3908,14.7170,14.9819,12.2067,4.0925,3.4774,5.1411,8.4716,10.7526,10.3634,-3.6472,1.9907,9.2063,10.2255,9.1460,2.1588,7.0671,13.2665,10.7397,9.0135,6.5168,9.8661,27.1746,23.6850,18.0891,15.0063,8.0755,12.6200,18.1824,14.5323,16.7613,13.9055,15.9413,19.0922,20.5187,15.8276,8.6639,11.2647,13.0039,20.0391,15.1272,13.0011,13.6195,15.9939,11.9761,12.7806,17.4871,21.0932,17.5968,17.2341,8.2627,15.2740,8.9466,4.5572,13.0050,11.0038,12.7443,11.1946,5.9558,14.2776,8.4876,12.2610,2.7488,11.3603,7.1186,10.6303,6.8239,11.7919,11.7302,16.0246,10.5373,4.4705,5.0374,6.5881,5.1000,6.0939,12.9745,8.9050,6.0318,11.8743,8.9260,7.6271,5.6465,10.8111,8.1582,8.7767,12.0070,3.8425,5.6793,15.7368,7.2385,5.6261,7.7345,2.7888,4.6964,2.5005,5.3051,14.5232,15.5399,15.2768,14.0008,8.2688,19.8636,15.7759,15.7628,18.9040,22.9260,15.7422,17.2600,11.1738,9.5691,8.4337,2.5689,5.2800,6.2599,10.6284,10.2374,14.1583,10.3206,11.0968,9.5240,20.3603,17.0827,13.4169,12.4111,15.4538,12.8873,15.2632,13.9043,13.9782,14.0509,14.1238,14.1976,14.2403,14.3136,14.3879,14.4634,14.5390,14.6156,14.6935,14.7726,14.8531,14.9350,15.0183,15.1031,15.1894,15.2774,15.3670,15.4582,15.5512,15.6460,15.7426,15.8411,15.9414,16.0437,16.1480,16.2542,16.3625,16.4728,16.5851,16.6995,16.8159,16.9343,17.0547,17.1771,17.3014,17.4276,17.5556,17.6854,17.8168,17.9497,18.0841,18.2198,18.3567,18.4946,18.6334,18.6710,18.8140
45119.5833333,3.6627,16.2977,17.3036,9.7954,27.0697,21.3080,19.6595,6.2474,17.9046,18.8667,17.8306,15.8580,10.5523,14.9107,14.4597,13.8786,16.5636,15.5217,11.7944,8.8667,19.0401,5.5238,9.2843,13.7510,14.0786,24.3842,7.5658,2.7029,15.4027,3.6696,6.6983,4.5460,5.9781,14.0333,14.6925,12.5670,17.7234,17.8177,4.6123,21.8228,20.5279,20.7690,8.5249,18.2912,31.4427,16.1262,13.6938,16.0383,9.0135,13.7720,17.7975,16.2405,17.6644,19.5003,5.0696,5.5471,6.2332,8.6575,23.9677,19.3106,19.5567,16.1329,5.0435,4.3343,5.7181,5.5517,14.2237,13.7054,-4.9361,2.5885,12.1027,7.7232,6.4487,2.8080,14.7710,17.5224,14.1626,10.9523,8.0247,22.9618,35.3528,30.7619,23.7364,19.8330,18.4018,16.7256,23.8020,19.2344,22.1648,18.2483,21.1108,25.0654,26.7513,20.8015,11.5381,14.9770,17.1754,26.5711,19.9149,17.1373,17.7892,20.9189,15.7010,16.7827,22.6915,27.0638,22.6183,22.3068,10.5991,19.5541,11.3941,5.9419,17.0662,14.4516,16.6898,14.7322,11.6421,18.6596,10.2940,10.5019,3.6002,14.8107,9.4342,13.8441,14.8371,15.4236,15.1699,20.7294,13.8062,3.4695,9.8072,5.4952,5.6956,6.7516,17.2072,11.7824,11.5687,15.4800,11.7250,10.0538,7.5996,9.3784,6.7619,11.4515,15.6878,2.6956,4.3441,20.6910,8.7961,6.8800,10.2553,3.6410,6.1084,3.0770,10.7063,19.1183,20.1909,20.0558,18.3511,10.7670,25.7729,20.6806,20.6235,24.5674,29.9402,20.8747,22.5142,9.5087,12.4243,10.9303,3.3756,6.8742,8.2689,13.7282,13.1865,18.3600,13.5008,14.4796,12.4848,26.3445,22.1819,17.5607,16.3591,20.3583,17.1189,19.8987,18.1074,18.1949,18.2809,18.3672,18.4546,18.5052,18.5919,18.6798,18.7690,18.8585,18.9490,19.0411,19.1346,19.2298,19.3265,19.4250,19.5252,19.6273,19.7312,19.8370,19.9448,20.0547,20.1667,20.2808,20.3971,20.5156,20.6364,20.7596,20.8851,21.0129,21.1432,21.2758,21.4109,21.5483,21.6882,21.8304,21.9749,22.1218,22.2708,22.4220,22.5752,22.7304,22.8874,23.0462,23.2065,23.3681,23.5310,23.6950,23.7393,23.9083
45119.6250000,8.4453,21.8843,22.9722,19.2757,112.1720,30.1583,83.9573,13.9762,25.5829,76.5607,75.0512,65.8956,43.8349,61.2154,18.6540,56.5499,63.1299,59.9736,47.1338,37.0407,76.6113,12.7210,10.3401,59.6895,16.1586,89.2669,12.7837,3.3743,28.6156,8.6920,14.3333,7.3407,13.7525,24.2413,26.1316,55.0320,24.9573,25.3255,11.3240,81.1886,81.8581,28.2569,40.7025,78.6393,112.8647,59.5080,54.7554,67.5489,37.5768,28.7988,71.7978,64.3005,67.0806,75.8133,9.8292,9.0533,12.8398,17.4231,89.8204,75.4470,73.9871,65.7544,12.4412,9.6976,8.6210,12.8493,17.5518,56.0207,-23.3024,9.2629,16.6424,15.4999,13.0956,10.0995,21.0465,21.8821,56.9417,22.8768,18.4680,109.3149,131.1676,112.8581,33.7925,80.9259,84.3647,69.2965,91.7627,79.1364,90.7761,71.3529,87.1610,98.3874,100.5642,82.1237,13.6674,19.3896,23.7805,110.5978,28.2755,68.8092,67.5556,80.1794,60.9885,29.9127,82.6779,91.2514,77.1988,79.9078,35.4825,64.7899,36.1641,22.1069,24.4463,20.2408,64.4302,18.8944,16.4136,71.1660,19.9063,19.8213,4.5367,55.5711,11.4193,19.2352,68.2821,59.1251,54.0293,74.0737,53.5078,8.0174,9.6208,17.8772,8.4354,13.9193,71.7772,48.4664,46.6964,58.3319,16.3169,12.8218,17.6395,17.4835,13.2618,43.5054,60.0987,4.6518,7.4028,82.3730,17.8149,14.9516,12.5780,14.0047,22.8980,15.9080,45.4764,26.6785,74.7485,79.1801,71.7401,40.4737,94.4443,35.6343,79.6752,90.9403,114.2866,87.2389,85.3232,18.1983,45.7017,39.7033,13.3040,25.6373,33.6560,48.6071,45.7713,66.7402,51.8485,54.7372,17.7973,94.3932,81.3315,67.6820,22.2800,81.6370,23.7048,74.8301,67.5963,67.7095,67.8208,67.9323,68.0452,68.1110,68.2229,68.3364,68.4516,68.5669,68.6837,68.8023,68.9227,69.0452,69.1696,69.2962,69.4250,69.5560,69.6894,69.8252,69.9635,70.1044,70.2479,70.3941,70.5430,70.6948,70.8494,71.0069,71.1674,71.3309,71.4974,71.6669,71.8395,72.0151,72.1937,72.3753,72.5599,72.7473,72.9376,73.1305,73.3261,73.5242,73.7245,73.9271,74.1316,74.3378,74.5456,74.7548,74.8105,75.0261
45119.6666667,3.6585,8.8877,14.3265,12.8037,21.0097,18.5516,17.1990,7.5486,32.6152,17.0622,14.4907,14.1605,9.1906,13.3456,11.7338,12.4795,15.4745,14.3838,10.5747,7.5788,14.3854,6.2298,6.5969,10.7655,9.5591,42.8336,9.3841,3.3164,12.5031,4.1621,15.7875,6.1599,7.0078,13.4995,15.3608,11.3816,32.4338,32.3023,9.2060,20.6242,17.0761,18.8052,12.4036,16.0517,54.9575,28.1640,12.4378,29.8829,7.6407,11.3978,15.5311,29.3496,31.3514,17.8185,9.7167,7.1061,8.3567,12.3236,42.5531,17.9139,18.4411,14.6005,9.4601,8.0663,23.1919,9.8596,26.0365,25.0382,-4.4857,2.2133,9.4564,26.3729,8.4527,2.4093,12.3919,32.1341,12.7601,14.3510,18.1157,45.9502,62.8439,54.2940,21.7719,17.7842,35.9396,14.8719,42.8258,35.5731,41.0199,16.8938,17.5192,45.5345,47.6540,37.7596,9.0695,12.3611,15.1079,23.7127,18.0407,15.4842,16.7091,37.4368,14.4797,30.2213,39.7129,45.8677,38.4134,38.7192,17.4248,32.6648,18.3471,5.3384,13.7835,12.8932,15.2216,15.0968,9.1194,17.3894,13.5316,13.7694,2.9864,26.0051,7.6030,24.1748,10.9237,27.3947,26.0062,35.8816,24.5687,6.0347,7.1061,15.3946,9.2156,11.1303,31.9551,21.4770,20.8725,27.2660,20.9328,18.0236,5.6096,24.9030,8.8614,20.0362,14.5026,3.0653,7.7678,37.6896,10.2937,7.8244,8.2316,3.5987,5.4616,5.8186,19.7379,34.8816,35.4737,15.8826,16.5235,18.6658,45.2880,37.3157,36.9939,43.3337,53.7692,17.0426,40.0856,13.9112,21.4301,18.6356,2.6105,11.5586,7.3060,23.3365,22.1746,31.8858,23.8470,25.4414,11.3454,45.8138,38.8579,31.3276,29.7398,37.1672,14.9971,35.1934,31.8377,31.9481,32.0568,32.1657,32.2762,32.3405,32.4501,32.5613,32.6741,32.7873,32.9018,33.0183,33.1366,33.2569,33.3793,33.5039,33.6306,33.7597,33.8910,34.0248,34.1611,34.3000,34.4414,34.5856,34.7325,34.8822,35.0347,35.1901,35.3484,35.5097,35.6740,35.8413,36.0116,36.1848,36.3610,36.5402,36.7223,36.9072,37.0949,37.2852,37.4780,37.6733,37.8709,38.0706,38.2721,38.4755,38.6803,38.8864,38.9423,39.1547
45119.7083333,2.4043,5.6298,7.8247,7.0019,12.6077,10.3357,9.4183,4.5531,11.2901,9.5010,8.3286,7.7966,5.0875,7.3908,7.8966,6.9204,8.7831,8.1272,5.9284,3.8624,8.9517,3.8300,3.7557,5.8684,6.0640,20.2269,6.3824,2.1789,7.5187,2.7156,5.0059,3.5072,4.5087,6.6469,7.1003,5.4369,10.2486,14.6828,4.7497,11.8316,10.0790,10.8329,6.5952,8.7295,26.2321,13.1715,6.9443,13.2055,4.0608,6.0684,8.8415,9.3792,14.5119,10.1382,3.8787,4.5458,5.2857,7.0913,12.9952,10.0822,10.4840,8.0902,4.1035,4.4440,5.2071,4.5630,11.6188,8.4669,-2.3825,1.2660,5.9434,6.7289,4.7577,1.3828,6.7326,9.2030,7.1350,8.4501,6.4556,19.3377,21.5041,25.6803,12.3452,9.9228,15.3311,8.2335,19.7869,15.9353,18.4524,9.5098,10.1180,20.8931,22.2820,11.2956,5.2507,7.0227,8.5240,13.1327,10.1601,8.6793,9.4911,17.3083,8.1834,10.5179,12.0302,22.4131,18.6415,18.4252,8.3965,16.0066,9.0470,3.0646,8.4654,7.3607,8.6926,8.6126,5.2677,9.9009,7.8686,8.0021,1.9053,12.0569,4.4039,11.2247,8.2915,12.5974,12.3261,17.0742,11.2181,2.6183,4.4420,6.8351,5.3380,5.7669,14.1995,9.5172,9.3212,12.6286,9.4409,5.5239,3.4313,7.2911,5.1424,9.1796,8.2478,2.0117,3.2743,10.9080,6.8773,4.8145,4.7355,1.9694,3.1211,2.3385,8.5906,10.4103,10.6491,9.5010,8.8785,8.5674,21.3786,11.4457,13.2450,20.3587,24.9994,9.6954,18.6275,8.8766,9.9638,8.6769,1.7609,5.2222,4.0285,8.9599,10.5700,15.0202,10.9076,11.7341,6.4146,21.8224,18.2942,14.3896,13.3974,16.8314,8.2714,16.3684,14.8282,14.9002,14.9710,15.0421,15.1141,15.1559,15.2274,15.3000,15.3736,15.4475,15.5223,15.5983,15.6757,15.7543,15.8343,15.9157,15.9986,16.0830,16.1690,16.2566,16.3459,16.4368,16.5295,16.6239,16.7202,16.8184,16.9184,17.0204,17.1243,17.2301,17.3380,17.4478,17.5597,17.6735,17.7893,17.9070,18.0267,18.1482,18.2716,18.3967,18.5236,18.6520,18.7820,18.9133,19.0459,19.1797,19.3145,19.4501,19.4873,19.6271
45119.7500000,1.6398,3.8356,5.0961,4.7753,8.3441,6.6096,5.9735,3.0808,5.8309,6.0747,5.4655,4.9548,3.1531,4.7148,4.3003,4.4195,5.6596,5.2205,3.7632,2.6484,6.1622,2.5741,2.4001,3.9203,4.1353,8.9726,3.9591,1.4859,4.9984,1.8139,3.4929,2.0911,3.0234,4.5672,4.8946,3.7460,5.5886,8.5584,2.1657,7.6592,6.5315,7.0180,4.1431,5.4948,15.7054,5.6416,4.4474,5.2621,2.6929,3.8145,5.7095,5.4985,8.5410,6.5076,2.4817,2.9845,3.0917,4.9692,8.4441,6.4728,6.7605,5.1602,2.8282,1.9788,3.6112,2.6664,6.6989,5.5297,-1.4688,0.8315,3.8759,3.7738,3.1199,0.9097,4.2667,5.4482,4.4370,5.6945,3.8213,6.9522,12.8441,11.2953,7.9291,6.3555,5.4206,5.2283,8.4926,6.4435,7.3507,6.1070,6.9342,9.1957,9.4547,6.9181,3.4036,4.7744,5.4813,8.3552,6.5459,5.5607,5.9790,10.1850,5.2158,6.9758,8.0339,13.5710,11.2453,11.0065,5.0337,9.6980,5.4871,1.9963,5.6152,4.7725,5.6277,5.5650,3.5745,6.3489,5.1433,5.3712,1.1365,5.1236,2.8702,4.9619,5.1941,5.2325,5.4524,10.1973,4.7987,1.7220,3.0952,2.7172,3.1942,3.9781,8.1726,5.4610,5.3712,7.4314,5.4704,3.2776,2.2616,4.9188,3.3572,5.3640,5.2333,1.3713,2.2279,6.6415,4.2805,3.4568,3.0837,1.1469,2.0320,1.4191,3.7669,6.1996,6.9385,6.5607,5.9650,3.8323,12.7229,7.8695,7.9085,9.0540,10.8111,6.4365,10.9928,5.2136,4.5994,5.1131,1.0048,2.3950,2.5723,5.4568,5.0152,8.9221,6.3732,6.8884,4.1336,9.9617,10.8686,6.1732,7.7687,7.0019,5.2665,7.2622,6.6559,6.7343,6.8136,6.8948,6.9786,7.0437,7.1312,7.2216,7.3151,7.4112,7.5106,9.2779,9.3303,9.3837,9.4379,9.4932,9.5494,9.6067,9.6650,9.7245,9.7850,9.8467,9.9096,9.9738,10.0391,10.1058,10.1737,10.2429,10.3135,10.3854,10.4586,10.5333,10.6093,10.6866,10.7653,10.8454,10.9267,11.0094,11.0933,11.1784,11.2647,11.3521,11.4405,11.5299,11.6202,11.7113,11.8031,11.8955,11.9209,12.0161
45119.7916667,0.8011,1.8703,2.4622,2.3329,4.0388,3.1375,2.8208,1.4546,2.7975,2.8778,2.5996,2.3430,1.5403,2.2277,2.0340,2.0939,2.6953,2.4835,1.8100,1.2860,2.9694,1.2214,1.1724,1.9116,2.0200,4.1542,1.9338,0.7258,2.4268,0.7997,1.6205,1.0214,1.3250,2.0521,2.0013,1.7225,2.7057,2.8181,1.0068,3.6529,3.1901,3.3617,1.9433,2.5940,5.5706,2.7101,2.1109,2.3451,1.3068,1.7881,2.7282,2.5478,2.9369,3.1214,1.2120,1.2501,1.4542,2.2410,4.0101,3.0654,3.2092,2.4359,1.0725,0.9664,1.5104,1.3021,2.6042,2.3327,-0.6751,0.4057,1.8911,1.8375,1.5138,0.4421,2.0074,2.6604,2.1666,2.5511,1.7806,2.8121,5.9528,5.2284,3.7808,3.0111,2.3840,2.4829,3.8486,2.8828,3.3700,2.8960,3.2687,3.9969,4.4450,3.2705,1.6555,2.1686,2.6122,3.9557,3.1033,2.6423,2.9084,4.0585,2.5017,2.6682,3.9230,5.6521,4.0806,3.8617,1.9165,3.6051,2.3541,0.9590,2.7202,2.2762,2.6834,2.4770,1.7447,3.0417,2.4871,2.5879,0.5499,2.4415,1.3840,2.2999,1.9027,2.5431,2.6286,3.5941,2.2051,0.8191,1.4852,1.3294,1.5312,1.8361,2.5321,1.7475,2.1067,2.9896,2.1661,1.5213,0.9771,2.3420,1.6210,2.1593,2.5331,0.6693,1.0873,3.2207,2.0862,1.5772,1.4795,0.5464,0.9737,0.6839,1.5922,2.9671,3.3795,3.1752,2.9127,1.7566,4.4172,3.2857,3.5591,4.1449,4.9130,3.1069,3.7909,2.4071,2.1651,2.0955,0.4817,1.1063,1.2209,2.4188,2.3171,3.6309,2.1890,2.3887,1.9691,4.5793,4.4017,2.8260,2.5280,3.1561,2.4927,3.2962,3.0164,3.0423,3.0681,3.0941,3.1207,3.1351,3.1617,3.1889,3.2168,3.2450,3.2740,3.3037,3.3343,3.3658,3.3983,3.4318,3.4649,3.5004,3.5371,3.5752,3.6146,3.6555,3.6981,3.7423,3.7883,3.8363,3.8864,4.2522,4.2866,4.3216,4.3572,4.3935,4.4305,4.4681,4.5064,4.5453,4.5849,4.6251,4.6659,4.7073,4.7492,4.7918,4.8348,4.8783,4.9222,4.9665,5.0111,5.0561,5.0683,5.1147
45119.8333333,0.2358,0.5393,0.7204,0.6865,1.1885,0.9212,0.8277,0.4136,0.8133,0.8459,0.7648,0.6880,0.4533,0.6555,0.5967,0.6146,0.7914,0.7304,0.5318,0.3759,0.8607,0.3594,0.3449,0.5624,0.5943,1.2182,0.5689,0.2135,0.7101,0.2352,0.4541,0.3005,0.3898,0.6036,0.5887,0.5067,0.7959,0.8176,0.2906,1.0722,0.9383,0.9876,0.5702,0.7624,1.6030,0.7947,0.6194,0.6847,0.3833,0.5242,0.8011,0.7451,0.8479,0.9154,0.3564,0.3541,0.4276,0.6590,1.1706,0.9014,0.9437,0.7163,0.3154,0.2842,0.4387,0.3828,0.6267,0.6047,-0.1974,0.1193,0.5542,0.5368,0.4451,0.1300,0.5901,0.7821,0.6370,0.7500,0.5235,0.8267,1.7497,1.5367,1.1096,0.8826,0.7006,0.7288,1.1297,0.8473,0.9838,0.8502,0.9274,1.1683,1.3039,0.9611,0.4830,0.6373,0.7662,1.1605,0.9097,0.7748,0.8537,0.9970,0.7346,0.7777,1.1369,1.4516,1.1990,1.1347,0.5631,1.0593,0.6314,0.2815,0.7946,0.6674,0.7869,0.6715,0.5097,0.8923,0.7278,0.7498,0.1614,0.7167,0.4062,0.6857,0.5592,0.7311,0.7708,1.0554,0.6455,0.2355,0.4291,0.3867,0.4337,0.5125,0.7437,0.5133,0.5149,0.7461,0.5349,0.4459,0.2870,0.6728,0.4746,0.5432,0.7435,0.1966,0.3193,0.9459,0.6089,0.4606,0.4345,0.1596,0.2855,0.1962,0.4452,0.8641,0.9921,0.9292,0.8525,0.5148,1.2830,0.9629,0.9931,1.2112,1.4364,0.9256,1.0972,0.6725,0.6069,0.5379,0.1413,0.3236,0.3577,0.6957,0.6789,0.9147,0.6333,0.6913,0.5770,1.3375,1.1001,0.8260,0.7342,0.9207,0.7298,0.9616,0.8796,0.8866,0.8935,0.9004,0.9074,0.9114,0.9184,0.9254,0.9326,0.9397,0.9470,0.9544,0.9619,0.9695,0.9773,0.9852,0.9932,1.0014,1.0097,1.0182,1.0268,1.0357,1.0446,1.0538,1.0631,1.0726,1.0823,1.0922,1.1023,1.1125,1.1230,1.1336,1.1445,1.1555,1.1667,1.1781,1.1897,1.2015,1.2135,1.2256,1.2379,1.2504,1.2630,1.2757,1.2886,1.3016,1.3147,1.3278,1.3314,1.3450
45119.8750000,0.0000,0.0000,0.0000,0.0000,0.0000,0.0000,0.0000,0.0000,0.0000,0.0000,0.0000,0.0000,0.0000,0.0000,0.0000,0.0000,0.0000,0.0000,0.0000,0.0000,0.0000,0.0000,0.0000,0.0000,0.0000,0.0000,0.0000,0.0000,0.0000,0.0000,0.0000,0.0000,0.0000,0.0000,0.0000,0.0000,0.0000,0.0000,0.0000,0.0000,0.0000,0.0000,0.0000,0.0000,0.0000,0.0000,0.0000,0.0000,0.0000,0.0000,0.0000,0.0000,0.0000,0.0000,0.0000,0.0000,0.0000,0.0000,0.0000,0.0000,0.0000,0.0000,0.0000,0.0000,0.0000,0.0000,0.0000,0.0000,0.0000,0.0000,0.0000,0.0000,0.0000,0.0000,0.0000,0.0000,0.0000,0.0000,0.0000,0.0000,0.0000,0.0000,0.0000,0.0000,0.0000,0.0000,0.0000,0.0000,0.0000,0.0000,0.0000,0.0000,0.0000,0.0000,0.0000,0.0000,0.0000,0.0000,0.0000,0.0000,0.0000,0.0000,0.0000,0.0000,0.0000,0.0000,0.0000,0.0000,0.0000,0.0000,0.0000,0.0000,0.0000,0.0000,0.0000,0.0000,0.0000,0.0000,0.0000,0.0000,0.0000,0.0000,0.0000,0.0000,0.0000,0.0000,0.0000,0.0000,0.0000,0.0000,0.0000,0.0000,0.0000,0.0000,0.0000,0.0000,0.0000,0.0000,0.0000,0.0000,0.0000,0.0000,0.0000,0.0000,0.0000,0.0000,0.0000,0.0000,0.0000,0.0000,0.0000,0.0000,0.0000,0.0000,0.0000,0.0000,0.0000,0.0000,0.0000,0.0000,0.0000,0.0000,0.0000,0.0000,0.0000,0.0000,0.0000,0.0000,0.0000,0.0000,0.0000,0.0000,0.0000,0.0000,0.0000,0.0000,0.0000,0.0000,0.0000,0.0000,0.0000,0.0000,0.0000,0.0000,0.0000,0.0000,0.0000,0.0000,0.0000,0.0000,0.0000,0.0000,0.0000,0.0000,0.0000,0.0000,0.0000,0.0000,0.0000,0.0000,0.0000,0.0000,0.0000,0.0000,0.0000,0.0000,0.0000,0.0000,0.0000,0.0000,0.0000,0.0000,0.0000,0.0000,0.0000,0.0000,0.0000,0.0000,0.0000,0.0000,0.0000,0.0000,0.0000,0.0000,0.0000,0.0000,0.0000,0.0000,0.0000,0.0000,0.0000,0.0000,0.0000,0.0000,0.0000,0.0000
45119.9166667,0.0000,0.0000,0.0000,0.0000,0.0000,0.0000,0.0000,0.0000,0.0000,0.0000,0.0000,0.0000,0.0000,0.0000,0.0000,0.0000,0.0000,0.0000,0.0000,0.0000,0.0000,0.0000,0.0000,0.0000,0.0000,0.0000,0.0000,0.0000,0.0000,0.0000,0.0000,0.0000,0.0000,0.0000,0.0000,0.0000,0.0000,0.0000,0.0000,0.0000,0.0000,0.0000,0.0000,0.0000,0.0000,0.0000,0.0000,0.0000,0.0000,0.0000,0.0000,0.0000,0.0000,0.0000,0.0000,0.0000,0.0000,0.0000,0.0000,0.0000,0.0000,0.0000,0.0000,0.0000,0.0000,0.0000,0.0000,0.0000,0.0000,0.0000,0.0000,0.0000,0.0000,0.0000,0.0000,0.0000,0.0000,0.0000,0.0000,0.0000,0.0000,0.0000,0.0000,0.0000,0.0000,0.0000,0.0000,0.0000,0.0000,0.0000,0.0000,0.0000,0.0000,0.0000,0.0000,0.0000,0.0000,0.0000,0.0000,0.0000,0.0000,0.0000,0.0000,0.0000,0.0000,0.0000,0.0000,0.0000,0.0000,0.0000,0.0000,0.0000,0.0000,0.0000,0.0000,0.0000,0.0000,0.0000,0.0000,0.0000,0.0000,0.0000,0.0000,0.0000,0.0000,0.0000,0.0000,0.0000,0.0000,0.0000,0.0000,0.0000,0.0000,0.0000,0.0000,0.0000,0.0000,0.0000,0.0000,0.0000,0.0000,0.0000,0.0000,0.0000,0.0000,0.0000,0.0000,0.0000,0.0000,0.0000,0.0000,0.0000,0.0000,0.0000,0.0000,0.0000,0.0000,0.0000,0.0000,0.0000,0.0000,0.0000,0.0000,0.0000,0.0000,0.0000,0.0000,0.0000,0.0000,0.0000,0.0000,0.0000,0.0000,0.0000,0.0000,0.0000,0.0000,0.0000,0.0000,0.0000,0.0000,0.0000,0.0000,0.0000,0.0000,0.0000,0.0000,0.0000,0.0000,0.0000,0.0000,0.0000,0.0000,0.0000,0.0000,0.0000,0.0000,0.0000,0.0000,0.0000,0.0000,0.0000,0.0000,0.0000,0.0000,0.0000,0.0000,0.0000,0.0000,0.0000,0.0000,0.0000,0.0000,0.0000,0.0000,0.0000,0.0000,0.0000,0.0000,0.0000,0.0000,0.0000,0.0000,0.0000,0.0000,0.0000,0.0000,0.0000,0.0000,0.0000,0.0000,0.0000,0.0000,0.0000,0.0000,0.0000
45119.9583333,0.0000,0.0000,0.0000,0.0000,0.0000,0.0000,0.0000,0.0000,0.0000,0.0000,0.0000,0.0000,0.0000,0.0000,0.0000,0.0000,0.0000,0.0000,0.0000,0.0000,0.0000,0.0000,0.0000,0.0000,0.0000,0.0000,0.0000,0.0000,0.0000,0.0000,0.0000,0.0000,0.0000,0.0000,0.0000,0.0000,0.0000,0.0000,0.0000,0.0000,0.0000,0.0000,0.0000,0.0000,0.0000,0.0000,0.0000,0.0000,0.0000,0.0000,0.0000,0.0000,0.0000,0.0000,0.0000,0.0000,0.0000,0.0000,0.0000,0.0000,0.0000,0.0000,0.0000,0.0000,0.0000,0.0000,0.0000,0.0000,0.0000,0.0000,0.0000,0.0000,0.0000,0.0000,0.0000,0.0000,0.0000,0.0000,0.0000,0.0000,0.0000,0.0000,0.0000,0.0000,0.0000,0.0000,0.0000,0.0000,0.0000,0.0000,0.0000,0.0000,0.0000,0.0000,0.0000,0.0000,0.0000,0.0000,0.0000,0.0000,0.0000,0.0000,0.0000,0.0000,0.0000,0.0000,0.0000,0.0000,0.0000,0.0000,0.0000,0.0000,0.0000,0.0000,0.0000,0.0000,0.0000,0.0000,0.0000,0.0000,0.0000,0.0000,0.0000,0.0000,0.0000,0.0000,0.0000,0.0000,0.0000,0.0000,0.0000,0.0000,0.0000,0.0000,0.0000,0.0000,0.0000,0.0000,0.0000,0.0000,0.0000,0.0000,0.0000,0.0000,0.0000,0.0000,0.0000,0.0000,0.0000,0.0000,0.0000,0.0000,0.0000,0.0000,0.0000,0.0000,0.0000,0.0000,0.0000,0.0000,0.0000,0.0000,0.0000,0.0000,0.0000,0.0000,0.0000,0.0000,0.0000,0.0000,0.0000,0.0000,0.0000,0.0000,0.0000,0.0000,0.0000,0.0000,0.0000,0.0000,0.0000,0.0000,0.0000,0.0000,0.0000,0.0000,0.0000,0.0000,0.0000,0.0000,0.0000,0.0000,0.0000,0.0000,0.0000,0.0000,0.0000,0.0000,0.0000,0.0000,0.0000,0.0000,0.0000,0.0000,0.0000,0.0000,0.0000,0.0000,0.0000,0.0000,0.0000,0.0000,0.0000,0.0000,0.0000,0.0000,0.0000,0.0000,0.0000,0.0000,0.0000,0.0000,0.0000,0.0000,0.0000,0.0000,0.0000,0.0000,0.0000,0.0000,0.0000,0.0000,0.0000,0.0000,0.0000,0.0000
45120.0000000,0.0000,0.0000,0.0000,0.0000,0.0000,0.0000,0.0000,0.0000,0.0000,0.0000,0.0000,0.0000,0.0000,0.0000,0.0000,0.0000,0.0000,0.0000,0.0000,0.0000,0.0000,0.0000,0.0000,0.0000,0.0000,0.0000,0.0000,0.0000,0.0000,0.0000,0.0000,0.0000,0.0000,0.0000,0.0000,0.0000,0.0000,0.0000,0.0000,0.0000,0.0000,0.0000,0.0000,0.0000,0.0000,0.0000,0.0000,0.0000,0.0000,0.0000,0.0000,0.0000,0.0000,0.0000,0.0000,0.0000,0.0000,0.0000,0.0000,0.0000,0.0000,0.0000,0.0000,0.0000,0.0000,0.0000,0.0000,0.0000,0.0000,0.0000,0.0000,0.0000,0.0000,0.0000,0.0000,0.0000,0.0000,0.0000,0.0000,0.0000,0.0000,0.0000,0.0000,0.0000,0.0000,0.0000,0.0000,0.0000,0.0000,0.0000,0.0000,0.0000,0.0000,0.0000,0.0000,0.0000,0.0000,0.0000,0.0000,0.0000,0.0000,0.0000,0.0000,0.0000,0.0000,0.0000,0.0000,0.0000,0.0000,0.0000,0.0000,0.0000,0.0000,0.0000,0.0000,0.0000,0.0000,0.0000,0.0000,0.0000,0.0000,0.0000,0.0000,0.0000,0.0000,0.0000,0.0000,0.0000,0.0000,0.0000,0.0000,0.0000,0.0000,0.0000,0.0000,0.0000,0.0000,0.0000,0.0000,0.0000,0.0000,0.0000,0.0000,0.0000,0.0000,0.0000,0.0000,0.0000,0.0000,0.0000,0.0000,0.0000,0.0000,0.0000,0.0000,0.0000,0.0000,0.0000,0.0000,0.0000,0.0000,0.0000,0.0000,0.0000,0.0000,0.0000,0.0000,0.0000,0.0000,0.0000,0.0000,0.0000,0.0000,0.0000,0.0000,0.0000,0.0000,0.0000,0.0000,0.0000,0.0000,0.0000,0.0000,0.0000,0.0000,0.0000,0.0000,0.0000,0.0000,0.0000,0.0000,0.0000,0.0000,0.0000,0.0000,0.0000,0.0000,0.0000,0.0000,0.0000,0.0000,0.0000,0.0000,0.0000,0.0000,0.0000,0.0000,0.0000,0.0000,0.0000,0.0000,0.0000,0.0000,0.0000,0.0000,0.0000,0.0000,0.0000,0.0000,0.0000,0.0000,0.0000,0.0000,0.0000,0.0000,0.0000,0.0000,0.0000,0.0000,0.0000,0.0000,0.0000,0.0000,0.0000,0.0000,0.0000
45120.0416667,0.0000,0.0000,0.0000,0.0000,0.0000,0.0000,0.0000,0.0000,0.0000,0.0000,0.0000,0.0000,0.0000,0.0000,0.0000,0.0000,0.0000,0.0000,0.0000,0.0000,0.0000,0.0000,0.0000,0.0000,0.0000,0.0000,0.0000,0.0000,0.0000,0.0000,0.0000,0.0000,0.0000,0.0000,0.0000,0.0000,0.0000,0.0000,0.0000,0.0000,0.0000,0.0000,0.0000,0.0000,0.0000,0.0000,0.0000,0.0000,0.0000,0.0000,0.0000,0.0000,0.0000,0.0000,0.0000,0.0000,0.0000,0.0000,0.0000,0.0000,0.0000,0.0000,0.0000,0.0000,0.0000,0.0000,0.0000,0.0000,0.0000,0.0000,0.0000,0.0000,0.0000,0.0000,0.0000,0.0000,0.0000,0.0000,0.0000,0.0000,0.0000,0.0000,0.0000,0.0000,0.0000,0.0000,0.0000,0.0000,0.0000,0.0000,0.0000,0.0000,0.0000,0.0000,0.0000,0.0000,0.0000,0.0000,0.0000,0.0000,0.0000,0.0000,0.0000,0.0000,0.0000,0.0000,0.0000,0.0000,0.0000,0.0000,0.0000,0.0000,0.0000,0.0000,0.0000,0.0000,0.0000,0.0000,0.0000,0.0000,0.0000,0.0000,0.0000,0.0000,0.0000,0.0000,0.0000,0.0000,0.0000,0.0000,0.0000,0.0000,0.0000,0.0000,0.0000,0.0000,0.0000,0.0000,0.0000,0.0000,0.0000,0.0000,0.0000,0.0000,0.0000,0.0000,0.0000,0.0000,0.0000,0.0000,0.0000,0.0000,0.0000,0.0000,0.0000,0.0000,0.0000,0.0000,0.0000,0.0000,0.0000,0.0000,0.0000,0.0000,0.0000,0.0000,0.0000,0.0000,0.0000,0.0000,0.0000,0.0000,0.0000,0.0000,0.0000,0.0000,0.0000,0.0000,0.0000,0.0000,0.0000,0.0000,0.0000,0.0000,0.0000,0.0000,0.0000,0.0000,0.0000,0.0000,0.0000,0.0000,0.0000,0.0000,0.0000,0.0000,0.0000,0.0000,0.0000,0.0000,0.0000,0.0000,0.0000,0.0000,0.0000,0.0000,0.0000,0.0000,0.0000,0.0000,0.0000,0.0000,0.0000,0.0000,0.0000,0.0000,0.0000,0.0000,0.0000,0.0000,0.0000,0.0000,0.0000,0.0000,0.0000,0.0000,0.0000,0.0000,0.0000,0.0000,0.0000,0.0000,0.0000,0.0000,0.0000,0.0000
45120.0833333,0.0000,0.0000,0.0000,0.0000,0.0000,0.0000,0.0000,0.0000,0.0000,0.0000,0.0000,0.0000,0.0000,0.0000,0.0000,0.0000,0.0000,0.0000,0.0000,0.0000,0.0000,0.0000,0.0000,0.0000,0.0000,0.0000,0.0000,0.0000,0.0000,0.0000,0.0000,0.0000,0.0000,0.0000,0.0000,0.0000,0.0000,0.0000,0.0000,0.0000,0.0000,0.0000,0.0000,0.0000,0.0000,0.0000,0.0000,0.0000,0.0000,0.0000,0.0000,0.0000,0.0000,0.0000,0.0000,0.0000,0.0000,0.0000,0.0000,0.0000,0.0000,0.0000,0.0000,0.0000,0.0000,0.0000,0.0000,0.0000,0.0000,0.0000,0.0000,0.0000,0.0000,0.0000,0.0000,0.0000,0.0000,0.0000,0.0000,0.0000,0.0000,0.0000,0.0000,0.0000,0.0000,0.0000,0.0000,0.0000,0.0000,0.0000,0.0000,0.0000,0.0000,0.0000,0.0000,0.0000,0.0000,0.0000,0.0000,0.0000,0.0000,0.0000,0.0000,0.0000,0.0000,0.0000,0.0000,0.0000,0.0000,0.0000,0.0000,0.0000,0.0000,0.0000,0.0000,0.0000,0.0000,0.0000,0.0000,0.0000,0.0000,0.0000,0.0000,0.0000,0.0000,0.0000,0.0000,0.0000,0.0000,0.0000,0.0000,0.0000,0.0000,0.0000,0.0000,0.0000,0.0000,0.0000,0.0000,0.0000,0.0000,0.0000,0.0000,0.0000,0.0000,0.0000,0.0000,0.0000,0.0000,0.0000,0.0000,0.0000,0.0000,0.0000,0.0000,0.0000,0.0000,0.0000,0.0000,0.0000,0.0000,0.0000,0.0000,0.0000,0.0000,0.0000,0.0000,0.0000,0.0000,0.0000,0.0000,0.0000,0.0000,0.0000,0.0000,0.0000,0.0000,0.0000,0.0000,0.0000,0.0000,0.0000,0.0000,0.0000,0.0000,0.0000,0.0000,0.0000,0.0000,0.0000,0.0000,0.0000,0.0000,0.0000,0.0000,0.0000,0.0000,0.0000,0.0000,0.0000,0.0000,0.0000,0.0000,0.0000,0.0000,0.0000,0.0000,0.0000,0.0000,0.0000,0.0000,0.0000,0.0000,0.0000,0.0000,0.0000,0.0000,0.0000,0.0000,0.0000,0.0000,0.0000,0.0000,0.0000,0.0000,0.0000,0.0000,0.0000,0.0000,0.0000,0.0000,0.0000,0.0000,0.0000,0.0000,0.0000
45120.1250000,0.0000,0.0000,0.0000,0.0000,0.0000,0.0000,0.0000,0.0000,0.0000,0.0000,0.0000,0.0000,0.0000,0.0000,0.0000,0.0000,0.0000,0.0000,0.0000,0.0000,0.0000,0.0000,0.0000,0.0000,0.0000,0.0000,0.0000,0.0000,0.0000,0.0000,0.0000,0.0000,0.0000,0.0000,0.0000,0.0000,0.0000,0.0000,0.0000,0.0000,0.0000,0.0000,0.0000,0.0000,0.0000,0.0000,0.0000,0.0000,0.0000,0.0000,0.0000,0.0000,0.0000,0.0000,0.0000,0.0000,0.0000,0.0000,0.0000,0.0000,0.0000,0.0000,0.0000,0.0000,0.0000,0.0000,0.0000,0.0000,0.0000,0.0000,0.0000,0.0000,0.0000,0.0000,0.0000,0.0000,0.0000,0.0000,0.0000,0.0000,0.0000,0.0000,0.0000,0.0000,0.0000,0.0000,0.0000,0.0000,0.0000,0.0000,0.0000,0.0000,0.0000,0.0000,0.0000,0.0000,0.0000,0.0000,0.0000,0.0000,0.0000,0.0000,0.0000,0.0000,0.0000,0.0000,0.0000,0.0000,0.0000,0.0000,0.0000,0.0000,0.0000,0.0000,0.0000,0.0000,0.0000,0.0000,0.0000,0.0000,0.0000,0.0000,0.0000,0.0000,0.0000,0.0000,0.0000,0.0000,0.0000,0.0000,0.0000,0.0000,0.0000,0.0000,0.0000,0.0000,0.0000,0.0000,0.0000,0.0000,0.0000,0.0000,0.0000,0.0000,0.0000,0.0000,0.0000,0.0000,0.0000,0.0000,0.0000,0.0000,0.0000,0.0000,0.0000,0.0000,0.0000,0.0000,0.0000,0.0000,0.0000,0.0000,0.0000,0.0000,0.0000,0.0000,0.0000,0.0000,0.0000,0.0000,0.0000,0.0000,0.0000,0.0000,0.0000,0.0000,0.0000,0.0000,0.0000,0.0000,0.0000,0.0000,0.0000,0.0000,0.0000,0.0000,0.0000,0.0000,0.0000,0.0000,0.0000,0.0000,0.0000,0.0000,0.0000,0.0000,0.0000,0.0000,0.0000,0.0000,0.0000,0.0000,0.0000,0.0000,0.0000,0.0000,0.0000,0.0000,0.0000,0.0000,0.0000,0.0000,0.0000,0.0000,0.0000,0.0000,0.0000,0.0000,0.0000,0.0000,0.0000,0.0000,0.0000,0.0000,0.0000,0.0000,0.0000,0.0000,0.0000,0.0000,0.0000,0.0000,0.0000,0.0000,0.0000,0.0000
45120.1666667,0.0000,0.0000,0.0000,0.0000,0.0000,0.0000,0.0000,0.0000,0.0000,0.0000,0.0000,0.0000,0.0000,0.0000,0.0000,0.0000,0.0000,0.0000,0.0000,0.0000,0.0000,0.0000,0.0000,0.0000,0.0000,0.0000,0.0000,0.0000,0.0000,0.0000,0.0000,0.0000,0.0000,0.0000,0.0000,0.0000,0.0000,0.0000,0.0000,0.0000,0.0000,0.0000,0.0000,0.0000,0.0000,0.0000,0.0000,0.0000,0.0000,0.0000,0.0000,0.0000,0.0000,0.0000,0.0000,0.0000,0.0000,0.0000,0.0000,0.0000,0.0000,0.0000,0.0000,0.0000,0.0000,0.0000,0.0000,0.0000,0.0000,0.0000,0.0000,0.0000,0.0000,0.0000,0.0000,0.0000,0.0000,0.0000,0.0000,0.0000,0.0000,0.0000,0.0000,0.0000,0.0000,0.0000,0.0000,0.0000,0.0000,0.0000,0.0000,0.0000,0.0000,0.0000,0.0000,0.0000,0.0000,0.0000,0.0000,0.0000,0.0000,0.0000,0.0000,0.0000,0.0000,0.0000,0.0000,0.0000,0.0000,0.0000,0.0000,0.0000,0.0000,0.0000,0.0000,0.0000,0.0000,0.0000,0.0000,0.0000,0.0000,0.0000,0.0000,0.0000,0.0000,0.0000,0.0000,0.0000,0.0000,0.0000,0.0000,0.0000,0.0000,0.0000,0.0000,0.0000,0.0000,0.0000,0.0000,0.0000,0.0000,0.0000,0.0000,0.0000,0.0000,0.0000,0.0000,0.0000,0.0000,0.0000,0.0000,0.0000,0.0000,0.0000,0.0000,0.0000,0.0000,0.0000,0.0000,0.0000,0.0000,0.0000,0.0000,0.0000,0.0000,0.0000,0.0000,0.0000,0.0000,0.0000,0.0000,0.0000,0.0000,0.0000,0.0000,0.0000,0.0000,0.0000,0.0000,0.0000,0.0000,0.0000,0.0000,0.0000,0.0000,0.0000,0.0000,0.0000,0.0000,0.0000,0.0000,0.0000,0.0000,0.0000,0.0000,0.0000,0.0000,0.0000,0.0000,0.0000,0.0000,0.0000,0.0000,0.0000,0.0000,0.0000,0.0000,0.0000,0.0000,0.0000,0.0000,0.0000,0.0000,0.0000,0.0000,0.0000,0.0000,0.0000,0.0000,0.0000,0.0000,0.0000,0.0000,0.0000,0.0000,0.0000,0.0000,0.0000,0.0000,0.0000,0.0000,0.0000,0.0000,0.0000,0.0000,0.0000
45120.2083333,0.0000,0.0000,0.0000,0.0000,0.0000,0.0000,0.0000,0.0000,0.0000,0.0000,0.0000,0.0000,0.0000,0.0000,0.0000,0.0000,0.0000,0.0000,0.0000,0.0000,0.0000,0.0000,0.0000,0.0000,0.0000,0.0000,0.0000,0.0000,0.0000,0.0000,0.0000,0.0000,0.0000,0.0000,0.0000,0.0000,0.0000,0.0000,0.0000,0.0000,0.0000,0.0000,0.0000,0.0000,0.0000,0.0000,0.0000,0.0000,0.0000,0.0000,0.0000,0.0000,0.0000,0.0000,0.0000,0.0000,0.0000,0.0000,0.0000,0.0000,0.0000,0.0000,0.0000,0.0000,0.0000,0.0000,0.0000,0.0000,0.0000,0.0000,0.0000,0.0000,0.0000,0.0000,0.0000,0.0000,0.0000,0.0000,0.0000,0.0000,0.0000,0.0000,0.0000,0.0000,0.0000,0.0000,0.0000,0.0000,0.0000,0.0000,0.0000,0.0000,0.0000,0.0000,0.0000,0.0000,0.0000,0.0000,0.0000,0.0000,0.0000,0.0000,0.0000,0.0000,0.0000,0.0000,0.0000,0.0000,0.0000,0.0000,0.0000,0.0000,0.0000,0.0000,0.0000,0.0000,0.0000,0.0000,0.0000,0.0000,0.0000,0.0000,0.0000,0.0000,0.0000,0.0000,0.0000,0.0000,0.0000,0.0000,0.0000,0.0000,0.0000,0.0000,0.0000,0.0000,0.0000,0.0000,0.0000,0.0000,0.0000,0.0000,0.0000,0.0000,0.0000,0.0000,0.0000,0.0000,0.0000,0.0000,0.0000,0.0000,0.0000,0.0000,0.0000,0.0000,0.0000,0.0000,0.0000,0.0000,0.0000,0.0000,0.0000,0.0000,0.0000,0.0000,0.0000,0.0000,0.0000,0.0000,0.0000,0.0000,0.0000,0.0000,0.0000,0.0000,0.0000,0.0000,0.0000,0.0000,0.0000,0.0000,0.0000,0.0000,0.0000,0.0000,0.0000,0.0000,0.0000,0.0000,0.0000,0.0000,0.0000,0.0000,0.0000,0.0000,0.0000,0.0000,0.0000,0.0000,0.0000,0.0000,0.0000,0.0000,0.0000,0.0000,0.0000,0.0000,0.0000,0.0000,0.0000,0.0000,0.0000,0.0000,0.0000,0.0000,0.0000,0.0000,0.0000,0.0000,0.0000,0.0000,0.0000,0.0000,0.0000,0.0000,0.0000,0.0000,0.0000,0.0000,0.0000,0.0000,0.0000,0.0000,0.0000,0.0000
45120.2500000,0.1235,0.2860,0.3793,0.3649,0.6369,0.4890,0.4387,0.2138,0.4270,0.4449,0.4021,0.3597,0.2292,0.3410,0.3114,0.3181,0.4120,0.3791,0.2709,0.1874,0.4538,0.1870,0.1749,0.2928,0.3092,0.6459,0.2979,0.1079,0.3694,0.1176,0.2348,0.1571,0.2030,0.3140,0.3086,0.2628,0.4187,0.4296,0.1495,0.5664,0.4967,0.5216,0.3010,0.4033,0.8580,0.4126,0.3204,0.3592,0.1922,0.2742,0.4215,0.3896,0.4440,0.4828,0.1815,0.1857,0.2232,0.3480,0.6226,0.4762,0.4977,0.3763,0.1659,0.1498,0.2293,0.2010,0.3287,0.3173,-0.1234,0.0549,0.2966,0.2906,0.2413,0.0649,0.3217,0.4273,0.3473,0.4116,0.2873,0.4550,0.9636,0.8457,0.6099,0.4845,0.3850,0.3996,0.6212,0.4655,0.5412,0.4667,0.5103,0.6434,0.7181,0.5288,0.2645,0.3500,0.4212,0.6394,0.5004,0.4258,0.4691,0.5487,0.3961,0.4203,0.6172,0.7889,0.6495,0.6148,0.2964,0.5707,0.3325,0.1449,0.4295,0.3594,0.4250,0.3619,0.2732,0.4832,0.3939,0.4051,0.0801,0.3859,0.2165,0.3621,0.3033,0.3948,0.4150,0.5726,0.3479,0.1236,0.2293,0.2055,0.2323,0.2764,0.4040,0.2763,0.2768,0.4032,0.2874,0.2387,0.1530,0.3625,0.2544,0.2913,0.4023,0.1027,0.1694,0.5152,0.3301,0.2494,0.2333,0.0808,0.1492,0.1043,0.2396,0.4703,0.5395,0.5029,0.4626,0.2742,0.6995,0.5234,0.5285,0.6598,0.7851,0.4911,0.5898,0.3636,0.3263,0.2882,0.0717,0.1696,0.1906,0.3749,0.3658,0.4976,0.3431,0.3752,0.3126,0.7323,0.6015,0.4507,0.4007,0.5041,0.3991,0.5259,0.4806,0.4846,0.4885,0.4924,0.4964,0.4987,0.5027,0.5067,0.5107,0.5148,0.5189,0.5230,0.5272,0.5315,0.5359,0.5403,0.5448,0.5494,0.5540,0.5587,0.5635,0.5684,0.5734,0.5785,0.5837,0.5889,0.5943,0.5998,0.6053,0.6110,0.6167,0.6226,0.6286,0.6347,0.6408,0.6471,0.6535,0.6600,0.6666,0.6732,0.6800,0.6868,0.6938,0.7008,0.7078,0.7150,0.7221,0.7294,0.7313,0.7388
45120.2916667,0.7404,1.7152,2.2752,2.1889,3.8206,2.9515,2.6318,1.2828,2.5748,2.6749,2.4180,2.1630,1.3821,2.0503,1.8683,1.9086,2.4796,2.2787,1.6252,1.1242,2.7227,1.1223,1.0498,1.8154,1.8821,3.9000,1.7911,0.6475,2.2277,0.7123,1.4107,0.9507,1.3034,1.9810,1.8526,1.5776,2.5268,2.5979,0.9522,3.4155,2.9824,3.1379,1.8075,2.4222,5.1528,2.4779,1.9240,2.1572,1.1540,1.6465,2.5649,2.3525,2.7421,2.9129,1.0899,1.1235,1.3395,2.0946,3.7418,2.8705,3.0020,2.2579,0.9940,0.8973,1.5768,1.2024,1.9617,1.8883,-0.7796,0.2865,1.7349,1.7178,1.4272,0.3430,1.9191,2.5301,2.0550,2.4595,1.7426,2.7107,5.7774,5.0481,3.6470,3.1993,2.2920,2.3740,3.7022,2.7728,3.2297,2.7801,3.0470,3.8466,4.2961,3.1630,1.5778,2.0932,2.5213,3.8349,2.9998,2.5670,2.8190,3.2908,2.3773,2.6019,3.7457,5.4327,4.4728,4.3098,1.9646,3.8754,2.1770,0.8686,2.6033,2.1584,2.5830,2.2423,1.6468,2.9111,2.3791,2.4450,0.4784,2.3434,1.3037,2.1747,1.8227,2.4271,2.4966,3.4551,2.0903,0.7428,1.3836,1.2469,1.4161,2.0639,2.4466,1.7099,1.6653,2.6281,2.0542,1.4353,0.9199,2.1977,1.5405,1.7518,2.4202,0.6175,1.0184,3.1010,2.0003,1.5082,1.4104,0.4852,0.8975,0.6386,1.4518,2.8363,3.2526,3.0263,2.7837,1.6489,4.2092,3.1491,3.3489,3.9792,4.7659,2.9758,3.5823,2.1961,1.9806,1.7737,0.4252,1.1250,1.1392,2.2519,2.1875,3.1724,2.0638,2.2454,1.8733,4.4054,3.6076,2.6969,2.4111,3.0334,2.3925,3.1487,2.8748,2.8987,2.9223,2.9461,2.9702,2.9848,3.0161,3.0331,3.0580,3.0831,3.1085,3.1345,3.1609,3.1879,3.2155,3.2436,3.2729,3.3023,3.3324,3.3632,3.3947,3.4270,3.4601,3.4940,3.5288,3.6104,3.5970,3.6341,3.6722,3.7113,3.7514,3.7927,3.8351,3.8788,3.8791,3.9777,4.0264,4.0767,4.1287,4.1825,4.2382,4.2960,4.3559,4.4182,4.4830,4.8244,4.8680,4.9119,4.9241,4.9693
45120.3333333,1.5214,3.5244,4.7291,4.4979,7.8511,6.1432,5.4082,2.6361,5.5213,5.6100,5.0638,4.5446,2.8938,4.2763,3.8394,3.9371,7.4377,4.7697,3.8628,2.3378,5.8357,2.3569,2.1575,4.3224,4.1293,8.0286,3.7564,1.3308,4.7563,1.5898,3.1623,2.2183,4.8338,5.0899,4.0926,3.2556,5.3435,5.8619,2.0969,7.3156,6.1303,6.5709,3.7155,4.9791,10.8680,5.3521,3.9549,4.4344,2.3721,3.6654,5.9683,5.4909,8.0245,6.2932,2.3000,2.7749,3.0563,4.6077,8.0287,6.0081,7.1029,4.7546,2.0432,1.8442,3.8242,2.4713,6.2600,4.3768,-2.2467,0.5545,3.7164,3.6253,3.3327,0.6377,4.0088,5.4652,4.1872,5.0945,3.6150,5.8734,11.8504,10.8239,7.5364,9.2068,4.6512,4.9946,7.6558,5.6161,6.5539,5.6177,6.1801,7.8137,9.4275,7.4812,3.3398,4.3246,5.2092,8.0335,6.1831,6.0653,5.7334,7.2764,4.9484,7.7510,8.4892,13.1749,10.8650,10.6688,4.6390,9.3142,5.0784,1.9124,5.5580,4.4849,5.8868,6.7544,3.4174,5.9837,5.1245,5.1957,0.9781,6.8364,2.6849,4.6909,3.8241,5.1180,5.3555,7.3284,4.5396,1.5466,2.9671,2.8485,4.3998,5.4907,5.0556,3.6340,3.4516,7.2005,5.2548,2.9750,1.8879,4.5517,3.1574,3.6606,5.1006,1.2666,2.2047,6.4465,4.1402,3.3012,2.8945,0.9955,1.8511,1.3497,3.0826,5.9281,7.0321,6.2621,5.9764,3.4403,12.5028,6.6942,8.2899,8.1771,10.6783,6.5380,7.4621,5.2408,4.5606,4.8601,0.8783,2.7469,2.3760,5.1739,4.6685,8.6590,4.2766,4.8396,3.9005,9.3949,7.7781,5.6357,4.9320,6.2536,4.9061,6.5858,6.0126,6.2909,6.1190,6.1738,6.2297,6.2665,6.3232,6.3812,6.4406,6.5007,6.5623,6.6254,6.6902,6.7567,6.8250,6.8952,6.9674,7.0416,7.1181,7.2102,7.2924,7.3773,7.4648,7.5552,7.6484,7.7448,7.8443,7.9471,8.0534,8.1632,8.2768,8.3943,8.5157,8.6414,8.7715,8.9060,9.0452,9.1892,10.8358,10.9214,11.0082,11.0962,11.1851,11.2750,11.3658,11.4573,11.5495,11.6422,11.6700,11.7654
45120.3750000,2.6680,6.1807,8.5167,7.8882,18.6305,11.9351,9.4853,6.7366,12.3792,10.8939,9.7919,8.1332,5.6222,8.2625,7.0541,7.3876,18.2810,8.5094,12.5708,4.4632,13.7969,4.5582,3.7844,8.8025,7.5762,18.1424,7.4345,2.3345,10.3820,4.6352,6.2587,7.4873,13.6582,15.8327,17.1522,14.2726,11.3749,10.6516,4.0486,16.0897,11.1060,12.5891,6.5186,9.1383,20.6735,11.6593,7.7963,7.7803,4.6565,6.6047,20.4036,18.2487,19.6863,14.1307,4.5586,10.6192,5.2874,11.0627,27.4669,11.6008,22.0391,9.2703,3.5851,3.2359,8.6088,4.3368,15.9690,15.2873,-9.2431,0.9568,12.9824,6.5137,10.5415,1.0856,8.9483,20.1825,7.8549,13.1162,6.7474,11.2781,27.3290,23.6861,14.4152,23.2366,8.1121,8.9155,13.4369,9.7750,11.4148,20.8293,25.0680,16.9755,21.4361,24.2415,7.4390,8.1036,9.8567,15.5945,11.6847,19.7781,10.2479,24.1845,9.4032,19.0799,25.7934,30.2879,25.0638,25.1890,10.4447,21.2065,11.2187,5.3500,9.9692,8.3914,19.0846,16.8295,6.4024,11.4753,11.6770,11.1313,1.6941,16.5977,4.7959,15.3733,7.1880,9.6361,16.7529,23.6226,15.6402,2.9718,6.6373,9.3060,11.3088,14.3052,11.2708,6.4162,6.4250,17.5846,13.1499,5.4403,3.5115,8.6052,12.0916,6.9524,10.4822,2.3310,5.0252,13.9257,10.3111,5.9636,6.6802,1.7654,3.2559,3.1702,5.5466,11.3330,23.3471,11.0145,13.0365,6.4895,30.1391,15.6026,17.6731,14.9176,26.4511,16.6897,14.9437,16.8563,13.6086,11.6858,1.9337,6.7037,4.4083,14.9183,14.1327,20.8085,7.8837,10.7346,7.4690,20.0012,25.6186,10.7667,8.9189,11.6498,9.1657,11.7435,11.5122,11.6447,11.7780,11.9138,12.0530,12.1599,12.3034,12.4507,12.6019,12.7563,12.9147,13.0776,13.2452,13.4178,13.5953,13.7782,13.9666,14.1608,14.3609,14.5672,14.7800,14.9994,15.2258,15.4594,15.7005,15.9494,16.2063,16.4716,16.7454,17.0283,23.5951,23.7227,23.8527,23.9853,24.1203,24.2578,24.3978,24.5401,24.6849,24.8319,24.9812,25.1326,25.2860,25.4414,25.5985,25.7573,25.9175,26.0791,26.1278,26.2948
45120.4166667,3.2834,7.6062,13.1174,11.8974,45.0727,16.3828,15.1149,7.1116,28.3781,14.8709,13.5440,12.2380,7.7436,11.4210,8.6094,10.4395,25.3495,12.4089,17.7415,5.3217,14.7320,7.2355,4.8032,10.3568,10.5384,37.8315,10.4814,5.4390,23.8559,6.0127,18.9144,9.5471,19.6376,22.2641,24.2019,20.2454,28.2807,15.8068,5.2017,33.8789,18.3196,16.7737,8.0226,10.8696,49.1346,24.2323,10.6608,11.3379,6.3568,10.5728,28.3798,25.4079,27.2339,30.7347,6.0648,14.2815,7.1304,27.2990,37.6667,15.7417,30.3925,12.7064,5.0596,4.8308,12.4489,11.8764,22.4029,21.4733,-11.9738,1.2687,18.2609,7.9137,13.8379,1.4388,9.6881,28.0691,10.7398,32.0891,9.5047,22.0971,56.5987,48.6407,19.4773,32.1993,9.9672,10.9729,16.3263,12.1213,36.3796,28.7632,34.6882,40.5758,42.5256,33.3656,18.1673,10.9435,13.3506,21.3241,15.6821,27.3136,14.6780,33.0836,12.6587,26.3212,35.0975,40.7676,33.8397,34.1836,14.2779,28.5361,15.1508,7.5696,12.6319,11.0920,26.1498,23.1838,8.1135,15.3520,26.3468,25.3399,2.1879,22.7415,6.6249,21.1032,8.4610,24.2003,22.9115,32.1416,21.6659,4.1315,15.2993,13.1968,15.9882,20.1346,28.6416,8.6045,8.5323,24.3170,18.4454,15.7610,4.6818,22.1534,17.0829,9.3075,24.9171,2.8016,11.5355,34.0704,24.2281,8.1488,16.4850,2.2528,4.3617,6.3615,7.3200,15.3081,32.0463,14.7018,29.7111,8.7553,41.1353,33.6981,33.4175,18.8582,33.4149,20.8826,22.2518,23.4816,18.9521,16.3485,2.6506,9.6960,5.8961,20.6375,19.5469,28.6006,10.4252,22.6105,10.0955,41.5663,35.0879,14.4829,26.6130,15.4506,12.2154,16.9470,15.4931,15.6888,15.8859,16.0867,16.2921,16.4584,16.6702,16.8872,17.1096,17.3363,17.5685,17.8067,18.0510,18.3018,18.5593,18.8236,19.0950,19.3738,19.6602,30.5604,30.6855,30.8131,30.9430,31.0755,31.2106,31.3482,31.4886,31.6316,31.7774,31.9260,32.0774,32.2316,32.3887,32.5486,32.7113,32.8768,33.0452,33.2162,33.3899,33.5662,33.7450,33.9261,34.1095,34.2951,34.4825,34.6718,34.8626,35.0549,35.1085,35.3070
45120.4583333,2.8606,6.9229,10.8142,20.2293,29.3127,13.6232,12.4604,5.9874,18.8318,19.9576,18.9303,10.1253,10.6232,15.5412,15.2034,8.7295,17.1548,10.3523,7.4767,4.6598,20.1399,6.4296,4.6418,7.3219,8.7601,25.7420,15.3837,3.8992,15.9866,3.3780,12.1790,4.9545,8.6432,9.7950,15.5699,13.1240,18.7038,18.7415,4.3948,22.9725,21.8075,14.0448,6.9869,9.8287,33.5247,16.5991,8.8730,11.2397,5.3694,6.8726,11.5549,16.9686,18.4214,13.1344,4.8582,6.5741,7.9223,17.5174,25.4309,20.3849,20.5352,10.5199,4.5211,4.0492,5.6147,6.1811,14.8348,14.2445,-3.9239,1.1572,7.8412,7.6970,6.4804,1.8443,8.4218,18.5309,14.7106,20.4372,7.9411,12.2229,38.1239,32.9444,25.3885,13.0173,8.6739,9.4742,25.4057,12.9415,23.8236,19.2242,22.6672,26.9172,28.6080,22.1547,6.9840,9.1057,11.1154,17.5599,13.0774,11.3003,18.6229,22.1740,16.3338,17.5832,23.9083,28.4112,23.5517,23.4121,10.2127,20.0701,10.9514,3.5402,17.9348,9.3446,17.4765,15.3687,6.9410,19.6580,17.2779,16.8583,1.8143,15.3321,9.5689,14.2648,10.1886,16.1617,15.6790,21.8876,14.4379,5.8696,10.0879,6.3369,5.5726,7.1927,12.3359,12.4264,12.1581,16.3927,7.7046,10.4993,7.9432,14.9466,11.3472,11.9814,16.7562,2.7413,7.7420,22.5078,8.8238,6.8643,6.1954,2.0812,6.0612,2.9769,6.3931,20.7919,21.7456,21.7964,12.3859,11.2320,27.9048,22.4320,14.4374,19.9289,24.2232,22.8865,24.3948,15.7094,13.0487,11.3576,1.9323,6.8402,5.0067,14.3609,13.7134,19.5786,8.8534,15.3580,8.4295,28.4143,15.8990,12.0950,10.8011,22.1298,10.9831,21.4039,19.3787,19.4673,19.5544,19.6418,19.7303,19.7818,19.8696,19.9587,20.0491,20.1397,20.2314,20.3247,20.4194,20.5158,20.6138,20.7135,20.8150,20.9183,21.0235,21.1306,21.2397,21.3509,21.4642,21.5797,21.6974,21.8173,21.9395,22.0640,22.1909,22.3202,22.4519,22.5860,22.7225,22.8615,23.0028,23.1466,23.2927,23.4410,23.5917,23.7444,23.8993,24.0561,24.2148,24.3752,24.5372,24.7006,24.8652,25.0309,25.0760,25.2468
45120.5000000,4.1699,16.0568,56.5055,65.6363,87.1819,68.6108,64.2268,12.7482,55.1226,58.8852,57.2839,50.0923,32.3251,46.4466,46.9975,42.7808,48.7069,46.0143,35.2784,26.9185,59.0811,11.9011,9.1595,15.7246,44.9879,70.6720,48.7268,5.4815,46.4554,7.5251,38.8504,10.4324,21.8094,44.3186,48.8149,41.1144,55.1161,54.5254,10.0393,63.8519,63.5058,62.2982,14.9132,16.3203,90.5485,46.1732,41.5989,51.4077,27.4900,14.2100,55.2655,49.4167,52.1043,58.9635,9.7003,12.5633,12.5378,54.7563,70.9135,58.6369,57.8212,50.3512,7.1739,8.3621,11.3821,20.0024,44.3065,42.5391,-21.0292,5.0463,36.0867,15.7630,13.7985,5.7148,17.0588,54.7953,43.4168,64.1635,17.3199,25.1964,105.0808,90.2801,72.8284,62.6031,15.6132,19.8080,72.1746,27.0511,70.5105,55.3810,67.5010,77.3156,79.7962,64.0662,36.7013,48.0794,53.7569,86.1662,61.7353,53.0787,52.6437,62.8679,46.9927,50.8480,65.4857,73.7966,61.8232,63.4277,26.9652,51.7865,27.8387,15.5196,51.6411,43.4830,49.9105,44.8551,13.3397,55.5513,51.0362,48.4445,8.6279,42.9913,28.9136,39.8279,51.4315,45.8207,42.3070,58.9054,41.2171,18.4967,29.9677,25.8404,11.5338,14.3869,55.4224,36.9174,35.6625,45.7188,35.5759,30.8523,25.3843,42.0382,33.5073,33.7858,47.3152,16.4121,23.3866,65.0571,17.3759,14.1956,12.1298,10.0657,17.4319,6.6033,12.6310,60.6882,60.1490,62.9159,56.9428,31.8498,76.4698,64.3647,63.6100,73.4600,92.0072,68.6427,68.5148,45.6054,36.4143,31.5707,9.6615,19.7353,25.8875,39.0166,36.8238,53.7449,16.6844,43.4789,38.1844,76.8019,65.6520,53.8311,51.8273,64.6585,56.3118,59.9752,54.1368,54.2667,54.3946,54.5229,54.6528,54.7286,54.8575,54.9883,55.1210,55.2541,55.3889,55.5258,55.6650,55.8065,55.9504,56.0968,56.2459,56.3976,56.5521,56.7094,56.8696,57.0329,57.1992,57.3687,57.5414,57.7174,57.8968,58.0795,58.2657,58.4554,58.6485,58.8452,59.0454,59.2491,59.4563,59.6670,59.8811,60.0985,60.3191,60.5429,60.7697,60.9993,61.2316,61.4663,61.7034,61.9424,62.1832,62.4256,62.4916,62.7413
45120.5416667,9.9167,73.2082,67.7915,79.3261,103.8780,81.9612,76.9222,47.4218,65.6481,70.1932,68.5656,59.9486,38.8851,55.5562,56.5028,51.1755,57.7624,54.6840,42.2126,32.4945,70.3608,13.5045,37.6173,17.1396,54.0110,83.1691,18.8173,4.4631,55.3195,8.8033,15.0170,7.8637,14.5172,53.1322,58.7978,49.5750,65.7113,64.8778,11.7651,75.3385,75.5142,73.7878,20.0180,24.3392,106.1537,54.5890,49.6779,61.5960,33.1661,17.4039,65.8734,58.8433,61.7271,69.9600,10.8983,14.0641,14.1917,20.9151,83.6760,69.6137,68.4077,60.1334,13.4886,10.0430,13.0749,51.7112,53.0088,50.9082,-24.6343,6.4095,43.1046,55.9489,53.0577,7.1969,19.2519,65.3675,51.8546,25.1597,19.8419,27.2962,123.5699,106.1103,86.3343,74.6346,19.9439,63.5080,85.4256,72.9201,84.0219,65.7854,80.5295,91.6509,94.1169,76.0919,44.1761,57.6501,64.1375,102.7248,73.4241,63.2548,62.3569,74.4328,55.8649,60.4685,77.0630,85.9750,72.2249,74.5099,31.7425,60.3668,32.5291,18.7094,61.3566,51.7709,59.2311,53.4559,14.7789,65.7661,21.4113,57.5535,10.6147,50.8998,34.7547,47.1358,19.6404,54.2962,49.7157,69.0583,48.8812,22.4049,12.4721,30.8418,12.7570,16.0400,66.0150,43.9697,15.0590,53.7845,42.0896,36.5786,30.4686,49.4140,39.6771,39.6703,55.5951,19.5713,27.6890,76.7434,19.2584,16.0481,39.0807,11.7733,20.3869,7.5268,13.9526,71.6937,70.4103,74.2089,67.1265,37.4229,89.4823,75.9280,74.9584,86.1254,108.2202,81.6143,80.5911,53.9602,42.8392,37.1574,11.6936,23.4748,31.0135,45.8359,43.2028,63.2080,48.6110,51.4656,45.4026,90.0038,77.2178,63.7646,61.6992,76.8350,67.3213,70.8007,63.9049,64.0361,64.1650,64.2942,64.4248,64.5016,64.6310,64.7620,64.8949,65.0279,65.1626,65.2993,65.4381,65.5792,65.7227,65.8685,66.0169,66.1679,66.3217,66.4782,66.6376,66.8000,66.9655,67.1340,67.3058,67.4809,67.6593,67.8410,68.0262,68.2149,68.4071,68.6028,68.8020,69.0048,69.2110,69.4207,69.6338,69.8503,70.0699,70.2928,70.5186,70.7473,70.9786,71.2125,71.4486,71.6867,71.9266,72.1680,72.2346,72.4833
45120.5833333,7.8681,57.4412,54.2290,18.9627,83.7152,65.8861,61.6363,12.7681,53.0568,56.6372,55.0203,48.1554,31.1270,44.6827,45.1215,41.1799,46.9929,44.3777,34.0103,25.9395,56.8447,11.6347,29.6749,43.0134,43.2287,68.2373,12.7618,3.9842,44.7663,7.5535,13.2507,9.4226,12.5680,42.6131,46.8206,39.4688,53.0291,52.5034,9.9932,61.6234,61.1135,60.0457,17.5540,57.5942,87.4635,44.6161,40.0765,49.3894,26.4888,44.9783,53.1768,47.6004,50.2682,56.8115,9.3415,12.0602,12.2184,14.3797,68.4018,56.4861,55.7769,48.4408,11.2498,9.1245,9.2236,10.8222,42.6347,40.9424,-19.9288,5.0232,34.8049,14.9126,12.5630,5.6651,47.1981,52.7100,41.8115,21.9779,17.1961,79.2394,101.3340,87.1219,70.1182,60.1895,61.2116,51.0528,69.5318,58.7271,67.7638,53.3539,64.8561,74.4185,76.9399,61.6740,35.2864,46.1958,51.7107,82.7229,59.4092,51.0836,50.7821,60.5944,45.3037,48.9881,63.2469,71.4966,59.8846,61.3057,26.2152,50.2416,27.1137,15.0644,49.7368,41.8886,48.0940,43.1804,34.5321,53.5352,19.3839,19.3771,8.3930,41.4580,27.7948,38.4054,49.1627,44.0897,40.8018,56.7836,39.5755,6.3781,28.6713,9.8978,9.1012,11.0574,52.9590,35.2040,33.9832,43.6919,33.8425,29.2467,23.8870,17.0413,12.5532,31.9707,44.9494,4.3514,7.2022,61.8539,17.0874,13.9874,30.9344,8.9600,16.0098,6.3364,32.8599,57.5038,57.1313,59.6734,53.9968,29.9146,72.9392,61.1674,60.4891,70.0687,87.8409,65.1753,65.2776,17.8345,34.4827,29.8709,8.7879,18.5711,24.4806,37.2922,35.2494,51.5229,39.1583,41.6066,36.4934,73.8592,63.0598,51.5812,49.5868,61.9193,53.8177,57.5797,51.9836,52.1243,52.2627,52.4010,52.5407,52.6253,52.7633,52.9029,53.0441,53.1854,53.3280,53.4725,53.6190,53.7676,53.9183,54.0713,54.2267,54.3845,54.5449,54.7080,54.8738,55.0424,55.2140,55.3886,55.5663,55.7472,55.9313,56.1188,56.3096,56.5039,56.7016,56.9027,57.1074,57.3156,57.5273,57.7425,57.9610,58.1830,58.4081,58.6365,58.8679,59.1022,59.3392,59.5787,59.8205,60.0644,60.3102,60.5574,60.6258,60.8806
45120.6250000,4.3693,10.7082,12.7934,11.7138,38.5505,16.6767,27.8663,7.3825,14.3240,26.2025,25.0019,21.9644,14.0546,20.4682,10.4189,18.8989,22.3276,20.9240,15.6826,11.6136,26.4065,6.5880,5.7540,19.1696,9.8082,33.2483,8.8536,2.8987,13.7748,4.2149,7.8862,4.7949,7.1443,11.6954,12.0534,17.4817,14.0357,14.3319,5.4934,29.7533,28.5434,16.8771,15.2657,25.9272,43.1425,21.5059,18.5473,22.3927,11.8787,11.9425,24.6438,22.2130,23.9544,26.8262,5.7876,5.7612,7.3491,10.9300,32.9594,26.6072,26.6746,22.3010,6.1197,5.1841,6.5123,6.8972,10.4765,18.7578,-9.2206,2.1543,9.3654,9.1319,7.6130,1.5862,10.9544,13.2241,19.3170,13.2459,9.7955,34.1383,49.2750,42.5278,19.6198,27.7979,26.7507,23.3424,33.0613,27.0049,31.2947,25.0980,29.8183,35.1136,37.0728,28.9455,8.0290,11.0843,13.4949,21.4256,16.1230,23.7092,24.2026,28.8352,21.3141,14.9003,30.8528,36.2452,30.1107,30.1349,13.0640,25.5484,13.8756,6.9700,13.8798,11.4777,22.7194,11.2352,8.8789,25.4853,12.1734,12.3336,2.1639,19.7932,6.6044,11.2431,21.3622,20.8600,19.9621,27.9078,18.5808,3.9412,6.4643,7.7014,6.2906,8.4440,24.1425,16.0109,15.5799,20.8245,9.1110,7.3504,6.6695,10.8956,7.7845,15.0435,21.2465,2.8285,4.7525,28.8678,10.4376,8.2004,7.2344,3.8603,7.3098,5.3279,14.5962,15.2862,27.4858,27.8678,25.2838,14.0143,35.4010,18.3983,28.5291,33.8110,41.9242,29.6504,31.0995,11.1751,16.3555,14.1563,3.6037,8.4640,10.8843,18.0344,17.1679,24.8558,18.2548,19.5825,10.0404,36.1693,30.4521,24.2144,12.9252,28.6587,13.2668,27.4292,24.7892,24.8979,25.0049,25.1123,25.2211,25.2874,25.3954,25.5048,25.6158,25.7270,25.8394,25.9536,26.0694,26.1870,26.3065,26.4278,26.5511,26.6764,26.8038,26.9334,27.0651,27.1991,27.3354,27.4740,27.6151,27.7586,27.9047,28.0533,28.2045,28.3583,28.5147,28.6738,28.8355,28.9999,29.1669,29.3366,29.5088,29.6835,29.8607,30.0403,30.2221,30.4061,30.5920,30.7799,30.9695,31.1605,31.3530,31.5465,31.6007,31.7999
45120.6666667,2.8639,6.8900,10.3486,9.5344,16.0642,13.4612,12.3371,5.5049,19.7278,12.2715,10.6327,10.0469,6.3296,9.4525,8.4299,8.7997,11.1090,10.2722,7.3824,5.1489,11.0380,4.6560,4.6443,7.7837,7.3386,26.8770,7.1880,2.5054,9.2902,2.9642,9.6702,4.3762,5.5175,9.2897,12.4719,7.7972,19.6070,19.6174,5.7248,15.1187,12.7765,13.8286,8.7432,11.4537,35.0282,17.2518,8.8006,17.7960,5.2439,7.9600,11.3095,17.7359,19.2144,12.9910,6.1972,5.0991,6.0148,9.1083,26.5944,12.9796,13.4086,10.4250,6.0878,5.2707,13.2667,6.5540,15.5152,14.8860,-3.9317,1.1057,7.0066,15.3697,6.1601,1.2520,8.7759,19.4298,9.0838,10.6225,11.4413,27.0429,39.9605,34.4692,16.0127,12.9001,21.1810,10.6681,26.6211,21.5726,25.0639,12.2233,13.0293,28.2568,29.9495,23.2217,6.5426,8.9784,10.9669,17.3514,13.1476,11.1762,12.1117,23.1837,10.3988,18.3648,24.9234,29.5022,24.4295,24.3654,10.4193,20.7186,11.1294,3.4565,10.3940,9.2823,11.0406,10.3880,6.6611,12.6536,9.9793,10.1525,1.7438,15.8305,5.3822,14.6714,7.9636,16.6751,16.0298,22.5425,14.8027,3.6965,5.2633,8.8179,6.3076,7.7112,19.2268,12.6473,12.3157,16.6656,12.4124,10.5018,4.1728,15.0924,6.3484,11.9321,10.4677,2.1808,4.9545,23.1348,7.8344,5.9265,5.8737,2.0024,3.5866,3.5297,11.4478,21.2906,22.1087,12.1483,12.0761,11.0716,28.5974,22.9967,22.8805,27.2702,33.8315,12.6983,25.0044,9.8547,12.9783,11.1782,1.5579,6.4969,4.9867,14.3483,13.6425,19.8939,14.4304,15.5257,8.0916,29.1720,24.4441,19.2710,18.0598,22.8301,10.8204,21.9224,19.7722,19.8630,19.9526,20.0427,20.1340,20.1891,20.2800,20.3724,20.4663,20.5606,20.6561,20.7533,20.8521,20.9527,21.0550,21.1592,21.2653,21.3733,21.4834,21.5954,21.7096,21.8259,21.9444,22.0652,22.1882,22.3135,22.4412,22.5713,22.7037,22.8386,22.9758,23.1155,23.2577,23.4022,23.5491,23.6984,23.8500,24.0038,24.1599,24.3180,24.4781,24.6402,24.8040,24.9694,25.1363,25.3045,25.4739,25.6442,25.6945,25.8697
45120.7083333,3.0485,7.5478,11.1384,9.0140,17.5697,15.5999,14.4826,6.4972,21.5773,14.2802,11.9486,11.7465,7.2920,10.9961,14.3495,10.2204,12.7713,11.8277,8.4761,4.7236,11.8511,5.2208,5.1563,7.7103,7.6458,45.1924,9.5038,2.6687,10.1311,3.9982,7.1457,5.5127,6.9729,9.5403,11.6520,7.4606,18.2116,34.1248,10.1313,17.3212,14.1631,15.7080,10.3317,13.5162,58.6645,28.6686,10.1839,31.9066,5.2633,9.4272,12.8884,16.1403,32.5978,12.8796,5.3407,8.0435,8.9031,9.9578,19.2897,15.0417,15.4521,12.1600,7.3516,9.4254,8.2938,7.3511,27.2157,16.1152,-4.9294,1.0871,8.0536,11.5494,6.5459,1.2613,10.2741,14.7054,10.4986,12.8752,11.0455,52.5735,37.1929,58.3938,18.4649,14.9918,40.0705,12.4339,46.0402,38.4355,44.7423,14.1559,14.6557,49.4323,51.2443,18.1677,7.3143,10.1755,12.5921,20.3225,15.1950,12.9371,13.9522,39.8035,11.9785,19.5581,16.4391,47.5668,39.4198,40.3665,15.8487,32.6910,16.5020,3.8220,11.6233,10.5629,12.6143,15.0888,6.7049,14.5461,11.0698,10.9696,2.2120,26.4504,5.9791,24.3211,16.9467,28.2726,26.0231,37.2001,25.1102,3.5084,5.5889,14.7133,8.6982,8.5127,34.3886,22.0166,21.1720,27.9867,21.0777,9.0235,5.3099,10.1639,7.0707,19.7640,12.0089,2.3278,3.9539,17.0988,10.3424,6.3590,6.5593,2.4696,3.9823,3.5381,20.1922,17.2311,14.8799,12.3691,11.7568,18.1312,48.2049,18.6705,25.1573,46.1597,58.5397,13.7443,42.7650,16.0711,21.2005,17.9347,2.1652,10.0054,5.7211,15.4851,21.5684,32.9231,24.2507,25.9527,9.2316,48.5040,40.9295,32.8783,31.4669,40.0715,12.5897,37.0616,33.1465,33.2409,33.3341,33.4276,33.5226,33.5791,33.6737,33.7699,33.8677,33.9659,34.0656,34.1671,34.2704,34.3757,34.4829,34.5922,34.7036,34.8172,34.9331,35.0513,35.1719,35.2949,35.4205,35.5486,35.6794,35.8128,35.9489,36.0878,36.2295,36.3740,36.5213,36.6715,36.8245,36.9804,37.1391,37.3005,37.4648,37.6317,37.8012,37.9733,38.1478,38.3246,38.5035,38.6845,38.8673,39.0519,39.2378,39.4251,39.4854,39.6782
45120.7500000,2.3917,6.0233,7.8324,7.0721,12.7875,10.6292,9.7305,5.2683,9.2522,9.7518,8.6758,7.9144,4.4450,7.4689,6.8686,6.9598,8.8401,8.1171,5.5916,3.8045,9.7916,4.0396,3.3938,5.7184,5.9992,15.3485,5.7835,2.0940,7.4840,3.2030,6.3964,3.0496,5.6782,8.1364,10.4862,6.3213,8.4043,24.5534,3.6804,12.1109,9.6491,10.9434,6.8317,8.9007,43.0138,8.6124,6.9719,9.7647,3.8589,6.2541,8.9337,9.3000,23.4628,10.1469,3.5280,6.5375,4.9672,8.9272,13.7653,10.3544,10.7285,8.2657,6.7857,2.9040,7.5444,3.8930,19.3807,13.4502,-3.2100,0.8480,5.6137,5.6640,4.6390,0.9234,6.9000,8.0191,6.4448,10.4788,6.4089,15.5502,22.1511,19.4418,12.6543,10.2865,10.3450,8.3190,15.2768,11.8169,18.1650,9.7523,12.3373,18.2224,15.6965,11.1928,5.0586,8.3967,8.6656,13.7184,10.5735,8.8522,8.8974,28.8253,7.9976,16.7098,12.3491,34.8178,28.6937,29.3363,11.0457,23.6862,11.5689,2.7066,8.5667,7.4202,8.8307,11.7516,5.2211,9.8820,7.8430,8.4550,1.3440,7.9339,4.2082,8.2263,13.1441,8.1764,8.1949,26.9722,8.1600,2.6048,4.7914,3.8741,5.2166,7.4330,24.6927,15.5121,14.8978,20.0316,14.8434,5.3154,4.1784,8.0889,5.0083,13.8916,7.8454,1.8274,3.0882,10.0570,6.4188,6.0729,4.6248,1.4138,2.8215,2.1539,8.0421,9.9123,10.3303,10.2450,8.8823,6.4038,35.1566,16.6065,16.5522,16.0923,19.6868,10.2624,31.0443,9.7820,8.0502,12.5495,1.2075,3.6864,3.8950,10.2826,8.2778,23.7362,17.2096,18.4903,6.3969,17.5464,29.6985,10.7956,22.5327,12.8575,8.5261,13.0612,11.9477,12.1862,12.4330,12.6902,12.9589,13.2086,13.5000,13.8051,14.1245,14.4583,14.8079,24.6308,24.7087,24.7880,24.8688,24.9510,25.0348,25.1202,25.2073,25.2961,25.3866,25.4789,25.5731,25.6692,25.7673,25.8673,25.9694,26.0735,26.1797,26.2881,26.3986,26.5112,26.6261,26.7431,26.8622,26.9836,27.1070,27.2326,27.3602,27.4898,27.6214,27.7548,27.8899,28.0267,28.1650,28.3048,28.4458,28.5879,28.6312,28.7780
45120.7916667,1.6421,4.1422,5.1734,4.8553,8.4759,6.5713,5.9084,3.2646,5.9797,5.9891,5.4026,4.8291,3.0514,4.5394,4.1982,4.2788,5.5314,5.0560,3.6266,2.5609,6.4321,2.4903,2.3295,3.8991,4.1176,8.7198,3.9693,1.4372,5.0340,1.5670,3.7869,2.0929,2.7057,4.1844,4.1125,3.5022,5.5803,5.7262,2.1532,7.6167,6.6214,6.9886,4.0539,5.4207,12.5006,5.5680,4.3155,4.9426,2.5889,3.7088,5.6570,5.3172,6.3801,6.5186,2.4206,2.8798,2.9749,4.6384,8.5609,6.3441,6.6294,5.0090,2.2074,1.9924,3.2069,2.6705,8.4552,6.5813,-1.8025,0.5905,3.8436,3.8565,3.1071,0.6652,4.1338,5.5006,4.4207,5.3297,3.7131,5.9361,12.5956,11.0104,7.9530,6.3249,4.9854,5.1547,8.1483,6.0018,7.2096,6.0119,7.6127,8.5386,9.3902,6.8203,3.4319,4.4690,5.4396,8.4114,6.5181,5.5014,6.0209,12.9957,5.1366,5.6318,8.5245,16.6555,8.4412,8.0135,3.7247,7.3795,5.7484,1.7637,5.7230,4.6748,5.5572,6.3358,3.5867,6.3244,5.2004,5.5570,0.9079,4.9854,2.7593,4.7073,3.9485,5.5731,5.3708,7.4507,4.5392,1.6482,3.1100,2.6878,3.4115,4.3455,5.2590,3.5446,6.5360,9.1014,6.5854,3.0599,1.9311,5.1304,3.3054,6.2844,5.2144,1.2524,2.1165,6.7286,4.3900,3.3008,2.9770,0.9162,1.8221,1.4246,3.7066,6.3488,7.0261,6.8317,6.1092,3.5496,9.5898,6.9129,9.1392,8.8409,10.5533,6.7883,8.6416,5.7196,4.9974,5.8059,0.8074,2.1182,2.4212,5.2108,4.6923,10.9657,4.6630,5.1000,4.0179,9.7696,13.6631,5.9334,5.4097,6.7344,5.2316,6.9946,6.3732,6.4405,6.5088,6.5792,6.6525,7.1160,6.7610,6.8385,6.9194,7.0034,7.0912,7.1833,7.2801,7.3820,7.4894,7.6028,7.7091,7.8335,7.9652,8.1049,8.2531,8.4106,8.5783,8.7570,8.9476,9.1511,9.3687,12.3800,12.4511,12.5237,12.5976,12.6729,12.7496,12.8277,12.9072,12.9880,13.0702,13.1538,13.2387,13.3248,13.4121,13.5006,13.5902,13.6808,13.7724,13.8648,13.9580,14.0518,14.0781,14.1749
45120.8333333,0.3949,0.9147,1.2134,1.1673,2.0374,1.5645,1.4034,0.6841,1.3660,1.4296,1.2935,1.1509,0.7334,1.0911,0.9963,1.0177,1.3180,1.2130,0.8666,0.5995,1.4518,0.5985,0.5598,0.9369,0.9893,2.0668,0.9535,0.3452,1.1821,0.3764,0.7516,0.5027,0.6498,1.0050,0.9877,0.8411,1.3401,1.3751,0.4785,1.8131,1.5899,1.6697,0.9636,1.2912,2.7468,1.3209,1.0262,1.1508,0.6151,0.8785,1.3493,1.2470,1.4212,1.5461,0.5810,0.5944,0.7140,1.1133,1.9917,1.5227,1.5912,1.2022,0.5298,0.4782,0.7311,0.6407,1.0450,1.0054,-0.4232,0.1421,0.9101,0.9005,0.7453,0.1596,0.9915,1.3194,1.0603,1.2784,0.8906,1.4235,3.0197,2.6396,1.8944,1.4990,1.1949,1.2292,1.9280,1.4386,1.6802,1.4342,1.5816,2.0007,2.2330,1.6345,0.7980,1.0710,1.2936,1.9994,1.5452,1.3062,1.4358,1.6927,1.2271,1.3055,1.9276,2.4673,2.0223,1.9197,0.8923,1.7679,0.9996,0.4211,1.3369,1.1106,1.3200,1.1198,0.8391,1.5051,1.2246,1.2562,0.2181,1.1903,0.6582,1.1667,0.9465,1.2214,1.2769,1.7818,1.0715,0.3651,0.6968,0.6191,0.7081,0.8517,1.2587,0.8484,0.8481,1.2455,0.8796,0.7262,0.4622,1.1201,0.7792,0.8875,1.2439,0.2997,0.5065,1.6100,1.0233,0.7717,0.7123,0.2213,0.4340,0.3119,0.7326,1.4663,1.6789,1.5954,1.4407,0.8392,2.1923,1.6385,1.7505,2.0703,2.4766,1.6548,1.8459,1.1249,0.9977,0.8733,0.1936,0.4997,0.5740,1.1463,1.1124,1.5389,1.0504,1.1505,0.9529,2.2857,1.8691,1.3922,1.2371,1.5677,1.2365,1.6287,1.4817,1.4935,1.5051,1.5167,1.5285,1.5353,1.5470,1.5589,1.5710,1.5830,1.5953,1.6077,1.6203,1.6332,1.6463,1.6596,1.6731,1.6869,1.7010,1.7153,1.7298,1.7447,1.7598,1.7753,1.7910,1.8070,1.8234,1.8400,1.8570,1.8743,1.8919,1.9098,1.9281,1.9467,1.9656,1.9848,2.0044,2.0243,2.0444,2.0649,2.0856,2.1066,2.1279,2.1494,2.1711,2.1930,2.2151,2.2373,2.2433,2.2662
45120.8750000,0.0000,0.0000,0.0000,0.0000,0.0000,0.0000,0.0000,0.0000,0.0000,0.0000,0.0000,0.0000,0.0000,0.0000,0.0000,0.0000,0.0000,0.0000,0.0000,0.0000,0.0000,0.0000,0.0000,0.0000,0.0000,0.0000,0.0000,0.0000,0.0000,0.0000,0.0000,0.0000,0.0000,0.0000,0.0000,0.0000,0.0000,0.0000,0.0000,0.0000,0.0000,0.0000,0.0000,0.0000,0.0000,0.0000,0.0000,0.0000,0.0000,0.0000,0.0000,0.0000,0.0000,0.0000,0.0000,0.0000,0.0000,0.0000,0.0000,0.0000,0.0000,0.0000,0.0000,0.0000,0.0000,0.0000,0.0000,0.0000,0.0000,0.0000,0.0000,0.0000,0.0000,0.0000,0.0000,0.0000,0.0000,0.0000,0.0000,0.0000,0.0000,0.0000,0.0000,0.0000,0.0000,0.0000,0.0000,0.0000,0.0000,0.0000,0.0000,0.0000,0.0000,0.0000,0.0000,0.0000,0.0000,0.0000,0.0000,0.0000,0.0000,0.0000,0.0000,0.0000,0.0000,0.0000,0.0000,0.0000,0.0000,0.0000,0.0000,0.0000,0.0000,0.0000,0.0000,0.0000,0.0000,0.0000,0.0000,0.0000,0.0000,0.0000,0.0000,0.0000,0.0000,0.0000,0.0000,0.0000,0.0000,0.0000,0.0000,0.0000,0.0000,0.0000,0.0000,0.0000,0.0000,0.0000,0.0000,0.0000,0.0000,0.0000,0.0000,0.0000,0.0000,0.0000,0.0000,0.0000,0.0000,0.0000,0.0000,0.0000,0.0000,0.0000,0.0000,0.0000,0.0000,0.0000,0.0000,0.0000,0.0000,0.0000,0.0000,0.0000,0.0000,0.0000,0.0000,0.0000,0.0000,0.0000,0.0000,0.0000,0.0000,0.0000,0.0000,0.0000,0.0000,0.0000,0.0000,0.0000,0.0000,0.0000,0.0000,0.0000,0.0000,0.0000,0.0000,0.0000,0.0000,0.0000,0.0000,0.0000,0.0000,0.0000,0.0000,0.0000,0.0000,0.0000,0.0000,0.0000,0.0000,0.0000,0.0000,0.0000,0.0000,0.0000,0.0000,0.0000,0.0000,0.0000,0.0000,0.0000,0.0000,0.0000,0.0000,0.0000,0.0000,0.0000,0.0000,0.0000,0.0000,0.0000,0.0000,0.0000,0.0000,0.0000,0.0000,0.0000,0.0000,0.0000,0.0000,0.0000,0.0000,0.0000,0.0000,0.0000
45120.9166667,0.0000,0.0000,0.0000,0.0000,0.0000,0.0000,0.0000,0.0000,0.0000,0.0000,0.0000,0.0000,0.0000,0.0000,0.0000,0.0000,0.0000,0.0000,0.0000,0.0000,0.0000,0.0000,0.0000,0.0000,0.0000,0.0000,0.0000,0.0000,0.0000,0.0000,0.0000,0.0000,0.0000,0.0000,0.0000,0.0000,0.0000,0.0000,0.0000,0.0000,0.0000,0.0000,0.0000,0.0000,0.0000,0.0000,0.0000,0.0000,0.0000,0.0000,0.0000,0.0000,0.0000,0.0000,0.0000,0.0000,0.0000,0.0000,0.0000,0.0000,0.0000,0.0000,0.0000,0.0000,0.0000,0.0000,0.0000,0.0000,0.0000,0.0000,0.0000,0.0000,0.0000,0.0000,0.0000,0.0000,0.0000,0.0000,0.0000,0.0000,0.0000,0.0000,0.0000,0.0000,0.0000,0.0000,0.0000,0.0000,0.0000,0.0000,0.0000,0.0000,0.0000,0.0000,0.0000,0.0000,0.0000,0.0000,0.0000,0.0000,0.0000,0.0000,0.0000,0.0000,0.0000,0.0000,0.0000,0.0000,0.0000,0.0000,0.0000,0.0000,0.0000,0.0000,0.0000,0.0000,0.0000,0.0000,0.0000,0.0000,0.0000,0.0000,0.0000,0.0000,0.0000,0.0000,0.0000,0.0000,0.0000,0.0000,0.0000,0.0000,0.0000,0.0000,0.0000,0.0000,0.0000,0.0000,0.0000,0.0000,0.0000,0.0000,0.0000,0.0000,0.0000,0.0000,0.0000,0.0000,0.0000,0.0000,0.0000,0.0000,0.0000,0.0000,0.0000,0.0000,0.0000,0.0000,0.0000,0.0000,0.0000,0.0000,0.0000,0.0000,0.0000,0.0000,0.0000,0.0000,0.0000,0.0000,0.0000,0.0000,0.0000,0.0000,0.0000,0.0000,0.0000,0.0000,0.0000,0.0000,0.0000,0.0000,0.0000,0.0000,0.0000,0.0000,0.0000,0.0000,0.0000,0.0000,0.0000,0.0000,0.0000,0.0000,0.0000,0.0000,0.0000,0.0000,0.0000,0.0000,0.0000,0.0000,0.0000,0.0000,0.0000,0.0000,0.0000,0.0000,0.0000,0.0000,0.0000,0.0000,0.0000,0.0000,0.0000,0.0000,0.0000,0.0000,0.0000,0.0000,0.0000,0.0000,0.0000,0.0000,0.0000,0.0000,0.0000,0.0000,0.0000,0.0000,0.0000,0.0000,0.0000,0.0000,0.0000,0.0000
45120.9583333,0.0000,0.0000,0.0000,0.0000,0.0000,0.0000,0.0000,0.0000,0.0000,0.0000,0.0000,0.0000,0.0000,0.0000,0.0000,0.0000,0.0000,0.0000,0.0000,0.0000,0.0000,0.0000,0.0000,0.0000,0.0000,0.0000,0.0000,0.0000,0.0000,0.0000,0.0000,0.0000,0.0000,0.0000,0.0000,0.0000,0.0000,0.0000,0.0000,0.0000,0.0000,0.0000,0.0000,0.0000,0.0000,0.0000,0.0000,0.0000,0.0000,0.0000,0.0000,0.0000,0.0000,0.0000,0.0000,0.0000,0.0000,0.0000,0.0000,0.0000,0.0000,0.0000,0.0000,0.0000,0.0000,0.0000,0.0000,0.0000,0.0000,0.0000,0.0000,0.0000,0.0000,0.0000,0.0000,0.0000,0.0000,0.0000,0.0000,0.0000,0.0000,0.0000,0.0000,0.0000,0.0000,0.0000,0.0000,0.0000,0.0000,0.0000,0.0000,0.0000,0.0000,0.0000,0.0000,0.0000,0.0000,0.0000,0.0000,0.0000,0.0000,0.0000,0.0000,0.0000,0.0000,0.0000,0.0000,0.0000,0.0000,0.0000,0.0000,0.0000,0.0000,0.0000,0.0000,0.0000,0.0000,0.0000,0.0000,0.0000,0.0000,0.0000,0.0000,0.0000,0.0000,0.0000,0.0000,0.0000,0.0000,0.0000,0.0000,0.0000,0.0000,0.0000,0.0000,0.0000,0.0000,0.0000,0.0000,0.0000,0.0000,0.0000,0.0000,0.0000,0.0000,0.0000,0.0000,0.0000,0.0000,0.0000,0.0000,0.0000,0.0000,0.0000,0.0000,0.0000,0.0000,0.0000,0.0000,0.0000,0.0000,0.0000,0.0000,0.0000,0.0000,0.0000,0.0000,0.0000,0.0000,0.0000,0.0000,0.0000,0.0000,0.0000,0.0000,0.0000,0.0000,0.0000,0.0000,0.0000,0.0000,0.0000,0.0000,0.0000,0.0000,0.0000,0.0000,0.0000,0.0000,0.0000,0.0000,0.0000,0.0000,0.0000,0.0000,0.0000,0.0000,0.0000,0.0000,0.0000,0.0000,0.0000,0.0000,0.0000,0.0000,0.0000,0.0000,0.0000,0.0000,0.0000,0.0000,0.0000,0.0000,0.0000,0.0000,0.0000,0.0000,0.0000,0.0000,0.0000,0.0000,0.0000,0.0000,0.0000,0.0000,0.0000,0.0000,0.0000,0.0000,0.0000,0.0000,0.0000,0.0000,0.0000,0.0000,0.0000
45121.0000000,0.0000,0.0000,0.0000,0.0000,0.0000,0.0000,0.0000,0.0000,0.0000,0.0000,0.0000,0.0000,0.0000,0.0000,0.0000,0.0000,0.0000,0.0000,0.0000,0.0000,0.0000,0.0000,0.0000,0.0000,0.0000,0.0000,0.0000,0.0000,0.0000,0.0000,0.0000,0.0000,0.0000,0.0000,0.0000,0.0000,0.0000,0.0000,0.0000,0.0000,0.0000,0.0000,0.0000,0.0000,0.0000,0.0000,0.0000,0.0000,0.0000,0.0000,0.0000,0.0000,0.0000,0.0000,0.0000,0.0000,0.0000,0.0000,0.0000,0.0000,0.0000,0.0000,0.0000,0.0000,0.0000,0.0000,0.0000,0.0000,0.0000,0.0000,0.0000,0.0000,0.0000,0.0000,0.0000,0.0000,0.0000,0.0000,0.0000,0.0000,0.0000,0.0000,0.0000,0.0000,0.0000,0.0000,0.0000,0.0000,0.0000,0.0000,0.0000,0.0000,0.0000,0.0000,0.0000,0.0000,0.0000,0.0000,0.0000,0.0000,0.0000,0.0000,0.0000,0.0000,0.0000,0.0000,0.0000,0.0000,0.0000,0.0000,0.0000,0.0000,0.0000,0.0000,0.0000,0.0000,0.0000,0.0000,0.0000,0.0000,0.0000,0.0000,0.0000,0.0000,0.0000,0.0000,0.0000,0.0000,0.0000,0.0000,0.0000,0.0000,0.0000,0.0000,0.0000,0.0000,0.0000,0.0000,0.0000,0.0000,0.0000,0.0000,0.0000,0.0000,0.0000,0.0000,0.0000,0.0000,0.0000,0.0000,0.0000,0.0000,0.0000,0.0000,0.0000,0.0000,0.0000,0.0000,0.0000,0.0000,0.0000,0.0000,0.0000,0.0000,0.0000,0.0000,0.0000,0.0000,0.0000,0.0000,0.0000,0.0000,0.0000,0.0000,0.0000,0.0000,0.0000,0.0000,0.0000,0.0000,0.0000,0.0000,0.0000,0.0000,0.0000,0.0000,0.0000,0.0000,0.0000,0.0000,0.0000,0.0000,0.0000,0.0000,0.0000,0.0000,0.0000,0.0000,0.0000,0.0000,0.0000,0.0000,0.0000,0.0000,0.0000,0.0000,0.0000,0.0000,0.0000,0.0000,0.0000,0.0000,0.0000,0.0000,0.0000,0.0000,0.0000,0.0000,0.0000,0.0000,0.0000,0.0000,0.0000,0.0000,0.0000,0.0000,0.0000,0.0000,0.0000,0.0000,0.0000,0.0000,0.0000,0.0000,0.0000,0.0000
45121.0416667,0.0000,0.0000,0.0000,0.0000,0.0000,0.0000,0.0000,0.0000,0.0000,0.0000,0.0000,0.0000,0.0000,0.0000,0.0000,0.0000,0.0000,0.0000,0.0000,0.0000,0.0000,0.0000,0.0000,0.0000,0.0000,0.0000,0.0000,0.0000,0.0000,0.0000,0.0000,0.0000,0.0000,0.0000,0.0000,0.0000,0.0000,0.0000,0.0000,0.0000,0.0000,0.0000,0.0000,0.0000,0.0000,0.0000,0.0000,0.0000,0.0000,0.0000,0.0000,0.0000,0.0000,0.0000,0.0000,0.0000,0.0000,0.0000,0.0000,0.0000,0.0000,0.0000,0.0000,0.0000,0.0000,0.0000,0.0000,0.0000,0.0000,0.0000,0.0000,0.0000,0.0000,0.0000,0.0000,0.0000,0.0000,0.0000,0.0000,0.0000,0.0000,0.0000,0.0000,0.0000,0.0000,0.0000,0.0000,0.0000,0.0000,0.0000,0.0000,0.0000,0.0000,0.0000,0.0000,0.0000,0.0000,0.0000,0.0000,0.0000,0.0000,0.0000,0.0000,0.0000,0.0000,0.0000,0.0000,0.0000,0.0000,0.0000,0.0000,0.0000,0.0000,0.0000,0.0000,0.0000,0.0000,0.0000,0.0000,0.0000,0.0000,0.0000,0.0000,0.0000,0.0000,0.0000,0.0000,0.0000,0.0000,0.0000,0.0000,0.0000,0.0000,0.0000,0.0000,0.0000,0.0000,0.0000,0.0000,0.0000,0.0000,0.0000,0.0000,0.0000,0.0000,0.0000,0.0000,0.0000,0.0000,0.0000,0.0000,0.0000,0.0000,0.0000,0.0000,0.0000,0.0000,0.0000,0.0000,0.0000,0.0000,0.0000,0.0000,0.0000,0.0000,0.0000,0.0000,0.0000,0.0000,0.0000,0.0000,0.0000,0.0000,0.0000,0.0000,0.0000,0.0000,0.0000,0.0000,0.0000,0.0000,0.0000,0.0000,0.0000,0.0000,0.0000,0.0000,0.0000,0.0000,0.0000,0.0000,0.0000,0.0000,0.0000,0.0000,0.0000,0.0000,0.0000,0.0000,0.0000,0.0000,0.0000,0.0000,0.0000,0.0000,0.0000,0.0000,0.0000,0.0000,0.0000,0.0000,0.0000,0.0000,0.0000,0.0000,0.0000,0.0000,0.0000,0.0000,0.0000,0.0000,0.0000,0.0000,0.0000,0.0000,0.0000,0.0000,0.0000,0.0000,0.0000,0.0000,0.0000,0.0000,0.0000,0.0000,0.0000
45121.0833333,0.0000,0.0000,0.0000,0.0000,0.0000,0.0000,0.0000,0.0000,0.0000,0.0000,0.0000,0.0000,0.0000,0.0000,0.0000,0.0000,0.0000,0.0000,0.0000,0.0000,0.0000,0.0000,0.0000,0.0000,0.0000,0.0000,0.0000,0.0000,0.0000,0.0000,0.0000,0.0000,0.0000,0.0000,0.0000,0.0000,0.0000,0.0000,0.0000,0.0000,0.0000,0.0000,0.0000,0.0000,0.0000,0.0000,0.0000,0.0000,0.0000,0.0000,0.0000,0.0000,0.0000,0.0000,0.0000,0.0000,0.0000,0.0000,0.0000,0.0000,0.0000,0.0000,0.0000,0.0000,0.0000,0.0000,0.0000,0.0000,0.0000,0.0000,0.0000,0.0000,0.0000,0.0000,0.0000,0.0000,0.0000,0.0000,0.0000,0.0000,0.0000,0.0000,0.0000,0.0000,0.0000,0.0000,0.0000,0.0000,0.0000,0.0000,0.0000,0.0000,0.0000,0.0000,0.0000,0.0000,0.0000,0.0000,0.0000,0.0000,0.0000,0.0000,0.0000,0.0000,0.0000,0.0000,0.0000,0.0000,0.0000,0.0000,0.0000,0.0000,0.0000,0.0000,0.0000,0.0000,0.0000,0.0000,0.0000,0.0000,0.0000,0.0000,0.0000,0.0000,0.0000,0.0000,0.0000,0.0000,0.0000,0.0000,0.0000,0.0000,0.0000,0.0000,0.0000,0.0000,0.0000,0.0000,0.0000,0.0000,0.0000,0.0000,0.0000,0.0000,0.0000,0.0000,0.0000,0.0000,0.0000,0.0000,0.0000,0.0000,0.0000,0.0000,0.0000,0.0000,0.0000,0.0000,0.0000,0.0000,0.0000,0.0000,0.0000,0.0000,0.0000,0.0000,0.0000,0.0000,0.0000,0.0000,0.0000,0.0000,0.0000,0.0000,0.0000,0.0000,0.0000,0.0000,0.0000,0.0000,0.0000,0.0000,0.0000,0.0000,0.0000,0.0000,0.0000,0.0000,0.0000,0.0000,0.0000,0.0000,0.0000,0.0000,0.0000,0.0000,0.0000,0.0000,0.0000,0.0000,0.0000,0.0000,0.0000,0.0000,0.0000,0.0000,0.0000,0.0000,0.0000,0.0000,0.0000,0.0000,0.0000,0.0000,0.0000,0.0000,0.0000,0.0000,0.0000,0.0000,0.0000,0.0000,0.0000,0.0000,0.0000,0.0000,0.0000,0.0000,0.0000,0.0000,0.0000,0.0000,0.0000,0.0000,0.0000,0.0000
45121.1250000,0.0000,0.0000,0.0000,0.0000,0.0000,0.0000,0.0000,0.0000,0.0000,0.0000,0.0000,0.0000,0.0000,0.0000,0.0000,0.0000,0.0000,0.0000,0.0000,0.0000,0.0000,0.0000,0.0000,0.0000,0.0000,0.0000,0.0000,0.0000,0.0000,0.0000,0.0000,0.0000,0.0000,0.0000,0.0000,0.0000,0.0000,0.0000,0.0000,0.0000,0.0000,0.0000,0.0000,0.0000,0.0000,0.0000,0.0000,0.0000,0.0000,0.0000,0.0000,0.0000,0.0000,0.0000,0.0000,0.0000,0.0000,0.0000,0.0000,0.0000,0.0000,0.0000,0.0000,0.0000,0.0000,0.0000,0.0000,0.0000,0.0000,0.0000,0.0000,0.0000,0.0000,0.0000,0.0000,0.0000,0.0000,0.0000,0.0000,0.0000,0.0000,0.0000,0.0000,0.0000,0.0000,0.0000,0.0000,0.0000,0.0000,0.0000,0.0000,0.0000,0.0000,0.0000,0.0000,0.0000,0.0000,0.0000,0.0000,0.0000,0.0000,0.0000,0.0000,0.0000,0.0000,0.0000,0.0000,0.0000,0.0000,0.0000,0.0000,0.0000,0.0000,0.0000,0.0000,0.0000,0.0000,0.0000,0.0000,0.0000,0.0000,0.0000,0.0000,0.0000,0.0000,0.0000,0.0000,0.0000,0.0000,0.0000,0.0000,0.0000,0.0000,0.0000,0.0000,0.0000,0.0000,0.0000,0.0000,0.0000,0.0000,0.0000,0.0000,0.0000,0.0000,0.0000,0.0000,0.0000,0.0000,0.0000,0.0000,0.0000,0.0000,0.0000,0.0000,0.0000,0.0000,0.0000,0.0000,0.0000,0.0000,0.0000,0.0000,0.0000,0.0000,0.0000,0.0000,0.0000,0.0000,0.0000,0.0000,0.0000,0.0000,0.0000,0.0000,0.0000,0.0000,0.0000,0.0000,0.0000,0.0000,0.0000,0.0000,0.0000,0.0000,0.0000,0.0000,0.0000,0.0000,0.0000,0.0000,0.0000,0.0000,0.0000,0.0000,0.0000,0.0000,0.0000,0.0000,0.0000,0.0000,0.0000,0.0000,0.0000,0.0000,0.0000,0.0000,0.0000,0.0000,0.0000,0.0000,0.0000,0.0000,0.0000,0.0000,0.0000,0.0000,0.0000,0.0000,0.0000,0.0000,0.0000,0.0000,0.0000,0.0000,0.0000,0.0000,0.0000,0.0000,0.0000,0.0000,0.0000,0.0000,0.0000,0.0000,0.0000
45121.1666667,0.0000,0.0000,0.0000,0.0000,0.0000,0.0000,0.0000,0.0000,0.0000,0.0000,0.0000,0.0000,0.0000,0.0000,0.0000,0.0000,0.0000,0.0000,0.0000,0.0000,0.0000,0.0000,0.0000,0.0000,0.0000,0.0000,0.0000,0.0000,0.0000,0.0000,0.0000,0.0000,0.0000,0.0000,0.0000,0.0000,0.0000,0.0000,0.0000,0.0000,0.0000,0.0000,0.0000,0.0000,0.0000,0.0000,0.0000,0.0000,0.0000,0.0000,0.0000,0.0000,0.0000,0.0000,0.0000,0.0000,0.0000,0.0000,0.0000,0.0000,0.0000,0.0000,0.0000,0.0000,0.0000,0.0000,0.0000,0.0000,0.0000,0.0000,0.0000,0.0000,0.0000,0.0000,0.0000,0.0000,0.0000,0.0000,0.0000,0.0000,0.0000,0.0000,0.0000,0.0000,0.0000,0.0000,0.0000,0.0000,0.0000,0.0000,0.0000,0.0000,0.0000,0.0000,0.0000,0.0000,0.0000,0.0000,0.0000,0.0000,0.0000,0.0000,0.0000,0.0000,0.0000,0.0000,0.0000,0.0000,0.0000,0.0000,0.0000,0.0000,0.0000,0.0000,0.0000,0.0000,0.0000,0.0000,0.0000,0.0000,0.0000,0.0000,0.0000,0.0000,0.0000,0.0000,0.0000,0.0000,0.0000,0.0000,0.0000,0.0000,0.0000,0.0000,0.0000,0.0000,0.0000,0.0000,0.0000,0.0000,0.0000,0.0000,0.0000,0.0000,0.0000,0.0000,0.0000,0.0000,0.0000,0.0000,0.0000,0.0000,0.0000,0.0000,0.0000,0.0000,0.0000,0.0000,0.0000,0.0000,0.0000,0.0000,0.0000,0.0000,0.0000,0.0000,0.0000,0.0000,0.0000,0.0000,0.0000,0.0000,0.0000,0.0000,0.0000,0.0000,0.0000,0.0000,0.0000,0.0000,0.0000,0.0000,0.0000,0.0000,0.0000,0.0000,0.0000,0.0000,0.0000,0.0000,0.0000,0.0000,0.0000,0.0000,0.0000,0.0000,0.0000,0.0000,0.0000,0.0000,0.0000,0.0000,0.0000,0.0000,0.0000,0.0000,0.0000,0.0000,0.0000,0.0000,0.0000,0.0000,0.0000,0.0000,0.0000,0.0000,0.0000,0.0000,0.0000,0.0000,0.0000,0.0000,0.0000,0.0000,0.0000,0.0000,0.0000,0.0000,0.0000,0.0000,0.0000,0.0000,0.0000,0.0000,0.0000,0.0000
45121.2083333,0.0000,0.0000,0.0000,0.0000,0.0000,0.0000,0.0000,0.0000,0.0000,0.0000,0.0000,0.0000,0.0000,0.0000,0.0000,0.0000,0.0000,0.0000,0.0000,0.0000,0.0000,0.0000,0.0000,0.0000,0.0000,0.0000,0.0000,0.0000,0.0000,0.0000,0.0000,0.0000,0.0000,0.0000,0.0000,0.0000,0.0000,0.0000,0.0000,0.0000,0.0000,0.0000,0.0000,0.0000,0.0000,0.0000,0.0000,0.0000,0.0000,0.0000,0.0000,0.0000,0.0000,0.0000,0.0000,0.0000,0.0000,0.0000,0.0000,0.0000,0.0000,0.0000,0.0000,0.0000,0.0000,0.0000,0.0000,0.0000,0.0000,0.0000,0.0000,0.0000,0.0000,0.0000,0.0000,0.0000,0.0000,0.0000,0.0000,0.0000,0.0000,0.0000,0.0000,0.0000,0.0000,0.0000,0.0000,0.0000,0.0000,0.0000,0.0000,0.0000,0.0000,0.0000,0.0000,0.0000,0.0000,0.0000,0.0000,0.0000,0.0000,0.0000,0.0000,0.0000,0.0000,0.0000,0.0000,0.0000,0.0000,0.0000,0.0000,0.0000,0.0000,0.0000,0.0000,0.0000,0.0000,0.0000,0.0000,0.0000,0.0000,0.0000,0.0000,0.0000,0.0000,0.0000,0.0000,0.0000,0.0000,0.0000,0.0000,0.0000,0.0000,0.0000,0.0000,0.0000,0.0000,0.0000,0.0000,0.0000,0.0000,0.0000,0.0000,0.0000,0.0000,0.0000,0.0000,0.0000,0.0000,0.0000,0.0000,0.0000,0.0000,0.0000,0.0000,0.0000,0.0000,0.0000,0.0000,0.0000,0.0000,0.0000,0.0000,0.0000,0.0000,0.0000,0.0000,0.0000,0.0000,0.0000,0.0000,0.0000,0.0000,0.0000,0.0000,0.0000,0.0000,0.0000,0.0000,0.0000,0.0000,0.0000,0.0000,0.0000,0.0000,0.0000,0.0000,0.0000,0.0000,0.0000,0.0000,0.0000,0.0000,0.0000,0.0000,0.0000,0.0000,0.0000,0.0000,0.0000,0.0000,0.0000,0.0000,0.0000,0.0000,0.0000,0.0000,0.0000,0.0000,0.0000,0.0000,0.0000,0.0000,0.0000,0.0000,0.0000,0.0000,0.0000,0.0000,0.0000,0.0000,0.0000,0.0000,0.0000,0.0000,0.0000,0.0000,0.0000,0.0000,0.0000,0.0000,0.0000,0.0000,0.0000,0.0000,0.0000
45121.2500000,0.2442,0.5733,0.7549,0.7334,1.2910,0.9818,0.8791,0.4171,0.8472,0.8859,0.8007,0.7105,0.4361,0.6700,0.6138,0.6214,0.8098,0.7430,0.5196,0.3503,0.9044,0.3676,0.3339,0.5756,0.6074,1.2950,0.5897,0.2050,0.7257,0.2207,0.4584,0.3102,0.3996,0.6169,0.6114,0.5146,0.8327,0.8534,0.2901,1.1317,0.9946,1.0420,0.6010,0.8072,1.7380,0.8091,0.6257,0.7126,0.3619,0.5420,0.8384,0.7695,0.8785,0.9628,0.3480,0.3680,0.4395,0.6941,1.2511,0.9493,0.9901,0.7445,0.3285,0.2971,0.4496,0.3959,0.6441,0.6191,-0.3123,0.0638,0.5678,0.5711,0.4732,0.0841,0.6341,0.8466,0.6782,0.8258,0.5753,0.9235,1.9609,1.7122,1.2270,0.9692,0.7738,0.7937,1.2499,0.9317,1.0904,0.9282,1.0267,1.3005,1.4518,1.0615,0.5153,0.6942,0.8395,1.2997,1.0033,0.8477,0.9315,1.1002,0.7812,0.8332,1.2361,1.5843,1.2939,1.2287,0.5521,1.1244,0.6188,0.2527,0.8523,0.7057,0.8415,0.7124,0.5305,0.9622,0.7825,0.8012,0.1233,0.7562,0.4133,0.7060,0.6056,0.7787,0.8111,1.1418,0.6815,0.2248,0.4388,0.3873,0.4471,0.5423,0.8079,0.5390,0.5380,0.7948,0.5577,0.4585,0.2903,0.7107,0.4918,0.5613,0.7950,0.1836,0.3161,1.0364,0.6553,0.4935,0.4513,0.1291,0.2657,0.1951,0.4651,0.9430,1.0785,1.0093,0.9235,0.5245,1.4123,1.0510,1.0613,1.3311,1.5980,0.9914,1.1875,0.7177,0.6318,0.5504,0.1120,0.3058,0.3588,0.7266,0.7044,0.9861,0.6695,0.7347,0.6071,1.4759,1.2046,0.8949,0.7953,1.0119,0.7968,1.0498,0.9536,0.9615,0.9693,0.9772,0.9851,0.9899,0.9978,1.0058,1.0139,1.0220,1.0303,1.0386,1.0471,1.0557,1.0645,1.0734,1.0824,1.0916,1.1010,1.1105,1.1202,1.1300,1.1401,1.1503,1.1607,1.1713,1.1820,1.1930,1.2041,1.2155,1.2271,1.2388,1.2508,1.2630,1.2753,1.2879,1.3007,1.3136,1.3268,1.3401,1.3536,1.3673,1.3811,1.3951,1.4092,1.4234,1.4377,1.4521,1.4560,1.4709
45121.2916667,1.1413,2.6801,3.5289,3.4288,6.0362,4.6526,4.1107,1.9504,4.0069,4.1623,3.7637,3.3387,2.0608,3.1474,2.8706,2.9061,3.8105,3.4879,2.4299,1.6384,4.2296,1.7193,1.5618,2.8911,2.9320,6.1417,2.7684,0.9593,3.4311,1.0522,2.1483,1.4788,2.1438,3.2128,2.8612,2.4084,3.9429,4.0585,1.5392,5.3480,4.6553,4.8975,2.8134,3.7790,8.1373,3.7882,2.9296,3.3366,1.6943,2.5378,4.0423,3.6460,4.3746,4.5562,1.6293,1.7951,2.0577,3.2693,5.8746,4.4915,4.6896,3.4916,1.5369,1.3898,2.7988,1.8514,3.0089,2.8872,-1.5050,0.2379,2.5988,2.6478,2.2359,0.3132,2.9883,3.9405,3.1365,3.8712,2.7866,4.2816,9.2114,7.9677,5.7376,5.5883,3.5789,3.6580,5.7858,4.3073,5.0525,4.2860,4.7593,6.0387,6.7465,4.9283,2.3775,3.2192,3.8994,6.0616,4.6738,3.9947,4.3621,5.1287,3.6461,4.1619,5.9162,9.8479,8.0354,7.9004,3.1273,6.7882,3.4277,1.1806,4.0730,3.3050,4.0441,3.5695,2.5042,4.5350,3.7104,3.7932,0.5734,3.6244,1.9475,3.3069,2.8388,3.8353,3.8114,5.3976,3.1927,1.0539,2.0747,1.8518,2.1571,3.9014,3.8466,2.6894,2.5251,4.4190,3.6907,2.1486,1.3606,3.3919,2.3403,2.6319,3.7295,0.8598,1.4819,4.8646,3.1237,2.3412,2.1388,0.6044,1.2464,0.9497,2.2178,4.4470,5.0832,4.7384,4.3352,2.4611,6.6303,4.9340,5.5772,6.2835,7.6441,4.7293,5.6951,3.4006,3.0347,2.7181,0.5193,1.7116,1.6786,3.4276,3.2989,5.2833,3.1737,3.4429,2.8575,6.9676,5.6548,4.1961,3.7671,4.7857,3.7398,4.9115,4.4579,4.4950,4.5317,4.5687,4.6063,4.6292,4.6670,4.7045,4.7436,4.7831,4.8234,4.8645,4.9066,4.9497,4.9939,5.0392,5.0876,5.1356,5.1850,5.2358,5.2882,5.3422,5.3979,5.4555,5.5150,5.7381,5.6263,5.6905,5.7570,5.8259,5.8973,5.9715,6.0485,6.1287,6.2122,6.3258,6.4201,6.5189,6.6226,6.7316,6.8463,6.9672,7.0949,7.2300,7.3730,8.4786,8.5474,8.6166,8.6365,8.7076
45121.3333333,2.0612,4.8406,6.5650,6.1934,10.9034,8.6949,7.4257,3.5232,8.0464,7.9183,7.1342,6.3790,3.9016,5.9039,5.1857,5.3005,15.0184,6.5997,6.0994,3.0448,8.4758,3.2781,2.8217,7.3344,6.2304,11.1601,5.2642,1.7334,6.8145,2.2990,4.7855,3.5873,11.4625,9.4279,6.1495,4.3947,7.2672,9.1950,3.3099,10.7103,8.4137,9.2806,5.0850,6.8306,15.7104,7.7265,5.2954,6.0311,3.0627,5.5717,9.7522,8.8559,16.3435,9.3137,3.1398,4.7821,4.7744,6.9711,11.8157,8.5074,11.7407,6.7068,2.7781,2.5123,7.2842,3.3473,13.1727,6.9070,-5.3059,0.3952,5.3004,5.2170,5.4365,0.4790,5.7745,8.1703,5.7349,7.2964,5.3079,8.9712,16.8380,16.2773,10.7553,19.9808,6.4039,7.2092,10.8620,7.6871,9.0300,7.6262,8.4965,10.7923,14.5271,12.5117,4.7432,6.0240,7.2764,11.6283,8.6444,10.0743,7.7442,11.1610,6.8631,16.0222,13.5391,25.6775,20.9893,21.3014,7.6485,17.3653,8.1945,2.4072,8.1147,6.1392,9.3199,13.9445,4.6405,8.2035,7.5304,7.4525,1.0188,13.5372,3.5448,6.7276,5.4123,7.4470,7.6629,10.5710,6.6073,1.9693,4.1653,4.2606,8.8914,11.7620,7.0699,5.3281,4.6716,14.4471,10.4873,3.9727,2.4556,6.2758,4.2148,4.9613,7.1791,1.5496,3.0216,9.0458,5.7565,4.9461,3.8583,1.0864,2.2711,1.8410,4.3553,8.3887,10.4084,8.7112,8.7247,4.6156,25.8661,9.6981,15.2825,11.3568,17.0867,10.0604,10.6713,8.6541,7.1324,8.9584,0.9240,4.4323,3.1496,8.0414,6.5580,17.2943,5.8884,7.0190,5.3682,13.8532,11.5462,7.9258,6.7733,8.7651,6.7563,9.3274,8.4720,8.5628,8.6433,8.7350,8.8292,8.8983,8.9958,9.0962,9.1997,9.3057,9.4149,9.5278,9.6445,9.7653,9.8904,10.0199,10.1541,10.2933,10.4378,10.6347,10.7946,10.9609,11.1341,11.3143,11.5020,11.6976,11.9016,12.1142,12.3360,12.5675,12.8090,13.0613,13.3247,13.5999,13.8875,14.1880,14.5022,14.8307,20.4525,20.5701,20.6895,20.8106,20.9333,21.0575,21.1830,21.3097,21.4376,21.5663,21.6069,21.7396
45121.3750000,2.5027,5.8776,8.5022,7.5207,25.1390,13.3690,9.0183,9.2444,16.1872,12.1426,10.8445,9.8432,5.9655,8.9635,7.0531,7.5619,30.5310,9.8240,20.6732,4.4967,18.9188,4.9794,3.4275,11.7740,8.3245,23.3663,8.4032,2.1060,13.0631,6.8699,7.4407,12.9553,26.0943,27.7384,31.3777,25.5221,14.0742,11.9884,4.8760,20.8307,11.0492,13.8279,6.1798,9.2839,22.8942,14.7001,8.4358,7.3302,4.8085,7.1532,35.7887,31.3311,33.1256,18.7178,5.0025,19.6100,5.5961,15.6097,47.0458,12.8816,37.3732,10.3582,3.3768,3.0537,13.3080,4.0698,27.7187,26.3864,-21.7226,0.4112,10.8179,6.7209,17.8579,0.4450,11.6812,17.3115,8.2548,19.0822,7.4754,13.3252,36.7398,31.4318,16.1127,41.4643,7.7623,9.2566,13.3606,9.3046,10.9338,35.8632,45.2689,21.2796,29.7532,42.4864,9.5796,8.7398,10.7789,18.0299,12.7627,34.4068,10.2096,41.5089,8.6118,32.5770,43.0487,48.6480,39.9635,41.4737,14.3277,32.5748,14.9203,6.3872,10.4156,8.7337,32.1700,28.5311,6.6023,12.3370,15.5327,13.8147,1.1792,27.0794,4.4996,12.9374,7.7333,10.5228,26.5048,20.5870,26.0510,2.9157,8.2727,14.6603,18.9521,25.1890,14.3528,6.5575,6.5378,29.1989,21.7982,5.3316,3.4331,9.0598,10.0400,7.2517,12.3577,2.1007,6.1680,17.3393,14.2622,6.4040,8.3578,1.3400,2.7850,3.9667,5.6083,12.4496,20.3800,10.6559,16.7181,6.6368,51.2905,21.1128,25.9117,15.1947,39.8406,25.0542,17.4543,28.7723,21.6628,18.0160,1.4490,9.2684,4.3570,23.3668,21.6608,34.3580,8.0469,13.7914,7.9797,25.3914,43.2082,11.7391,8.8706,12.2991,9.5593,13.8217,12.6063,12.8046,13.0068,13.2145,13.4287,13.6160,13.8415,14.0745,14.3151,14.5629,14.8188,15.0835,15.3574,15.6407,15.9340,16.2376,16.5520,16.8776,17.2149,17.5643,17.9264,18.3017,18.6906,19.0939,19.5119,19.9454,20.3949,20.8610,21.3445,21.8460,37.4910,37.6107,37.7327,37.8571,37.9837,38.1127,38.2439,38.3774,38.5131,38.6510,38.7909,38.9329,39.0769,39.2226,39.3701,39.5192,39.6697,39.8215,39.8668,40.0239
45121.4166667,2.5116,5.8988,16.0724,13.6200,92.4128,19.4484,18.5723,8.0959,55.3990,17.4444,16.0511,14.5606,8.7435,13.2318,7.1877,11.6901,47.3453,13.8919,33.0083,4.4485,16.6083,9.8725,3.8158,12.8411,12.4878,70.6641,13.0191,8.7845,45.4603,9.6220,38.7409,17.8605,42.7459,44.0166,50.0568,41.0392,55.6978,20.7014,6.2285,63.6368,24.2526,18.6729,6.2071,8.6568,91.7735,44.1165,12.1458,12.1748,6.8828,14.5433,55.8279,48.9306,51.1681,59.2566,6.8008,29.3858,7.7454,56.9551,71.6619,18.2286,57.4379,15.0394,5.1572,5.3840,21.7473,4.0894,43.8160,41.7909,-31.3492,0.2270,34.0044,6.8744,25.6047,0.4646,10.2510,55.5380,11.8555,68.1520,11.5577,38.3436,108.9558,92.3697,22.6238,64.4635,7.7975,9.8678,13.2553,9.6708,73.5369,55.4934,70.3246,80.1289,81.6790,65.4850,35.7401,12.3267,15.3352,26.2607,17.7242,53.4883,16.5375,63.5102,14.3378,50.5031,65.1067,72.0295,59.5967,62.4814,22.1364,48.3641,22.5210,10.7868,12.4017,11.7278,49.3779,44.2105,7.9517,17.0458,51.6422,48.0273,1.3606,41.4125,6.6528,37.9181,7.4083,45.1054,40.1076,58.1950,40.2715,4.3488,28.3080,23.4859,30.2066,39.8980,57.6066,8.9061,8.6531,44.9607,34.3487,29.2842,4.5685,40.9825,32.2918,9.8830,46.8640,2.0705,20.8748,67.3241,49.0455,9.1868,31.8407,1.5234,3.6644,11.0621,7.3064,17.4014,59.9921,14.0101,57.5247,9.2106,77.5189,65.7727,64.7108,17.2521,51.8064,32.0849,30.3624,44.9829,33.8223,28.3487,2.3768,15.5490,5.8755,36.0325,33.3745,52.4582,10.5198,41.8876,11.1616,77.1701,65.6291,16.2223,52.2282,16.2291,12.7542,19.1609,17.4591,17.7963,18.1410,18.4949,18.8593,19.2003,19.5837,19.9786,20.3853,20.8034,21.2338,21.6775,22.1347,22.6059,23.0918,23.5926,24.1090,24.6415,25.1906,54.9568,55.0538,55.1526,55.2533,55.3559,55.4605,55.5670,55.6756,55.7862,55.8990,56.0138,56.1308,56.2500,56.3713,56.4948,56.6204,56.7482,56.8780,57.0100,57.1439,57.2798,57.4176,57.5572,57.6985,57.8414,57.9857,58.1314,58.2782,58.4261,58.4667,58.6193
45121.4583333,2.7540,8.4122,21.8495,86.8770,112.6303,26.2976,25.1397,11.3430,68.3642,73.7319,72.5416,19.6891,38.1878,57.2534,59.0941,15.7555,58.6632,18.5052,13.4216,5.8779,73.8431,17.8339,7.4396,9.9339,17.1865,86.3106,62.2750,11.0944,56.4802,6.4856,48.6626,12.0619,30.2118,23.2217,62.1759,51.3778,68.7423,67.4717,9.2043,77.9983,79.6173,24.6201,6.8061,12.2003,111.3340,54.7559,16.3471,27.0611,9.7053,9.4568,21.1555,60.6275,63.2072,23.6404,8.0085,19.1126,22.9573,70.4266,87.5692,72.6299,70.6636,20.2397,6.0331,7.1790,7.0960,14.4552,54.5876,52.1677,-10.5016,0.6314,14.1304,13.9445,12.2330,1.7883,15.0267,68.5569,53.0208,83.8396,16.1970,23.0577,131.8987,112.1204,91.6251,24.8868,8.5486,12.2964,90.2932,26.7581,90.0466,68.4049,86.2308,97.7758,99.4754,80.3280,13.1497,16.2613,20.5209,35.1370,23.3806,21.1834,64.0851,77.8646,57.0707,62.4306,79.6273,87.5913,72.8777,76.4341,28.3857,59.4143,28.6960,5.0578,63.4529,15.8811,60.8578,54.7420,11.0215,68.0363,63.6021,59.1794,1.8733,51.1534,34.0205,46.9154,28.2878,55.4422,49.2855,70.7526,49.5880,20.3512,35.3537,14.5649,6.8228,11.6975,29.1051,45.0138,43.0070,55.0716,13.3013,36.5399,30.5004,50.4444,40.2150,39.5050,57.5482,4.2510,26.7171,82.1176,15.1636,12.7018,10.2004,2.5275,17.8108,5.6757,10.6978,76.4094,73.4388,78.9177,21.4213,36.6791,94.3050,80.5288,26.5117,45.8741,58.4413,88.3304,85.1181,55.7895,42.3908,35.8679,2.6490,20.6787,7.9286,44.9787,41.7898,64.5562,13.7885,52.0621,14.9137,93.8902,27.0972,21.4383,19.3840,81.6670,20.8720,73.5965,65.7380,65.8256,65.9118,65.9982,66.0858,66.1372,66.2240,66.3121,66.4015,66.4911,66.5818,66.6740,66.7676,66.8627,66.9595,67.0579,67.1580,67.2599,67.3636,67.4692,67.5767,67.6861,67.7977,67.9112,68.0270,68.1448,68.2649,68.3872,68.5118,68.6387,68.7679,68.8994,69.0333,69.1694,69.3079,69.4487,69.5917,69.7369,69.8842,70.0337,70.1851,70.3383,70.4934,70.6501,70.8083,70.9678,71.1285,71.2902,71.3341,71.5007
45121.5000000,2.5733,17.6061,86.5038,104.5814,133.9801,104.8661,98.7442,14.0936,81.8562,88.2234,87.0487,75.1397,46.6589,68.9769,71.3751,62.9923,70.2479,66.5331,50.5913,38.2316,88.3009,13.7504,9.0825,16.3878,67.6317,102.1591,75.2945,5.2880,67.8696,8.2942,59.2491,12.3943,30.8637,66.2493,75.1075,62.3568,82.3580,80.7581,11.7581,92.6184,95.0001,91.5855,14.8529,13.3155,131.0292,65.5266,60.7816,77.8491,39.3120,14.5074,82.5226,72.7460,75.5262,86.9751,9.8028,15.1015,13.4945,84.8242,103.8165,86.6964,84.1936,75.1980,6.2589,9.0512,11.2066,27.5443,65.8406,62.9966,-39.7322,2.8013,51.9054,17.0202,15.3978,3.8303,18.2388,82.1699,63.9205,100.6940,20.2325,28.1921,155.3080,132.1783,108.8954,94.6824,13.3464,20.2944,107.2212,30.8278,107.4047,81.7629,102.9894,116.1076,117.7055,95.7586,54.6897,72.8199,80.6528,133.0526,92.4926,79.1475,76.5394,92.6669,68.4809,74.7956,94.3451,102.9075,86.0191,90.5028,34.5333,70.2562,34.6936,19.0830,75.9226,63.3267,72.8111,65.8100,13.1279,81.0971,76.2775,70.8702,8.5296,61.2821,41.6050,56.2789,80.8524,66.2926,58.7085,83.5942,59.3974,25.4186,42.8771,35.9929,11.3199,14.8421,83.9363,54.0740,51.6030,65.3396,50.8695,43.9065,37.0993,59.8716,48.1636,47.0618,68.1476,21.8379,32.3300,97.0894,18.0250,15.4497,12.1131,10.6341,21.7941,7.1450,12.7722,90.6340,86.6365,93.4940,83.8239,44.0035,110.9358,95.4402,93.8744,107.0241,137.0256,105.1249,100.6437,66.6723,50.7924,43.2025,10.5524,25.6738,36.6748,53.7984,50.0352,76.6896,16.1514,62.3820,54.9719,110.6535,95.0042,78.9187,77.2624,97.3313,85.9004,87.4634,78.2653,78.3492,78.4316,78.5141,78.5975,78.6470,78.7295,78.8131,78.8978,78.9826,79.0685,79.1556,79.2440,79.3339,79.4252,79.5181,79.6126,79.7087,79.8065,79.9061,80.0075,80.1108,80.2160,80.3232,80.4323,80.5436,80.6569,80.7724,80.8900,81.0098,81.1318,81.2560,81.3824,81.5110,81.6418,81.7747,81.9098,82.0469,82.1861,82.3272,82.4702,82.6150,82.7614,82.9094,83.0587,83.2093,83.3610,83.5136,83.5561,83.7133
45121.5416667,11.3953,106.3976,93.9622,113.7377,144.8713,113.6185,107.1121,66.0278,88.7279,95.6129,94.4780,81.6311,51.0093,74.9724,77.6883,68.5222,76.1179,72.1777,55.1584,41.9565,95.6656,14.7977,50.9966,16.9756,73.6123,110.1199,19.5392,3.2584,73.6668,9.3191,15.4647,7.0505,15.8603,72.0862,81.7681,68.0135,89.3009,87.5180,13.1510,99.9856,102.8240,99.0133,21.4988,24.9569,140.8743,70.9636,66.1008,84.5861,43.1158,18.0902,89.4709,78.9152,81.7619,94.1167,10.6565,15.8392,14.7142,21.3408,112.0060,93.8364,91.0329,81.6369,15.6160,10.7803,12.7749,74.0200,71.5962,68.5360,-42.0042,3.7924,56.5406,78.1621,75.1002,4.8976,19.8599,89.1162,69.4855,26.5516,22.1272,28.7275,167.0625,142.2411,117.6515,102.5737,19.1419,87.0818,115.7877,100.4547,116.2579,88.5480,111.5470,125.4035,126.8930,103.5985,59.6923,79.1796,87.4861,143.9014,100.1332,85.8305,82.8463,100.1614,74.2812,81.0852,101.7407,110.4960,92.5572,97.5571,37.6239,75.6379,37.6875,21.2513,82.2729,68.7722,78.8933,71.4691,14.0909,87.7291,20.8457,76.8353,9.9305,66.4401,45.5349,61.0552,21.0751,71.8424,63.4964,90.0837,64.4412,28.1050,11.7760,39.3527,12.1655,16.0275,90.9318,58.7621,14.3736,70.5579,55.1365,47.6685,40.4875,64.5968,52.1564,50.7968,73.3903,23.8201,35.0200,104.4852,19.3425,16.8802,51.7155,11.4680,23.3712,7.7755,13.6032,97.3308,92.7084,100.3182,89.9404,47.1239,118.6831,102.4109,100.6946,114.5804,146.8855,113.1175,107.8754,71.6010,54.4357,46.3211,11.4283,27.7131,39.6963,57.7985,53.7790,82.4237,63.6376,67.2805,59.4314,118.7407,102.1372,85.1219,83.4999,105.0518,92.9502,94.2271,84.3603,84.4494,84.5367,84.6237,84.7110,84.7665,84.8522,84.9384,85.0252,85.1117,85.1987,85.2865,85.3751,85.4646,85.5551,85.6467,85.7394,85.8333,85.9284,86.0249,86.1227,86.2220,86.3228,86.4252,86.5293,86.6350,86.7425,86.8517,86.9628,87.0758,87.1906,87.3074,87.4261,87.5467,87.6693,87.7939,87.9203,88.0486,88.1788,88.3107,88.4443,88.5796,88.7164,88.8546,88.9941,89.1348,89.2766,89.4192,89.4596,89.6064
45121.5833333,9.1223,85.6249,77.0379,20.3899,119.7109,93.6309,87.9761,14.2128,73.5169,79.0895,77.7073,67.2039,41.8186,61.7963,63.5746,56.5035,63.5078,60.0558,45.5301,34.2863,79.2386,13.2725,41.2074,60.5428,60.3720,92.7570,11.9533,3.1814,61.1103,8.3076,14.3891,10.6481,14.3245,29.1855,66.7265,55.4798,73.8762,72.6142,11.5590,83.9297,85.3260,82.6470,19.8021,82.2556,119.2382,59.5029,54.6488,69.5094,35.2540,64.5970,74.0412,65.4423,68.2932,78.3797,9.5085,14.1083,13.2055,13.2503,93.9618,78.0807,76.1441,67.4048,13.3900,10.4421,8.2208,11.6496,59.0111,56.4822,-34.8546,2.8870,46.7800,15.9390,13.5202,3.8066,67.3688,73.6619,57.4197,24.3504,20.0156,118.4544,140.6583,119.9180,98.0046,84.8031,89.6692,71.7486,96.6784,82.9330,96.1287,73.6386,92.0973,104.4384,106.4592,86.1056,48.8435,65.0196,72.3022,118.8112,83.0717,71.0561,69.2010,83.6406,61.7593,67.3494,85.7247,94.5336,78.9053,82.4328,31.9012,64.7671,32.3123,17.4804,68.3829,57.0408,65.6903,59.1766,47.0905,73.2533,20.2858,19.8926,7.9451,55.5068,37.2979,51.0275,71.4510,59.8360,53.5142,76.0957,53.5138,6.3147,38.4025,9.7992,8.0175,10.0225,74.8295,48.2677,46.1333,58.8800,45.5256,39.1450,32.6108,17.1826,12.8445,42.1114,61.0176,3.7842,6.5398,86.5545,18.3021,15.5140,42.1295,8.9380,18.9162,6.8408,45.0492,80.2625,77.4190,82.9358,74.3855,38.7574,99.5083,84.7740,83.4935,95.8295,122.4852,92.7297,89.7645,18.3152,44.9500,38.1360,8.4731,22.2829,31.9305,48.0890,44.8339,68.7499,52.3252,55.5397,48.7116,99.8443,85.3729,70.3628,68.5400,86.5548,75.9112,78.3628,70.1406,70.2641,70.3859,70.5079,70.6310,70.7115,70.8336,70.9569,71.0815,71.2061,71.3318,71.4588,71.5873,71.7173,71.8489,71.9820,72.1168,72.2533,72.3916,72.5317,72.6736,72.8175,72.9634,73.1113,73.2613,73.4134,73.5678,73.7244,73.8832,74.0444,74.2079,74.3738,74.5420,74.7127,74.8857,75.0611,75.2388,75.4187,75.6010,75.7853,75.9717,76.1601,76.3503,76.5422,76.7357,76.9305,77.1265,77.3234,77.3804,77.5828
45121.6250000,6.9216,18.1139,19.4430,17.0234,87.6607,25.8668,63.7799,11.2495,21.5748,57.8095,56.3747,48.7414,29.9619,44.8460,15.5403,40.9814,46.8239,44.0969,32.9618,24.3640,58.0184,10.3160,8.1381,43.4447,13.7199,69.4539,11.4660,3.0747,22.6680,6.3807,11.6699,6.4122,11.1856,19.2361,20.8055,39.6622,21.1568,21.4632,8.8195,62.5259,62.6651,24.5661,31.5329,59.4886,89.9653,44.1123,39.7526,50.3131,25.0868,22.2406,54.1162,47.8967,50.4643,57.7807,7.9326,7.8929,10.7598,15.3509,70.0105,57.4973,56.4267,49.0741,10.1071,8.0833,9.0137,10.6134,14.8652,40.9362,-26.3520,1.3595,13.4392,13.2157,11.0852,1.1428,17.3694,18.9985,41.7704,19.9820,15.6800,84.5392,105.5413,90.0455,29.6329,61.9846,64.1738,20.4369,71.6300,60.4954,70.3459,54.1577,67.2458,77.1732,79.4024,63.3715,11.3015,16.4308,20.2830,33.8881,24.4092,51.9396,51.1453,61.9072,45.3214,24.2831,64.1726,72.1379,59.8692,61.9022,23.7290,49.3058,24.3683,12.2696,20.6853,16.7956,48.3313,15.8968,13.1543,54.1494,17.2535,17.1360,2.1287,40.9308,9.0473,15.8990,50.8949,43.9976,39.8807,57.0926,39.1519,5.4882,8.0269,12.7339,7.3798,11.7556,54.3309,34.7859,33.3290,43.4279,13.1650,10.2262,12.2264,14.8686,10.7851,30.7090,44.8675,3.2938,5.8074,63.5617,15.1959,12.4328,10.1688,5.7406,13.2538,10.4828,32.1130,23.0151,57.5411,60.8883,54.6063,28.1460,74.4235,29.8949,61.5508,71.4536,91.0571,67.4018,66.5049,15.5927,32.8900,27.7703,5.1621,15.6141,22.4632,35.4570,33.0850,50.9206,37.9673,40.5063,14.5163,74.7750,63.4001,51.4478,19.0419,63.0983,20.2600,57.7388,51.6024,51.7260,51.8481,51.9710,52.0957,52.1739,52.2985,52.4251,52.5537,52.6829,52.8139,52.9471,53.0826,53.2204,53.3605,53.5031,53.6483,53.7959,53.9462,54.0992,54.2549,54.4133,54.5746,54.7388,54.9058,55.0758,55.2488,55.4247,55.6037,55.7857,55.9707,56.1588,56.3498,56.5439,56.7409,56.9407,57.1434,57.3489,57.5570,57.7676,57.9806,58.1960,58.4134,58.6327,58.8537,59.0763,59.3001,59.5249,59.5951,59.8258
45121.6666667,3.1903,8.3634,12.4659,11.3984,19.0778,16.4189,15.1449,6.3422,27.5501,14.8537,12.6534,12.1164,7.3045,11.3027,10.0222,10.4521,13.1493,12.1418,8.5512,5.8206,12.6755,5.3239,5.2951,9.1593,8.2074,37.1159,8.1626,2.6821,10.6639,3.2475,12.9363,5.2711,6.5547,11.3680,16.8880,9.5163,27.5175,27.3555,7.4777,18.1152,15.1053,16.5190,10.8144,14.0836,48.6736,23.2615,10.4159,25.1750,5.9549,9.7430,13.5165,24.5618,26.3750,15.5877,7.7418,6.1266,7.1313,10.8116,37.0460,15.6660,16.0766,12.5757,8.0618,6.9152,19.0788,8.3345,21.5720,20.6195,-5.9801,0.5759,7.8392,22.0684,7.2701,0.7542,10.6789,27.3469,10.8024,12.8094,15.8021,40.7041,56.4159,48.2645,19.4782,15.7139,31.1978,12.9363,37.4653,30.6941,35.8668,14.7205,15.6606,40.1122,42.0452,32.7415,7.5706,10.6937,13.1890,21.5186,15.9389,13.4688,14.4750,32.3703,12.3593,25.4519,34.3105,39.9627,32.8832,33.3160,12.7920,27.3260,13.4794,3.4921,11.9947,10.9190,13.1103,12.7343,7.5688,15.1487,11.7636,11.8684,1.4301,21.3823,6.0770,19.6535,13.3001,22.8189,21.2942,30.7086,20.1416,4.2188,5.7563,11.4735,7.4244,9.3326,27.3400,17.3763,16.7564,22.6785,16.7530,14.0523,4.8551,20.4510,7.2621,15.7967,12.4199,2.1637,5.7922,32.7161,8.9640,6.7669,6.7448,1.7519,3.7124,4.3113,15.7602,30.0553,30.4625,14.1347,14.4598,14.4755,39.7643,32.3107,32.0410,37.9833,47.9679,15.2840,34.9520,11.8523,17.1647,14.4673,1.3025,7.7654,5.6631,18.8369,17.6746,27.0270,19.4988,20.9864,9.4305,40.2568,33.6810,26.6157,25.2024,32.2701,13.1566,30.2624,27.0445,27.1432,27.2405,27.3382,27.4374,27.4961,27.5949,27.6952,27.7971,27.8995,28.0034,28.1090,28.2166,28.3261,28.4377,28.5514,28.6672,28.7853,28.9057,29.0285,29.1538,29.2815,29.4119,29.5448,29.6805,29.8189,29.9601,30.1041,30.2510,30.4008,30.5535,30.7091,30.8677,31.0292,31.1936,31.3609,31.5310,31.7039,31.8795,32.0577,32.2384,32.4215,32.6069,32.7943,32.9837,33.1748,33.3674,33.5613,33.6220,33.8218
45121.7083333,2.6264,6.3910,8.9306,7.8910,14.7493,12.1922,11.1424,5.0325,14.1328,11.0396,9.5382,8.9416,5.3924,8.3661,9.6273,7.7414,9.8822,9.0982,6.3665,3.8089,10.0248,4.2257,3.9526,6.4071,6.5395,27.4863,7.3248,2.2079,8.2625,2.8363,5.5283,4.0825,5.1867,7.4400,8.4084,5.9683,12.5503,19.9492,5.9789,13.7092,11.5750,11.6284,7.7976,10.3237,36.2813,17.0181,7.7463,18.1965,4.1112,7.0373,10.1548,11.2297,19.3055,10.7979,4.1163,5.5406,6.2684,8.0951,15.2652,11.7235,12.1038,9.3187,5.0156,5.8235,6.0164,5.3416,15.5655,10.3719,-4.3960,0.4263,6.3697,8.0800,5.3122,0.5619,7.8050,10.9025,8.0395,10.0600,7.9482,29.3526,27.2462,35.8896,14.6368,11.6914,22.4648,9.5772,27.5976,22.3576,26.2273,11.0156,11.8503,29.5279,31.1178,13.6016,5.7323,8.0099,9.8627,15.9547,11.9238,10.0454,10.8901,23.7879,9.2636,12.9951,13.6886,29.8869,24.4705,24.6745,9.2305,20.3114,9.8111,2.6264,9.5057,8.2191,9.8809,10.3173,5.5699,11.4103,8.9149,8.9269,1.0942,15.5732,4.5971,14.2834,10.7900,16.6151,15.5949,22.7085,14.5873,2.4762,4.5600,8.0578,5.9784,6.4768,19.8261,12.4293,11.9931,16.5401,12.0203,6.1459,3.6741,8.0320,5.5041,11.3539,9.3427,1.7807,3.1756,13.0400,7.9403,5.3090,5.0823,1.2300,2.7850,2.4120,11.1809,12.5982,12.1589,10.7010,9.9545,10.3708,29.4746,13.8282,16.8645,28.1006,35.5110,11.3125,25.7514,10.8061,12.4202,10.4007,1.0164,5.3271,4.1678,10.3858,12.8764,19.8697,14.1012,15.2424,7.0571,29.8967,24.8636,19.4297,18.2844,23.5715,9.7113,22.2201,19.8130,19.8924,19.9706,20.0490,20.1285,20.1747,20.2536,20.3338,20.4152,20.4968,20.5796,20.6637,20.7493,20.8364,20.9251,21.0154,21.1074,21.2011,21.2965,21.3939,21.4931,21.5943,21.6975,21.8028,21.9102,22.0197,22.1315,22.2454,22.3617,22.4802,22.6010,22.7242,22.8497,22.9776,23.1078,23.2404,23.3752,23.5123,23.6516,23.7930,23.9365,24.0820,24.2294,24.3785,24.5293,24.6815,24.8352,24.9899,25.0360,25.1958
45121.7500000,0.9920,2.3581,3.0956,2.9800,5.2727,4.0584,3.6456,1.7599,3.5003,3.6670,3.3061,2.9425,1.7724,2.7725,2.5431,2.5711,3.3407,3.0636,2.1305,1.4330,3.7349,1.5182,1.3572,2.3420,2.4690,5.4325,2.3974,0.8335,2.9687,0.9469,1.9702,1.2615,1.7263,2.6275,2.7516,2.1633,3.4021,4.4313,1.2237,4.6680,4.0446,4.2856,2.5025,3.3463,8.6722,3.3249,2.5878,3.0621,1.4786,2.2588,3.4539,3.2310,4.4471,3.9615,1.4154,1.6698,1.8241,2.9521,5.1881,3.9257,4.0887,3.0832,1.5461,1.2073,1.8908,1.6080,3.3735,2.9336,-1.3622,0.1965,2.2413,2.2771,1.8785,0.2339,2.4991,3.3402,2.6459,3.4355,2.3343,4.1000,8.0599,7.0157,4.9254,3.8919,3.2445,3.1606,5.1540,3.8496,4.7901,3.6911,4.2145,5.5099,5.8709,4.2477,1.9852,2.8110,3.3241,5.2542,4.0064,3.3577,3.6322,5.4241,3.1052,3.8047,4.9439,7.4869,6.0926,5.9291,2.3921,5.1790,2.6344,0.9252,3.3924,2.8081,3.3655,3.0874,2.0743,3.8494,3.1148,3.2046,0.4020,3.0017,1.6037,2.8387,2.8385,3.1023,3.1928,5.4722,2.7588,0.8541,1.7202,1.4817,1.7780,2.2516,4.2125,2.6917,2.6439,3.8421,2.7016,1.8162,1.1833,2.8517,1.9193,2.6408,3.1370,0.6712,1.1940,4.1302,2.5909,2.0196,1.7626,0.4247,0.9752,0.7505,2.0049,3.7938,4.2707,4.0426,3.6606,2.0928,6.9433,4.2869,4.6053,5.5124,6.6793,4.0043,5.9157,2.9923,2.5640,2.5128,0.3632,1.1673,1.3935,3.0141,2.8098,4.7306,3.2310,3.5332,2.3899,6.0834,5.8641,3.6570,4.0133,4.2057,3.2035,4.3263,3.9160,3.9557,3.9953,4.0357,4.0771,4.1066,4.1491,4.1928,4.2377,4.2836,4.3307,4.9390,4.9710,5.0035,5.0366,5.0703,5.1046,5.1395,5.1751,5.2113,5.2482,5.2858,5.3242,5.3633,5.4031,5.4438,5.4852,5.5274,5.5704,5.6143,5.6590,5.7045,5.7508,5.7980,5.8461,5.8949,5.9446,5.9951,6.0463,6.0983,6.1510,6.2045,6.2585,6.3132,6.3685,6.4242,6.4804,6.5370,6.5527,6.6111
45121.7916667,0.6684,1.5989,2.0775,2.0079,3.5347,2.6935,2.4129,1.1768,2.3451,2.4315,2.1967,1.9489,1.1942,1.8345,1.6808,1.7053,2.2214,2.0352,1.4244,0.9643,2.5102,1.0066,0.9144,1.5764,1.6635,3.5569,1.6152,0.5616,1.9973,0.6046,1.3104,0.8499,1.0946,1.6899,1.6748,1.4097,2.2813,2.3381,0.8079,3.1061,2.7248,2.8578,1.6501,2.2153,4.8534,2.2225,1.7181,1.9655,0.9936,1.4896,2.3004,2.1191,2.4453,2.6450,0.9535,1.0427,1.2042,1.9016,3.4506,2.6004,2.7120,2.0389,0.8994,0.8133,1.2438,1.0832,2.1044,1.8885,-0.8913,0.1331,1.5107,1.5352,1.2612,0.1625,1.6834,2.2500,1.7823,2.2040,1.5324,2.4804,5.2739,4.5877,3.2762,2.5807,2.0614,2.0977,3.3372,2.4701,2.9199,2.4478,2.8167,3.4827,3.8752,2.8111,1.3378,1.8186,2.2109,3.4818,2.6576,2.2299,2.4426,3.4186,2.0721,2.2299,3.3466,4.7929,3.4486,3.2845,1.4163,2.9806,1.6974,0.6198,2.2804,1.8689,2.2395,2.0250,1.3996,2.5678,2.0901,2.1528,0.2712,1.9967,1.0736,1.8612,1.6156,2.1007,2.1375,3.0418,1.8003,0.5709,1.1539,1.0019,1.2000,1.4944,2.1541,1.4147,1.6520,2.4261,1.6939,1.1923,0.7476,1.9093,1.2871,1.6650,2.1039,0.4520,0.8041,2.7720,1.7475,1.3125,1.1765,0.2888,0.6523,0.5054,1.2675,2.5352,2.8732,2.7189,2.4690,1.3660,3.8264,2.8190,3.0331,3.5889,4.3290,2.6919,3.2628,1.9857,1.7195,1.5935,0.2463,0.7684,0.9261,1.9381,1.8396,3.0010,1.7799,1.9563,1.5899,3.9697,3.7167,2.3812,2.1263,2.7153,2.1234,2.8046,2.5372,2.5588,2.5802,2.6018,2.6239,2.6730,2.6581,2.6806,2.7037,2.7271,2.7510,2.7755,2.8008,2.8267,2.8534,2.8809,2.9082,2.9373,2.9673,2.9984,3.0306,3.0639,3.0985,3.1344,3.1718,3.2106,3.2510,3.5308,3.5597,3.5892,3.6191,3.6497,3.6808,3.7124,3.7446,3.7774,3.8107,3.8445,3.8788,3.9136,3.9489,3.9847,4.0209,4.0575,4.0944,4.1317,4.1692,4.2070,4.2173,4.2563
45121.8333333,0.2280,0.5355,0.7051,0.6850,1.2058,0.9170,0.8211,0.3896,0.7913,0.8291,0.7497,0.6637,0.4074,0.6258,0.5734,0.5805,0.7564,0.6940,0.4853,0.3272,0.8447,0.3434,0.3119,0.5377,0.5674,1.2097,0.5508,0.1915,0.6779,0.2062,0.4283,0.2898,0.3733,0.5763,0.5711,0.4807,0.7779,0.7973,0.2710,1.0573,0.9291,0.9734,0.5615,0.7541,1.6237,0.7559,0.5847,0.6660,0.3381,0.5066,0.7833,0.7189,0.8207,0.8997,0.3251,0.3438,0.4105,0.6483,1.1686,0.8865,0.9246,0.6951,0.3066,0.2773,0.4194,0.3692,0.6000,0.5756,-0.3025,0.0456,0.5136,0.5203,0.4299,0.0554,0.5738,0.7669,0.6075,0.7512,0.5223,0.8453,1.7972,1.5633,1.1149,0.8773,0.7024,0.7140,1.1341,0.8416,0.9891,0.8332,0.9296,1.1811,1.3182,0.9578,0.4530,0.6196,0.7521,1.1848,0.9035,0.7583,0.8313,0.9900,0.7055,0.7545,1.1260,1.4451,1.1748,1.1189,0.4825,1.0154,0.5399,0.2111,0.7729,0.6356,0.7616,0.6424,0.4744,0.8736,0.7094,0.7243,0.0927,0.6797,0.3654,0.6450,0.5506,0.7019,0.7270,1.0357,0.6114,0.1918,0.3877,0.3386,0.3964,0.4866,0.7335,0.4818,0.4797,0.7150,0.4966,0.4053,0.2546,0.6380,0.4372,0.4972,0.7159,0.1539,0.2738,0.9439,0.5917,0.4447,0.4006,0.0983,0.2220,0.1691,0.4138,0.8567,0.9780,0.9243,0.8381,0.4647,1.2904,0.9583,0.9917,1.2169,1.4685,0.9353,1.0835,0.6470,0.5627,0.4855,0.0841,0.2610,0.3147,0.6483,0.6252,0.8907,0.5985,0.6580,0.5404,1.3453,1.0934,0.8075,0.7171,0.9192,0.7211,0.9495,0.8587,0.8655,0.8723,0.8790,0.8858,0.8898,0.8966,0.9035,0.9104,0.9174,0.9245,0.9317,0.9391,0.9465,0.9541,0.9618,0.9696,0.9776,0.9858,0.9941,1.0025,1.0111,1.0199,1.0288,1.0379,1.0472,1.0567,1.0663,1.0762,1.0862,1.0964,1.1068,1.1174,1.1281,1.1391,1.1502,1.1616,1.1731,1.1847,1.1966,1.2086,1.2208,1.2331,1.2455,1.2581,1.2707,1.2835,1.2963,1.2998,1.3131
45121.8750000,0.0000,0.0000,0.0000,0.0000,0.0000,0.0000,0.0000,0.0000,0.0000,0.0000,0.0000,0.0000,0.0000,0.0000,0.0000,0.0000,0.0000,0.0000,0.0000,0.0000,0.0000,0.0000,0.0000,0.0000,0.0000,0.0000,0.0000,0.0000,0.0000,0.0000,0.0000,0.0000,0.0000,0.0000,0.0000,0.0000,0.0000,0.0000,0.0000,0.0000,0.0000,0.0000,0.0000,0.0000,0.0000,0.0000,0.0000,0.0000,0.0000,0.0000,0.0000,0.0000,0.0000,0.0000,0.0000,0.0000,0.0000,0.0000,0.0000,0.0000,0.0000,0.0000,0.0000,0.0000,0.0000,0.0000,0.0000,0.0000,0.0000,0.0000,0.0000,0.0000,0.0000,0.0000,0.0000,0.0000,0.0000,0.0000,0.0000,0.0000,0.0000,0.0000,0.0000,0.0000,0.0000,0.0000,0.0000,0.0000,0.0000,0.0000,0.0000,0.0000,0.0000,0.0000,0.0000,0.0000,0.0000,0.0000,0.0000,0.0000,0.0000,0.0000,0.0000,0.0000,0.0000,0.0000,0.0000,0.0000,0.0000,0.0000,0.0000,0.0000,0.0000,0.0000,0.0000,0.0000,0.0000,0.0000,0.0000,0.0000,0.0000,0.0000,0.0000,0.0000,0.0000,0.0000,0.0000,0.0000,0.0000,0.0000,0.0000,0.0000,0.0000,0.0000,0.0000,0.0000,0.0000,0.0000,0.0000,0.0000,0.0000,0.0000,0.0000,0.0000,0.0000,0.0000,0.0000,0.0000,0.0000,0.0000,0.0000,0.0000,0.0000,0.0000,0.0000,0.0000,0.0000,0.0000,0.0000,0.0000,0.0000,0.0000,0.0000,0.0000,0.0000,0.0000,0.0000,0.0000,0.0000,0.0000,0.0000,0.0000,0.0000,0.0000,0.0000,0.0000,0.0000,0.0000,0.0000,0.0000,0.0000,0.0000,0.0000,0.0000,0.0000,0.0000,0.0000,0.0000,0.0000,0.0000,0.0000,0.0000,0.0000,0.0000,0.0000,0.0000,0.0000,0.0000,0.0000,0.0000,0.0000,0.0000,0.0000,0.0000,0.0000,0.0000,0.0000,0.0000,0.0000,0.0000,0.0000,0.0000,0.0000,0.0000,0.0000,0.0000,0.0000,0.0000,0.0000,0.0000,0.0000,0.0000,0.0000,0.0000,0.0000,0.0000,0.0000,0.0000,0.0000,0.0000,0.0000,0.0000,0.0000,0.0000,0.0000,0.0000
45121.9166667,0.0000,0.0000,0.0000,0.0000,0.0000,0.0000,0.0000,0.0000,0.0000,0.0000,0.0000,0.0000,0.0000,0.0000,0.0000,0.0000,0.0000,0.0000,0.0000,0.0000,0.0000,0.0000,0.0000,0.0000,0.0000,0.0000,0.0000,0.0000,0.0000,0.0000,0.0000,0.0000,0.0000,0.0000,0.0000,0.0000,0.0000,0.0000,0.0000,0.0000,0.0000,0.0000,0.0000,0.0000,0.0000,0.0000,0.0000,0.0000,0.0000,0.0000,0.0000,0.0000,0.0000,0.0000,0.0000,0.0000,0.0000,0.0000,0.0000,0.0000,0.0000,0.0000,0.0000,0.0000,0.0000,0.0000,0.0000,0.0000,0.0000,0.0000,0.0000,0.0000,0.0000,0.0000,0.0000,0.0000,0.0000,0.0000,0.0000,0.0000,0.0000,0.0000,0.0000,0.0000,0.0000,0.0000,0.0000,0.0000,0.0000,0.0000,0.0000,0.0000,0.0000,0.0000,0.0000,0.0000,0.0000,0.0000,0.0000,0.0000,0.0000,0.0000,0.0000,0.0000,0.0000,0.0000,0.0000,0.0000,0.0000,0.0000,0.0000,0.0000,0.0000,0.0000,0.0000,0.0000,0.0000,0.0000,0.0000,0.0000,0.0000,0.0000,0.0000,0.0000,0.0000,0.0000,0.0000,0.0000,0.0000,0.0000,0.0000,0.0000,0.0000,0.0000,0.0000,0.0000,0.0000,0.0000,0.0000,0.0000,0.0000,0.0000,0.0000,0.0000,0.0000,0.0000,0.0000,0.0000,0.0000,0.0000,0.0000,0.0000,0.0000,0.0000,0.0000,0.0000,0.0000,0.0000,0.0000,0.0000,0.0000,0.0000,0.0000,0.0000,0.0000,0.0000,0.0000,0.0000,0.0000,0.0000,0.0000,0.0000,0.0000,0.0000,0.0000,0.0000,0.0000,0.0000,0.0000,0.0000,0.0000,0.0000,0.0000,0.0000,0.0000,0.0000,0.0000,0.0000,0.0000,0.0000,0.0000,0.0000,0.0000,0.0000,0.0000,0.0000,0.0000,0.0000,0.0000,0.0000,0.0000,0.0000,0.0000,0.0000,0.0000,0.0000,0.0000,0.0000,0.0000,0.0000,0.0000,0.0000,0.0000,0.0000,0.0000,0.0000,0.0000,0.0000,0.0000,0.0000,0.0000,0.0000,0.0000,0.0000,0.0000,0.0000,0.0000,0.0000,0.0000,0.0000,0.0000,0.0000,0.0000,0.0000,0.0000,0.0000
45121.9583333,0.0000,0.0000,0.0000,0.0000,0.0000,0.0000,0.0000,0.0000,0.0000,0.0000,0.0000,0.0000,0.0000,0.0000,0.0000,0.0000,0.0000,0.0000,0.0000,0.0000,0.0000,0.0000,0.0000,0.0000,0.0000,0.0000,0.0000,0.0000,0.0000,0.0000,0.0000,0.0000,0.0000,0.0000,0.0000,0.0000,0.0000,0.0000,0.0000,0.0000,0.0000,0.0000,0.0000,0.0000,0.0000,0.0000,0.0000,0.0000,0.0000,0.0000,0.0000,0.0000,0.0000,0.0000,0.0000,0.0000,0.0000,0.0000,0.0000,0.0000,0.0000,0.0000,0.0000,0.0000,0.0000,0.0000,0.0000,0.0000,0.0000,0.0000,0.0000,0.0000,0.0000,0.0000,0.0000,0.0000,0.0000,0.0000,0.0000,0.0000,0.0000,0.0000,0.0000,0.0000,0.0000,0.0000,0.0000,0.0000,0.0000,0.0000,0.0000,0.0000,0.0000,0.0000,0.0000,0.0000,0.0000,0.0000,0.0000,0.0000,0.0000,0.0000,0.0000,0.0000,0.0000,0.0000,0.0000,0.0000,0.0000,0.0000,0.0000,0.0000,0.0000,0.0000,0.0000,0.0000,0.0000,0.0000,0.0000,0.0000,0.0000,0.0000,0.0000,0.0000,0.0000,0.0000,0.0000,0.0000,0.0000,0.0000,0.0000,0.0000,0.0000,0.0000,0.0000,0.0000,0.0000,0.0000,0.0000,0.0000,0.0000,0.0000,0.0000,0.0000,0.0000,0.0000,0.0000,0.0000,0.0000,0.0000,0.0000,0.0000,0.0000,0.0000,0.0000,0.0000,0.0000,0.0000,0.0000,0.0000,0.0000,0.0000,0.0000,0.0000,0.0000,0.0000,0.0000,0.0000,0.0000,0.0000,0.0000,0.0000,0.0000,0.0000,0.0000,0.0000,0.0000,0.0000,0.0000,0.0000,0.0000,0.0000,0.0000,0.0000,0.0000,0.0000,0.0000,0.0000,0.0000,0.0000,0.0000,0.0000,0.0000,0.0000,0.0000,0.0000,0.0000,0.0000,0.0000,0.0000,0.0000,0.0000,0.0000,0.0000,0.0000,0.0000,0.0000,0.0000,0.0000,0.0000,0.0000,0.0000,0.0000,0.0000,0.0000,0.0000,0.0000,0.0000,0.0000,0.0000,0.0000,0.0000,0.0000,0.0000,0.0000,0.0000,0.0000,0.0000,0.0000,0.0000,0.0000,0.0000,0.0000,0.0000,0.0000,0.0000
45122.0000000,0.0000,0.0000,0.0000,0.0000,0.0000,0.0000,0.0000,0.0000,0.0000,0.0000,0.0000,0.0000,0.0000,0.0000,0.0000,0.0000,0.0000,0.0000,0.0000,0.0000,0.0000,0.0000,0.0000,0.0000,0.0000,0.0000,0.0000,0.0000,0.0000,0.0000,0.0000,0.0000,0.0000,0.0000,0.0000,0.0000,0.0000,0.0000,0.0000,0.0000,0.0000,0.0000,0.0000,0.0000,0.0000,0.0000,0.0000,0.0000,0.0000,0.0000,0.0000,0.0000,0.0000,0.0000,0.0000,0.0000,0.0000,0.0000,0.0000,0.0000,0.0000,0.0000,0.0000,0.0000,0.0000,0.0000,0.0000,0.0000,0.0000,0.0000,0.0000,0.0000,0.0000,0.0000,0.0000,0.0000,0.0000,0.0000,0.0000,0.0000,0.0000,0.0000,0.0000,0.0000,0.0000,0.0000,0.0000,0.0000,0.0000,0.0000,0.0000,0.0000,0.0000,0.0000,0.0000,0.0000,0.0000,0.0000,0.0000,0.0000,0.0000,0.0000,0.0000,0.0000,0.0000,0.0000,0.0000,0.0000,0.0000,0.0000,0.0000,0.0000,0.0000,0.0000,0.0000,0.0000,0.0000,0.0000,0.0000,0.0000,0.0000,0.0000,0.0000,0.0000,0.0000,0.0000,0.0000,0.0000,0.0000,0.0000,0.0000,0.0000,0.0000,0.0000,0.0000,0.0000,0.0000,0.0000,0.0000,0.0000,0.0000,0.0000,0.0000,0.0000,0.0000,0.0000,0.0000,0.0000,0.0000,0.0000,0.0000,0.0000,0.0000,0.0000,0.0000,0.0000,0.0000,0.0000,0.0000,0.0000,0.0000,0.0000,0.0000,0.0000,0.0000,0.0000,0.0000,0.0000,0.0000,0.0000,0.0000,0.0000,0.0000,0.0000,0.0000,0.0000,0.0000,0.0000,0.0000,0.0000,0.0000,0.0000,0.0000,0.0000,0.0000,0.0000,0.0000,0.0000,0.0000,0.0000,0.0000,0.0000,0.0000,0.0000,0.0000,0.0000,0.0000,0.0000,0.0000,0.0000,0.0000,0.0000,0.0000,0.0000,0.0000,0.0000,0.0000,0.0000,0.0000,0.0000,0.0000,0.0000,0.0000,0.0000,0.0000,0.0000,0.0000,0.0000,0.0000,0.0000,0.0000,0.0000,0.0000,0.0000,0.0000,0.0000,0.0000,0.0000,0.0000,0.0000,0.0000,0.0000,0.0000,0.0000,0.0000,0.0000
45122.0416667,0.0000,0.0000,0.0000,0.0000,0.0000,0.0000,0.0000,0.0000,0.0000,0.0000,0.0000,0.0000,0.0000,0.0000,0.0000,0.0000,0.0000,0.0000,0.0000,0.0000,0.0000,0.0000,0.0000,0.0000,0.0000,0.0000,0.0000,0.0000,0.0000,0.0000,0.0000,0.0000,0.0000,0.0000,0.0000,0.0000,0.0000,0.0000,0.0000,0.0000,0.0000,0.0000,0.0000,0.0000,0.0000,0.0000,0.0000,0.0000,0.0000,0.0000,0.0000,0.0000,0.0000,0.0000,0.0000,0.0000,0.0000,0.0000,0.0000,0.0000,0.0000,0.0000,0.0000,0.0000,0.0000,0.0000,0.0000,0.0000,0.0000,0.0000,0.0000,0.0000,0.0000,0.0000,0.0000,0.0000,0.0000,0.0000,0.0000,0.0000,0.0000,0.0000,0.0000,0.0000,0.0000,0.0000,0.0000,0.0000,0.0000,0.0000,0.0000,0.0000,0.0000,0.0000,0.0000,0.0000,0.0000,0.0000,0.0000,0.0000,0.0000,0.0000,0.0000,0.0000,0.0000,0.0000,0.0000,0.0000,0.0000,0.0000,0.0000,0.0000,0.0000,0.0000,0.0000,0.0000,0.0000,0.0000,0.0000,0.0000,0.0000,0.0000,0.0000,0.0000,0.0000,0.0000,0.0000,0.0000,0.0000,0.0000,0.0000,0.0000,0.0000,0.0000,0.0000,0.0000,0.0000,0.0000,0.0000,0.0000,0.0000,0.0000,0.0000,0.0000,0.0000,0.0000,0.0000,0.0000,0.0000,0.0000,0.0000,0.0000,0.0000,0.0000,0.0000,0.0000,0.0000,0.0000,0.0000,0.0000,0.0000,0.0000,0.0000,0.0000,0.0000,0.0000,0.0000,0.0000,0.0000,0.0000,0.0000,0.0000,0.0000,0.0000,0.0000,0.0000,0.0000,0.0000,0.0000,0.0000,0.0000,0.0000,0.0000,0.0000,0.0000,0.0000,0.0000,0.0000,0.0000,0.0000,0.0000,0.0000,0.0000,0.0000,0.0000,0.0000,0.0000,0.0000,0.0000,0.0000,0.0000,0.0000,0.0000,0.0000,0.0000,0.0000,0.0000,0.0000,0.0000,0.0000,0.0000,0.0000,0.0000,0.0000,0.0000,0.0000,0.0000,0.0000,0.0000,0.0000,0.0000,0.0000,0.0000,0.0000,0.0000,0.0000,0.0000,0.0000,0.0000,0.0000,0.0000,0.0000,0.0000,0.0000,0.0000,0.0000
45122.0833333,0.0000,0.0000,0.0000,0.0000,0.0000,0.0000,0.0000,0.0000,0.0000,0.0000,0.0000,0.0000,0.0000,0.0000,0.0000,0.0000,0.0000,0.0000,0.0000,0.0000,0.0000,0.0000,0.0000,0.0000,0.0000,0.0000,0.0000,0.0000,0.0000,0.0000,0.0000,0.0000,0.0000,0.0000,0.0000,0.0000,0.0000,0.0000,0.0000,0.0000,0.0000,0.0000,0.0000,0.0000,0.0000,0.0000,0.0000,0.0000,0.0000,0.0000,0.0000,0.0000,0.0000,0.0000,0.0000,0.0000,0.0000,0.0000,0.0000,0.0000,0.0000,0.0000,0.0000,0.0000,0.0000,0.0000,0.0000,0.0000,0.0000,0.0000,0.0000,0.0000,0.0000,0.0000,0.0000,0.0000,0.0000,0.0000,0.0000,0.0000,0.0000,0.0000,0.0000,0.0000,0.0000,0.0000,0.0000,0.0000,0.0000,0.0000,0.0000,0.0000,0.0000,0.0000,0.0000,0.0000,0.0000,0.0000,0.0000,0.0000,0.0000,0.0000,0.0000,0.0000,0.0000,0.0000,0.0000,0.0000,0.0000,0.0000,0.0000,0.0000,0.0000,0.0000,0.0000,0.0000,0.0000,0.0000,0.0000,0.0000,0.0000,0.0000,0.0000,0.0000,0.0000,0.0000,0.0000,0.0000,0.0000,0.0000,0.0000,0.0000,0.0000,0.0000,0.0000,0.0000,0.0000,0.0000,0.0000,0.0000,0.0000,0.0000,0.0000,0.0000,0.0000,0.0000,0.0000,0.0000,0.0000,0.0000,0.0000,0.0000,0.0000,0.0000,0.0000,0.0000,0.0000,0.0000,0.0000,0.0000,0.0000,0.0000,0.0000,0.0000,0.0000,0.0000,0.0000,0.0000,0.0000,0.0000,0.0000,0.0000,0.0000,0.0000,0.0000,0.0000,0.0000,0.0000,0.0000,0.0000,0.0000,0.0000,0.0000,0.0000,0.0000,0.0000,0.0000,0.0000,0.0000,0.0000,0.0000,0.0000,0.0000,0.0000,0.0000,0.0000,0.0000,0.0000,0.0000,0.0000,0.0000,0.0000,0.0000,0.0000,0.0000,0.0000,0.0000,0.0000,0.0000,0.0000,0.0000,0.0000,0.0000,0.0000,0.0000,0.0000,0.0000,0.0000,0.0000,0.0000,0.0000,0.0000,0.0000,0.0000,0.0000,0.0000,0.0000,0.0000,0.0000,0.0000,0.0000,0.0000,0.0000,0.0000,0.0000,0.0000
45122.1250000,0.0000,0.0000,0.0000,0.0000,0.0000,0.0000,0.0000,0.0000,0.0000,0.0000,0.0000,0.0000,0.0000,0.0000,0.0000,0.0000,0.0000,0.0000,0.0000,0.0000,0.0000,0.0000,0.0000,0.0000,0.0000,0.0000,0.0000,0.0000,0.0000,0.0000,0.0000,0.0000,0.0000,0.0000,0.0000,0.0000,0.0000,0.0000,0.0000,0.0000,0.0000,0.0000,0.0000,0.0000,0.0000,0.0000,0.0000,0.0000,0.0000,0.0000,0.0000,0.0000,0.0000,0.0000,0.0000,0.0000,0.0000,0.0000,0.0000,0.0000,0.0000,0.0000,0.0000,0.0000,0.0000,0.0000,0.0000,0.0000,0.0000,0.0000,0.0000,0.0000,0.0000,0.0000,0.0000,0.0000,0.0000,0.0000,0.0000,0.0000,0.0000,0.0000,0.0000,0.0000,0.0000,0.0000,0.0000,0.0000,0.0000,0.0000,0.0000,0.0000,0.0000,0.0000,0.0000,0.0000,0.0000,0.0000,0.0000,0.0000,0.0000,0.0000,0.0000,0.0000,0.0000,0.0000,0.0000,0.0000,0.0000,0.0000,0.0000,0.0000,0.0000,0.0000,0.0000,0.0000,0.0000,0.0000,0.0000,0.0000,0.0000,0.0000,0.0000,0.0000,0.0000,0.0000,0.0000,0.0000,0.0000,0.0000,0.0000,0.0000,0.0000,0.0000,0.0000,0.0000,0.0000,0.0000,0.0000,0.0000,0.0000,0.0000,0.0000,0.0000,0.0000,0.0000,0.0000,0.0000,0.0000,0.0000,0.0000,0.0000,0.0000,0.0000,0.0000,0.0000,0.0000,0.0000,0.0000,0.0000,0.0000,0.0000,0.0000,0.0000,0.0000,0.0000,0.0000,0.0000,0.0000,0.0000,0.0000,0.0000,0.0000,0.0000,0.0000,0.0000,0.0000,0.0000,0.0000,0.0000,0.0000,0.0000,0.0000,0.0000,0.0000,0.0000,0.0000,0.0000,0.0000,0.0000,0.0000,0.0000,0.0000,0.0000,0.0000,0.0000,0.0000,0.0000,0.0000,0.0000,0.0000,0.0000,0.0000,0.0000,0.0000,0.0000,0.0000,0.0000,0.0000,0.0000,0.0000,0.0000,0.0000,0.0000,0.0000,0.0000,0.0000,0.0000,0.0000,0.0000,0.0000,0.0000,0.0000,0.0000,0.0000,0.0000,0.0000,0.0000,0.0000,0.0000,0.0000,0.0000,0.0000,0.0000,0.0000,0.0000
45122.1666667,0.0000,0.0000,0.0000,0.0000,0.0000,0.0000,0.0000,0.0000,0.0000,0.0000,0.0000,0.0000,0.0000,0.0000,0.0000,0.0000,0.0000,0.0000,0.0000,0.0000,0.0000,0.0000,0.0000,0.0000,0.0000,0.0000,0.0000,0.0000,0.0000,0.0000,0.0000,0.0000,0.0000,0.0000,0.0000,0.0000,0.0000,0.0000,0.0000,0.0000,0.0000,0.0000,0.0000,0.0000,0.0000,0.0000,0.0000,0.0000,0.0000,0.0000,0.0000,0.0000,0.0000,0.0000,0.0000,0.0000,0.0000,0.0000,0.0000,0.0000,0.0000,0.0000,0.0000,0.0000,0.0000,0.0000,0.0000,0.0000,0.0000,0.0000,0.0000,0.0000,0.0000,0.0000,0.0000,0.0000,0.0000,0.0000,0.0000,0.0000,0.0000,0.0000,0.0000,0.0000,0.0000,0.0000,0.0000,0.0000,0.0000,0.0000,0.0000,0.0000,0.0000,0.0000,0.0000,0.0000,0.0000,0.0000,0.0000,0.0000,0.0000,0.0000,0.0000,0.0000,0.0000,0.0000,0.0000,0.0000,0.0000,0.0000,0.0000,0.0000,0.0000,0.0000,0.0000,0.0000,0.0000,0.0000,0.0000,0.0000,0.0000,0.0000,0.0000,0.0000,0.0000,0.0000,0.0000,0.0000,0.0000,0.0000,0.0000,0.0000,0.0000,0.0000,0.0000,0.0000,0.0000,0.0000,0.0000,0.0000,0.0000,0.0000,0.0000,0.0000,0.0000,0.0000,0.0000,0.0000,0.0000,0.0000,0.0000,0.0000,0.0000,0.0000,0.0000,0.0000,0.0000,0.0000,0.0000,0.0000,0.0000,0.0000,0.0000,0.0000,0.0000,0.0000,0.0000,0.0000,0.0000,0.0000,0.0000,0.0000,0.0000,0.0000,0.0000,0.0000,0.0000,0.0000,0.0000,0.0000,0.0000,0.0000,0.0000,0.0000,0.0000,0.0000,0.0000,0.0000,0.0000,0.0000,0.0000,0.0000,0.0000,0.0000,0.0000,0.0000,0.0000,0.0000,0.0000,0.0000,0.0000,0.0000,0.0000,0.0000,0.0000,0.0000,0.0000,0.0000,0.0000,0.0000,0.0000,0.0000,0.0000,0.0000,0.0000,0.0000,0.0000,0.0000,0.0000,0.0000,0.0000,0.0000,0.0000,0.0000,0.0000,0.0000,0.0000,0.0000,0.0000,0.0000,0.0000,0.0000,0.0000,0.0000,0.0000,0.0000
45122.2083333,0.0000,0.0000,0.0000,0.0000,0.0000,0.0000,0.0000,0.0000,0.0000,0.0000,0.0000,0.0000,0.0000,0.0000,0.0000,0.0000,0.0000,0.0000,0.0000,0.0000,0.0000,0.0000,0.0000,0.0000,0.0000,0.0000,0.0000,0.0000,0.0000,0.0000,0.0000,0.0000,0.0000,0.0000,0.0000,0.0000,0.0000,0.0000,0.0000,0.0000,0.0000,0.0000,0.0000,0.0000,0.0000,0.0000,0.0000,0.0000,0.0000,0.0000,0.0000,0.0000,0.0000,0.0000,0.0000,0.0000,0.0000,0.0000,0.0000,0.0000,0.0000,0.0000,0.0000,0.0000,0.0000,0.0000,0.0000,0.0000,0.0000,0.0000,0.0000,0.0000,0.0000,0.0000,0.0000,0.0000,0.0000,0.0000,0.0000,0.0000,0.0000,0.0000,0.0000,0.0000,0.0000,0.0000,0.0000,0.0000,0.0000,0.0000,0.0000,0.0000,0.0000,0.0000,0.0000,0.0000,0.0000,0.0000,0.0000,0.0000,0.0000,0.0000,0.0000,0.0000,0.0000,0.0000,0.0000,0.0000,0.0000,0.0000,0.0000,0.0000,0.0000,0.0000,0.0000,0.0000,0.0000,0.0000,0.0000,0.0000,0.0000,0.0000,0.0000,0.0000,0.0000,0.0000,0.0000,0.0000,0.0000,0.0000,0.0000,0.0000,0.0000,0.0000,0.0000,0.0000,0.0000,0.0000,0.0000,0.0000,0.0000,0.0000,0.0000,0.0000,0.0000,0.0000,0.0000,0.0000,0.0000,0.0000,0.0000,0.0000,0.0000,0.0000,0.0000,0.0000,0.0000,0.0000,0.0000,0.0000,0.0000,0.0000,0.0000,0.0000,0.0000,0.0000,0.0000,0.0000,0.0000,0.0000,0.0000,0.0000,0.0000,0.0000,0.0000,0.0000,0.0000,0.0000,0.0000,0.0000,0.0000,0.0000,0.0000,0.0000,0.0000,0.0000,0.0000,0.0000,0.0000,0.0000,0.0000,0.0000,0.0000,0.0000,0.0000,0.0000,0.0000,0.0000,0.0000,0.0000,0.0000,0.0000,0.0000,0.0000,0.0000,0.0000,0.0000,0.0000,0.0000,0.0000,0.0000,0.0000,0.0000,0.0000,0.0000,0.0000,0.0000,0.0000,0.0000,0.0000,0.0000,0.0000,0.0000,0.0000,0.0000,0.0000,0.0000,0.0000,0.0000,0.0000,0.0000,0.0000,0.0000,0.0000,0.0000,0.0000
45122.2500000,0.2300,0.5432,0.7130,0.6956,1.2288,0.9307,0.8327,0.3905,0.7991,0.8369,0.7564,0.6689,0.4037,0.6292,0.5774,0.5822,0.7608,0.6970,0.4828,0.3217,0.8546,0.3453,0.3095,0.5407,0.5704,1.2269,0.5555,0.1897,0.6815,0.2030,0.4293,0.2920,0.3755,0.5793,0.5762,0.4826,0.7862,0.8053,0.2709,1.0705,0.9416,0.9855,0.5683,0.7640,1.6535,0.7592,0.5860,0.6720,0.3334,0.5103,0.7915,0.7243,0.8275,0.9099,0.3231,0.3468,0.4131,0.6560,1.1863,0.8970,0.9348,0.7013,0.3095,0.2801,0.4218,0.3721,0.6039,0.5789,-0.3271,0.0345,0.5180,0.5290,0.4372,0.0477,0.5854,0.7837,0.6196,0.7702,0.5355,0.8687,1.8477,1.6063,1.1446,0.8999,0.7210,0.7318,1.1649,0.8641,1.0165,0.8551,0.9556,1.2150,1.3562,0.9849,0.4644,0.6366,0.7732,1.2192,0.9292,0.7796,0.8546,1.0187,0.7198,0.7707,1.1526,1.4801,1.2014,1.1445,0.4859,1.0357,0.5438,0.2091,0.7892,0.6480,0.7776,0.6552,0.4825,0.8930,0.7250,0.7396,0.0882,0.6928,0.3704,0.6440,0.5630,0.7166,0.7410,1.0598,0.6235,0.1925,0.3935,0.3427,0.4029,0.4965,0.7511,0.4911,0.4887,0.7304,0.5057,0.4120,0.2581,0.6500,0.4444,0.5057,0.7317,0.1541,0.2768,0.9677,0.6053,0.4547,0.4078,0.0955,0.2221,0.1711,0.4217,0.8780,1.0018,0.9406,0.8577,0.4703,1.3234,0.9810,0.9905,1.2469,1.5070,0.9290,1.1105,0.6607,0.5727,0.4929,0.0809,0.2611,0.3182,0.6597,0.6357,0.9108,0.6103,0.6716,0.5508,1.3802,1.1207,0.8265,0.7341,0.9427,0.7390,0.9731,0.8793,0.8864,0.8935,0.9005,0.9076,0.9118,0.9189,0.9261,0.9333,0.9407,0.9481,0.9556,0.9632,0.9710,0.9789,0.9870,0.9952,1.0035,1.0120,1.0206,1.0294,1.0384,1.0475,1.0568,1.0663,1.0759,1.0858,1.0958,1.1060,1.1164,1.1270,1.1377,1.1487,1.1598,1.1712,1.1827,1.1944,1.2063,1.2184,1.2306,1.2430,1.2556,1.2683,1.2811,1.2941,1.3071,1.3203,1.3335,1.3371,1.3508
45122.2916667,0.8062,1.9042,2.4994,2.4387,4.3083,3.2886,2.9197,1.3692,2.8204,2.9425,2.6602,2.3518,1.4240,2.2121,2.0245,2.0415,2.6759,2.4495,1.6929,1.1281,2.9970,1.2108,1.0855,1.9764,2.0370,4.3375,1.9526,0.6654,2.4050,0.7196,1.5072,1.0354,1.4221,2.1634,2.0217,1.6930,2.7768,2.8515,1.0227,3.7768,3.3041,3.4663,1.9942,2.6813,5.8031,2.6643,2.0567,2.3585,1.1700,1.7911,2.8253,2.5586,3.0098,3.2133,1.1342,1.2465,1.4500,2.3222,4.1703,3.1678,3.3019,2.4640,1.0860,0.9829,1.7597,1.3057,2.1186,2.0302,-1.1579,0.1046,1.8042,1.8536,1.5493,0.1446,2.0707,2.7513,2.1686,2.7127,1.9222,3.0377,6.5095,5.6287,4.0238,3.5883,2.5185,2.5518,4.0694,3.0163,3.5520,2.9825,3.3389,4.2482,4.7435,3.4423,1.6169,2.2226,2.7019,4.2705,3.2520,2.7452,2.9993,3.5659,2.5212,2.8075,4.0963,6.1686,5.0010,4.8729,1.8899,4.2311,2.0889,0.7324,2.8033,2.2753,2.7713,2.3921,1.7022,3.1474,2.5642,2.6137,0.3083,2.5144,1.3057,2.2624,1.9785,2.5910,2.6143,3.7423,2.1905,0.6764,1.3895,1.2170,1.4376,2.2711,2.6632,1.7881,1.7182,2.8364,2.1848,1.4475,0.9069,2.3073,1.5747,1.7774,2.5723,0.5411,0.9725,3.4029,2.1475,1.6085,1.4418,0.3352,0.7808,0.6133,1.4959,3.0960,3.5310,3.3081,3.0165,1.6537,4.6547,3.4503,3.7217,4.3995,5.3553,3.2980,3.9545,2.3357,2.0408,1.7813,0.2832,0.9957,1.1184,2.3288,2.2362,3.4652,2.1619,2.3706,1.9437,4.8750,3.9459,2.9094,2.5993,3.3341,2.6025,3.4207,3.0903,3.1154,3.1401,3.1649,3.1902,3.2051,3.2303,3.2657,3.2815,3.3077,3.3343,3.3614,3.3890,3.4173,3.4461,3.4756,3.4961,3.5374,3.5691,3.6017,3.6350,3.6692,3.7044,3.7405,3.7777,3.8805,3.8499,3.8898,3.9308,3.9730,4.0166,4.0615,4.1078,4.1557,4.2052,4.1948,4.3209,4.3772,4.4358,4.4967,4.5601,4.6262,4.6951,4.7672,4.8427,5.2966,5.3433,5.3903,5.4035,5.4520
45122.3333333,1.9296,4.5581,6.1253,5.8378,10.3140,8.1080,6.9902,3.2781,7.3572,7.3439,6.6209,5.8895,3.5427,5.4592,4.8471,4.9243,12.4090,6.0856,5.2674,2.7596,7.7841,3.0238,2.5993,6.3619,5.5993,10.4591,4.8701,1.5936,6.2168,2.0056,4.2740,3.1540,9.1103,7.9681,5.5516,4.0847,6.7666,8.2355,2.9018,9.8302,7.9148,8.6254,4.7775,6.4238,14.6570,7.0192,4.9276,5.6506,2.8032,5.0204,8.5935,7.7921,13.5453,8.5044,2.8556,4.1306,4.2532,6.3197,10.8797,7.8915,10.3181,6.1950,2.6022,2.3551,6.1116,3.1294,10.7705,6.0811,-4.7887,0.2318,4.7683,4.7818,4.7583,0.3005,5.2810,7.4024,5.2877,6.7652,4.8796,8.2308,15.8195,14.9374,9.9926,11.4449,6.0175,6.5982,10.1058,7.1998,8.4823,7.1108,7.9697,10.1433,13.1372,10.9251,4.2292,5.5162,6.6859,10.7743,7.9863,8.6991,7.1481,9.9557,6.2660,13.0626,11.9577,21.5462,17.4883,17.6590,6.0514,14.3889,6.4998,1.8690,7.3004,5.5731,8.1094,11.2016,4.1673,7.5582,6.7504,6.7020,0.7242,10.9200,3.1504,5.9461,4.9489,6.6502,6.7972,9.5720,5.8391,1.6611,3.6194,3.5269,6.9251,9.2923,6.4903,4.6784,4.1973,11.6814,8.2946,3.5327,2.1735,5.6590,3.7776,4.4026,6.4780,1.2956,2.5494,8.3381,5.2422,4.3813,3.4590,0.7985,1.8816,1.5606,3.8423,7.6823,9.3494,8.0371,7.8689,4.0777,21.3935,8.8356,10.3820,10.6017,15.3323,9.0296,9.7945,7.3839,6.0482,7.0780,0.6478,3.2557,2.7584,6.8731,5.7758,14.1673,5.3082,6.2336,4.8141,12.6285,10.4313,7.2302,6.2290,8.1005,6.2472,8.5352,7.7161,7.7942,7.8646,7.9432,8.0237,8.0807,8.1635,8.2485,8.3360,8.4252,8.5169,8.6115,8.7090,8.8096,8.9135,9.0209,9.1319,9.2467,9.3656,8.9256,9.6529,9.7883,9.9288,10.0747,10.2262,10.3838,10.5475,10.7179,10.8951,11.0796,11.2716,11.4716,11.6800,11.8971,12.1233,12.3592,12.6052,12.8617,16.9530,17.0566,17.1616,17.2681,17.3759,17.4849,17.5951,17.7063,17.8184,17.9313,17.9633,18.0798
45122.3750000,2.5405,6.0015,8.5315,7.6870,23.8428,13.1230,9.2056,8.5486,15.2244,11.8661,10.6125,9.5697,5.7005,8.7300,7.0236,7.4384,27.4059,9.5716,18.2293,4.3012,17.7710,4.8422,3.4236,11.0037,8.0823,22.2109,8.1483,2.0994,12.2925,6.0465,7.0507,11.6154,22.9587,24.6920,27.9282,22.5882,13.4079,11.6566,4.6097,19.7274,11.1176,13.5866,6.2957,9.3181,22.5680,13.8083,8.1841,7.4470,4.5859,6.9958,32.1504,28.0942,29.8357,17.6198,4.7678,17.4405,5.4908,14.5133,42.7399,12.6132,33.7728,10.0777,3.4298,3.1041,12.1053,4.1258,24.7312,23.5107,-20.6426,0.2270,10.0022,6.2360,16.0548,0.2364,11.0299,16.1625,8.0866,17.7404,7.3515,13.0227,34.9985,29.9187,15.8579,37.3303,7.9293,9.1972,13.5086,9.4830,11.1733,32.2652,40.7792,20.4237,27.9104,38.3328,8.8538,8.5436,10.5405,17.6776,12.5396,30.8050,10.1626,37.4443,9.8962,29.1599,39.0005,44.4269,36.2812,37.5476,12.3725,29.3725,12.8630,4.8477,10.1929,8.4625,28.5851,25.1613,6.3300,12.0030,14.3658,12.8970,0.9140,23.8201,4.3228,11.8285,7.5383,10.0146,13.1577,19.1920,12.1081,2.5759,7.3689,12.1742,16.1012,21.7953,13.4072,6.2823,6.2437,25.6453,18.7517,5.0630,3.2184,8.6371,8.9553,6.8072,11.5860,1.8574,5.2923,16.3762,12.9882,6.1496,7.5200,1.0485,2.5036,3.3907,5.3494,12.0604,18.9113,10.6656,15.5704,6.2100,46.1292,19.5824,23.6088,15.1082,36.9064,23.0301,16.7504,25.2008,18.7291,15.3555,0.7086,7.2785,4.0604,20.3783,10.9107,30.5228,7.7489,12.6194,7.5574,24.0120,38.6957,11.3267,8.7511,12.0892,9.3733,13.3832,12.1418,12.3207,12.5027,12.6894,12.8818,13.0463,13.2481,13.4563,13.6712,13.8921,14.1200,14.3555,14.5990,14.8507,15.1109,15.3802,15.6587,15.9469,16.2453,16.5541,16.8739,17.2051,17.5481,17.9034,18.2715,18.6528,19.0480,19.4576,19.8820,20.3219,33.5463,33.6645,33.7848,33.9073,34.0320,34.1588,34.2877,34.4187,34.5517,34.6866,34.8234,34.9621,35.1024,35.2443,35.3877,35.5323,35.6782,35.8250,35.8653,36.0168
45122.4166667,2.5572,6.0411,15.6341,13.3933,88.0289,19.0595,18.1309,7.8302,52.2822,17.0366,15.6612,14.1372,8.3344,12.8362,7.2183,11.3366,44.5396,13.4982,30.5768,4.3261,16.2830,9.4406,3.7828,12.3757,12.0891,67.2346,12.6072,8.1711,42.6976,8.8696,36.1060,16.8767,39.9180,41.2591,47.0497,38.3412,52.5985,19.9636,5.9758,60.4022,23.4586,18.3497,6.3429,8.8175,87.7916,41.4846,11.7563,11.9543,6.5385,14.0200,52.7255,46.0759,48.2937,56.1065,6.5144,27.6563,7.5645,53.7261,68.2036,17.8376,54.3877,14.6303,5.0868,5.2687,20.3959,4.1586,41.1219,39.1638,-31.7001,-0.1309,31.6422,6.8873,24.1937,0.1242,10.0820,52.4674,11.5400,64.5485,11.3006,36.9784,104.4211,88.3601,22.2628,61.0967,7.9950,9.8583,13.5219,9.8616,69.8829,52.4677,66.7599,76.3479,77.9362,62.1531,33.2596,12.0374,14.9933,25.8165,17.4141,50.4822,16.1563,60.2593,13.9455,47.5963,61.8568,68.7192,56.5887,59.3155,20.1074,45.6496,20.4380,8.9855,12.2134,11.4039,46.3788,41.3202,7.7012,16.6410,48.4728,44.9938,0.9889,38.5514,6.3255,35.1165,7.3907,41.9931,37.1289,54.6591,37.1547,3.8512,25.4633,20.7692,27.2586,36.6096,53.7425,8.4973,8.2385,41.4952,31.1508,26.2286,4.2483,37.5599,29.0897,9.2578,43.2390,1.8633,17.9866,63.0181,45.2646,8.7810,28.6255,1.1546,3.1998,9.5888,6.9355,16.8306,55.9637,13.7975,53.5451,8.5734,73.0286,61.5579,60.5773,17.1413,49.7926,30.6445,29.0130,41.4363,30.6597,25.3341,1.3926,12.9363,5.4346,32.8572,30.2732,48.7803,10.0779,38.4826,10.5489,72.7924,61.5459,15.6308,48.4499,15.8786,12.4270,18.5306,16.8017,17.1160,17.4371,17.7666,18.1056,18.4205,18.7770,19.1440,19.5220,19.9103,20.3101,20.7220,21.1465,21.5839,22.0348,22.4995,22.9786,23.4726,23.9818,51.1939,51.2906,51.3891,51.4895,51.5919,51.6962,51.8025,51.9108,52.0212,52.1338,52.2484,52.3652,52.4841,52.6052,52.7285,52.8539,52.9814,53.1110,53.2427,53.3763,53.5119,53.6493,53.7885,53.9293,54.0717,54.2154,54.3604,54.5065,54.6536,54.6930,54.8446
45122.4583333,2.4983,7.8743,21.3937,88.5891,114.8453,25.7559,24.6796,10.9642,68.9280,74.5043,73.3953,19.1703,37.7121,57.4931,59.5434,15.1909,58.7663,17.8539,12.8350,5.3889,74.6232,17.7637,7.0356,9.3465,16.7049,87.1542,62.9413,10.8876,56.6252,9.7510,48.8420,11.8925,30.3538,22.7748,62.8391,51.6089,69.4003,68.0301,8.9314,78.6709,80.5992,23.8941,6.2004,11.4438,112.8499,54.7013,15.7805,26.6728,9.2037,8.9465,20.5638,60.9555,63.5018,22.9749,7.6035,19.1467,22.9178,71.4180,88.6050,73.3372,71.1956,19.7119,5.7162,6.9519,6.6216,14.1798,54.8344,52.3256,-11.1391,0.0684,13.5594,13.5149,11.8813,0.0387,14.5562,69.2670,53.1647,85.4111,15.9189,22.6464,134.2823,113.8431,92.9954,24.3429,7.8199,14.9292,91.5702,26.2093,91.5552,68.9982,87.6356,99.3871,100.9487,81.3860,12.6855,15.7515,19.9679,34.6553,22.7500,20.6235,64.4545,78.7273,57.2542,62.8203,80.3109,88.1606,73.1004,76.9504,27.3232,59.1642,27.5174,4.4675,63.8401,15.2511,61.1125,54.8519,10.4692,68.4796,64.0875,59.3884,1.3766,50.9680,33.4475,46.5611,28.0745,55.3997,48.7979,70.8741,49.2678,19.1061,34.5769,13.7677,6.2403,11.1089,28.5661,44.4751,42.3030,54.5433,12.5481,35.4607,29.3482,49.6153,39.1489,38.2225,56.8724,3.6651,25.0403,82.3153,14.4279,12.1181,9.4785,1.7888,4.0188,5.1540,9.9587,76.2542,72.8822,78.7719,20.4419,35.0165,94.3749,80.4600,25.5228,44.8513,57.6447,88.8233,85.1098,54.9443,40.9434,34.1716,1.7976,18.5851,7.2023,43.5549,40.2100,63.7796,12.8667,51.0106,14.0063,93.9144,25.9376,20.4620,18.5110,81.7977,20.0961,73.2063,65.0613,65.1381,65.2137,65.2894,65.3662,65.4106,65.4867,65.5639,65.6423,65.7209,65.8005,65.8814,65.9636,66.0473,66.1323,66.2189,66.3070,66.3968,66.4881,66.5812,66.6760,66.7727,66.8711,66.9715,67.0738,67.1781,67.2843,67.3926,67.5030,67.6154,67.7299,67.8466,67.9653,68.0862,68.2091,68.3342,68.4612,68.5903,68.7213,68.8541,68.9888,69.1252,69.2631,69.4026,69.5434,69.6854,69.8284,69.9724,70.0110,70.1594
45122.5000000,2.2654,17.2264,87.6229,106.6850,136.6554,106.5435,100.3100,13.6809,82.5975,89.2094,88.1335,75.7579,46.1854,69.3412,71.9876,63.1398,70.4483,66.6581,50.2192,37.5040,89.2951,13.4511,8.6260,15.8310,68.0570,103.2124,76.1638,4.9942,68.1213,7.9304,59.5457,12.1927,31.0132,66.6294,75.9725,62.7137,83.2104,81.4924,11.4667,93.4770,96.2289,92.5427,14.3251,12.4266,132.8534,65.5420,60.8634,78.6735,38.6998,13.9978,83.3717,73.2115,75.9492,87.8576,9.3468,14.8812,13.0961,86.0749,105.0977,87.6026,84.8919,75.8566,5.8884,8.8107,10.7379,27.3340,66.2136,63.2656,-43.4560,0.8074,51.6892,16.5532,15.0270,1.8665,17.7246,83.0847,64.1733,102.6288,19.9638,27.7803,158.1485,134.2506,110.5754,96.0500,12.6005,19.6356,108.7905,30.2099,109.2554,82.5396,104.7205,118.0710,119.4987,97.0797,54.7579,73.5621,81.5577,135.8766,93.7289,79.9458,77.0582,93.7611,68.7841,75.3408,95.2225,103.6366,86.3562,91.1880,33.4003,70.0607,33.4452,17.6596,76.4995,63.4821,73.2405,66.0758,12.5187,81.7579,76.9976,71.2723,6.7162,61.2469,41.1276,56.0733,82.1202,66.4934,58.4275,84.0404,59.3558,24.3122,42.3407,35.1682,10.7321,14.2714,84.9032,53.9218,51.2882,65.2643,50.4052,43.2214,36.3248,59.5120,47.5282,46.1935,67.9774,20.1892,30.9839,97.9190,17.3213,14.9074,11.4124,8.2369,19.6763,6.6105,12.0153,90.8730,86.3915,93.7140,83.7055,42.4119,111.3341,95.6614,94.0215,107.3652,138.4693,105.9609,100.8786,65.9193,49.3122,41.4110,7.6643,23.3814,34.9508,52.2747,48.3276,75.9076,15.1121,61.2786,53.6960,110.7933,94.7911,78.3957,76.8431,97.6061,85.9426,87.1296,77.5994,77.6713,77.7419,77.8126,77.8840,77.9259,77.9965,78.0680,78.1405,78.2130,78.2863,78.3608,78.4363,78.5131,78.5910,78.6703,78.7509,78.8329,78.9164,79.0014,79.0879,79.1760,79.2657,79.3571,79.4503,79.5452,79.6419,79.7405,79.8409,79.9432,80.0474,80.1535,80.2615,80.3715,80.4833,80.5971,80.7126,80.8301,80.9492,81.0701,81.1927,81.3168,81.4423,81.5693,81.6974,81.8267,81.9570,82.0880,82.1234,82.2585
45122.5416667,3.6967,17.1705,17.6659,19.6173,28.7712,22.1542,20.3905,11.1480,18.0379,19.1905,18.1954,15.8556,9.6570,14.7049,14.4388,13.4983,16.2579,15.1399,10.9684,7.7919,19.3928,5.3044,8.6393,7.6592,13.9222,24.9997,8.0959,2.3982,15.1371,3.1629,6.2848,3.9142,5.7467,13.8597,14.8746,12.3689,17.9677,17.9829,4.3163,22.2095,21.1182,21.1818,8.4509,10.9491,32.9656,15.6931,13.2865,16.2191,8.0538,7.4532,18.0446,16.1751,17.6031,19.8357,4.6194,5.4390,6.0384,9.3892,24.7733,19.6661,19.7716,16.2202,5.0088,4.1815,5.9265,11.8231,14.0761,13.4714,-8.3789,0.5051,11.4584,13.9312,12.6059,0.7296,8.3908,17.8376,13.9226,11.1167,8.1100,12.4443,37.7837,32.4712,24.8135,20.5347,9.7968,17.0365,24.8225,19.9138,23.2754,18.5048,22.1026,26.4024,28.0811,21.5437,11.1579,15.1370,17.5053,28.4555,20.5591,17.3872,17.8566,21.5186,15.5240,16.8148,23.1773,27.6572,22.6912,22.6353,8.9697,19.0555,9.5828,4.2302,17.1456,14.1496,16.6504,14.5222,6.6283,18.8572,9.9956,16.0185,1.6986,14.3739,8.6365,13.2607,8.2869,15.2266,14.5635,20.9043,13.4126,4.8237,5.4034,7.6526,5.5541,6.9966,17.6820,11.3752,6.7177,15.2246,11.1264,9.3067,6.8855,13.7049,10.1408,10.6389,15.5428,3.9354,6.4633,21.4768,8.5388,6.6520,9.6952,1.9334,4.5778,2.5950,5.9171,19.7084,20.5342,20.7047,18.6843,9.8302,26.8383,21.3715,21.2906,25.5693,31.8959,21.9767,23.3648,14.5567,11.7276,9.9741,1.7316,5.4498,7.3850,13.0242,12.3210,18.4161,13.1239,14.1808,12.0210,27.4405,22.8256,17.7923,16.6186,21.2185,17.6983,20.3662,18.2761,18.3616,18.4457,18.5300,18.6154,18.6655,18.7502,18.8361,18.9231,19.0104,19.0987,19.1884,19.2795,19.3721,19.4663,19.5620,19.6594,19.7585,19.8594,19.9621,20.0666,20.1731,20.2816,20.3921,20.5047,20.6194,20.7362,20.8553,20.9765,21.1000,21.2258,21.3539,21.4842,21.6169,21.7518,21.8889,22.0283,22.1698,22.3135,22.4592,22.6068,22.7563,22.9076,23.0604,23.2148,23.3705,23.5273,23.6852,23.7282,23.8909
45122.5833333,9.4074,100.3162,88.3847,19.9537,137.6940,107.4210,101.1368,14.3320,83.3969,90.0311,88.9162,76.4910,46.7733,70.0513,72.6748,63.8235,71.2216,67.3986,50.8472,38.0473,90.1251,13.5704,46.7754,69.1750,68.7383,104.2282,10.5220,2.4512,68.8553,8.3625,14.2774,10.8182,14.6354,30.9642,35.0574,63.3497,84.0039,82.2939,11.9399,94.4122,97.1047,93.4369,20.0459,94.5838,134.0911,66.3111,61.5473,79.4099,39.2492,74.4649,84.1678,73.9691,76.7575,88.7128,9.0605,14.6254,13.0334,11.4690,106.0954,88.4515,85.7570,76.6049,14.0212,10.6740,6.9496,11.4588,66.9091,63.9472,-43.2758,1.1878,52.3320,15.5937,13.2950,2.2521,77.4450,83.8728,64.8707,24.3122,20.6358,138.9326,159.4890,135.4605,111.5514,96.9007,104.2578,81.9015,109.7743,94.8646,110.1697,83.3588,105.6028,119.0844,120.5793,97.9699,55.3741,74.2722,82.3372,136.9040,94.5901,80.7269,77.8719,94.6638,69.5312,76.1163,96.1915,104.7653,87.3413,92.1501,34.0105,70.9553,34.0808,18.1279,77.2822,64.1888,74.0147,66.7872,53.0297,82.5912,19.5381,18.9183,7.1158,61.9683,41.6829,56.7655,82.7926,67.2224,59.1570,84.9348,60.0247,5.9756,42.8830,9.2042,6.7828,8.6213,85.6273,54.4928,51.8465,65.9330,50.9487,43.7039,36.7198,16.1778,12.2754,46.6686,68.5640,3.2739,5.7730,98.6000,17.9357,15.5745,47.4205,8.3504,19.8192,6.8201,50.8483,91.3271,86.8782,94.1740,84.1288,42.5931,111.9618,96.1189,94.4778,107.9382,139.1872,106.3862,101.3668,17.4490,49.4697,41.5025,7.5051,23.3657,34.9860,52.4697,48.5092,76.2482,57.9824,61.5055,53.8662,111.3981,95.2673,78.7274,77.1396,98.0247,86.2606,87.5550,77.9764,78.0574,78.1374,78.2176,78.2989,78.3497,78.4306,78.5126,78.5958,78.6792,78.7635,78.8492,78.9361,79.0243,79.1139,79.2049,79.2973,79.3912,79.4866,79.5835,79.6821,79.7822,79.8840,79.9875,80.0928,80.1997,80.3085,80.4190,80.5314,80.6455,80.7616,80.8794,80.9991,81.1207,81.2440,81.3692,81.4961,81.6248,81.7551,81.8870,82.0204,82.1553,82.2915,82.4290,82.5676,82.7071,82.8475,82.9886,83.0293,83.1743
45122.6250000,7.5548,20.7322,20.4301,17.0498,119.7723,27.5712,87.4496,11.9511,22.5193,77.9065,76.7690,65.8874,39.7381,60.2605,16.1238,54.7995,61.5589,58.1292,43.4177,9.8748,78.0267,11.1816,8.1557,59.3105,13.3930,90.9833,12.5175,2.1123,25.5246,6.8347,12.0639,5.9220,12.1176,21.6661,24.2235,54.1709,22.0733,22.2724,9.7972,27.4511,84.2230,24.7357,41.1242,81.6602,117.6164,57.3327,52.8507,68.4049,33.1111,27.2428,72.7626,63.8417,66.4692,76.9350,7.6868,7.4781,10.9719,14.9103,92.4994,76.6814,74.4477,66.0573,11.3962,8.6903,8.1756,11.3114,14.7109,54.8975,-39.3406,-0.2980,13.5716,13.2914,11.2257,0.4864,18.9611,18.9078,55.7632,20.7314,17.1596,120.0197,139.8638,118.6600,30.7577,83.9314,89.8663,21.8244,95.5880,82.0994,95.6007,72.1797,91.5371,103.7052,105.3016,85.0336,11.1611,16.8986,21.0822,36.5345,25.4666,69.7468,67.4540,82.2614,59.9933,27.0741,83.8813,91.9790,76.3742,80.3874,28.9161,61.9120,29.1010,14.6480,21.3819,17.1575,63.9774,15.6453,13.6673,71.6095,16.9642,16.5475,1.5956,53.4270,8.7975,15.7716,71.0556,57.9995,51.1130,73.9918,51.6019,5.5457,6.9704,14.6095,5.9032,11.4368,73.9067,46.5516,44.2691,56.9175,13.3759,10.0715,14.9144,14.1728,10.5382,39.8471,59.1800,2.8009,5.0580,85.5358,15.3664,13.0793,10.0819,5.9748,16.1122,13.3674,13.1819,23.9147,75.5060,81.6461,72.8233,36.2341,97.7873,33.1307,82.0097,94.1519,121.6058,92.1127,88.1927,15.1722,42.3475,35.3056,5.1458,19.1828,29.2996,45.0726,41.5963,66.0613,49.6806,52.8395,14.7579,97.3110,82.8578,67.9777,19.4807,26.9349,21.3580,75.8812,67.4290,67.5102,67.5903,67.6708,67.7525,67.8016,67.8830,67.9658,68.0499,68.1344,68.2201,68.3074,68.3961,68.4865,68.5785,68.6722,68.7676,68.8649,68.9640,69.0650,69.1680,69.2729,69.3799,69.4889,69.6000,69.7133,69.8288,69.9464,70.0663,70.1883,70.3127,70.4392,70.5681,70.6991,70.8323,70.9677,71.1053,71.2449,71.3865,71.5301,71.6755,71.8227,71.9714,72.1217,72.2734,72.4263,72.5802,72.7349,72.7825,72.9416
45122.6666667,2.6753,8.7794,15.6362,13.2341,20.5739,20.9999,20.0445,7.0311,55.8442,18.9846,14.9773,15.7399,9.1118,14.4599,12.3316,13.2864,16.0452,14.9167,10.4848,7.1198,12.3623,5.4654,6.1651,10.8749,7.3850,71.6049,7.7431,2.2122,11.2085,3.3404,24.4514,6.8139,8.1001,11.3005,31.8326,13.3998,56.1804,55.1500,13.4522,21.8402,16.9013,19.6510,14.9692,18.8784,93.2941,44.4278,13.0602,52.6085,7.2185,13.4071,16.4121,49.2888,51.6214,19.0568,12.6178,7.7348,8.6921,12.5382,72.6350,19.6405,19.7255,16.1723,14.2700,11.8573,42.0290,13.2083,44.0642,41.9963,-9.1423,-0.0608,7.7557,47.8246,8.5577,0.1791,14.1914,56.0416,13.5395,15.3830,30.3417,92.6259,110.8586,93.9005,24.1734,20.0702,69.1273,16.6916,74.8866,63.6393,74.4307,18.4196,18.4905,81.2420,82.9029,66.2548,8.6926,12.9532,16.3510,28.1411,19.9728,16.9567,17.7458,64.2388,15.2218,50.8781,65.9111,73.1244,60.3268,63.2171,21.8218,48.7571,22.1401,3.6561,12.3670,13.0762,15.8118,17.9771,8.0680,18.5005,13.4824,13.3343,1.1166,41.2027,6.8456,37.5477,22.3586,44.7713,39.5835,58.0634,39.5913,6.2069,5.3653,22.2391,9.7539,12.7127,57.0315,35.3196,33.5677,43.9858,33.0577,27.8462,6.4658,39.7580,8.2326,30.2396,15.1014,1.7258,8.4157,66.5925,8.8287,6.7110,7.7813,1.6991,3.9983,7.1962,32.5677,61.3630,59.0329,14.4262,17.5397,27.3644,77.0648,65.0005,63.9666,74.0470,95.8359,18.0683,69.0652,15.3883,32.3499,26.7160,1.0442,13.6719,7.0070,34.6891,31.9504,51.5032,38.0450,40.6467,11.4276,76.8385,64.9798,52.6876,51.1966,65.9236,17.0862,59.1767,52.4219,52.5033,52.5834,52.6638,52.7454,52.7928,52.8739,52.9562,53.0399,53.1238,53.2090,53.2956,53.3837,53.4734,53.5647,53.6578,53.7526,53.8492,53.9477,54.0482,54.1506,54.2551,54.3616,54.4703,54.5812,54.6943,54.8097,54.9274,55.0475,55.1699,55.2947,55.4219,55.5516,55.6836,55.8180,55.9548,56.0939,56.2354,56.3790,56.5248,56.6727,56.8226,56.9744,57.1279,57.2830,57.4396,57.5974,57.7564,57.8039,57.9678
45122.7083333,2.8014,7.0142,10.1239,8.4758,16.5122,14.2493,13.1513,5.7212,18.6188,12.8781,10.8565,10.4451,6.1273,9.7091,12.4045,8.9488,11.3325,10.4376,7.2301,3.9860,10.9353,4.6841,4.3931,6.9616,6.9566,39.2264,8.5148,2.3142,9.1039,3.2652,6.2681,4.8831,6.1507,8.4706,10.2579,6.6309,15.9416,28.9960,8.3238,15.7691,13.0264,12.7427,9.2920,12.2275,51.8019,23.9440,8.9193,26.9346,4.4301,8.3501,10.2899,14.0342,27.5974,11.8591,4.5804,7.0438,7.7679,9.1067,17.6503,13.6179,13.9710,10.8677,6.3973,8.1045,7.2111,8.4807,22.6837,13.6194,-5.7642,0.1147,7.0353,10.0815,5.9133,0.2777,9.1733,13.1147,9.2715,11.8261,9.9060,45.9154,34.1195,51.6433,17.0140,13.6656,34.5059,11.1937,40.1478,33.0763,38.9072,12.7783,13.5432,43.2990,45.0177,16.4124,6.4202,9.1601,11.3938,18.8704,13.8623,11.6600,12.5497,34.4031,10.6549,16.8775,15.1549,41.5895,33.9817,34.8665,11.9549,27.7080,12.4906,2.7132,10.5713,9.3544,11.3121,13.0372,5.9532,13.1468,10.0394,9.9186,0.8349,21.9783,5.0756,20.0214,14.7421,23.7228,21.5943,31.9918,20.7820,2.6869,4.8425,11.1557,7.2620,7.4771,29.3799,17.9728,17.1806,23.4677,17.0721,7.4525,4.3355,8.9919,6.1211,15.8228,10.7128,1.7994,3.2972,15.5247,9.2719,5.7811,5.6734,1.0222,2.9261,2.7979,16.2712,15.4279,13.6387,11.5570,10.8512,14.3068,42.2343,16.8077,22.1370,40.3676,51.8131,12.7775,37.2118,13.8793,17.2255,14.1758,0.7617,6.8001,4.6965,12.9676,17.4819,28.0491,20.0029,21.5786,8.0329,42.5247,35.4674,27.9785,26.6744,34.6378,11.3867,31.8667,28.2245,28.3088,28.3918,28.4750,28.5594,28.6081,28.6918,28.7767,28.8629,28.9494,29.0370,29.1260,29.2166,29.3087,29.4024,29.4978,29.5949,29.6939,29.7946,29.8973,30.0020,30.1087,30.2174,30.3283,30.4413,30.5565,30.6741,30.7938,30.9160,31.0404,31.1673,31.2965,31.4281,31.5622,31.6985,31.8373,31.9784,32.1217,32.2673,32.4150,32.5648,32.7166,32.8702,33.0256,33.1825,33.3409,33.5006,33.6614,33.7061,33.8719
45122.7500000,2.1947,5.5172,7.1328,6.6401,12.0421,9.6834,8.7993,4.4749,8.2912,8.7610,7.8244,7.0183,3.8552,6.5773,6.0689,6.0787,7.8314,7.1592,4.8228,3.1733,8.8532,3.5766,2.9568,5.1903,5.4498,13.6685,5.3095,1.8129,6.7217,2.4881,5.3236,2.7916,4.7641,6.9126,8.5920,5.4287,7.6983,18.8641,3.0884,10.9977,9.0046,9.9801,6.1096,8.0406,34.6622,7.6459,6.0936,8.3119,3.2626,5.5048,8.0764,8.0861,18.0459,9.2281,3.0920,5.3289,4.3713,7.7867,12.5096,9.3417,9.6707,7.3609,5.4131,2.6796,4.7731,3.5608,14.5584,10.4540,-3.7185,0.2573,4.9595,5.1489,4.2188,0.2721,5.5445,7.4250,5.8450,9.2278,5.7656,13.1356,20.2803,17.6575,11.6506,9.3339,8.9811,7.4898,13.5213,10.2952,15.2824,8.7731,10.9780,15.7534,14.3378,10.1749,4.4751,7.2843,7.8318,12.6916,9.5928,7.9606,8.1510,22.6041,7.1588,13.2964,11.3664,27.9796,22.7188,23.1529,7.6717,18.5095,8.1160,1.9509,7.7738,6.5561,7.8990,9.5176,4.6173,8.9579,7.1312,7.5509,0.7152,6.9800,3.5933,7.0052,10.4798,7.2555,7.2554,21.2057,6.9505,1.9608,4.0284,3.2550,4.3414,6.1845,18.9730,11.4053,10.9107,15.2782,10.8773,4.4105,3.2286,6.9918,4.3486,10.1044,7.0933,1.4094,2.5722,9.2000,5.8496,5.2337,4.0103,0.7383,2.0947,1.7301,6.2313,9.0058,9.5695,9.4142,8.2069,5.2146,28.0635,10.6087,13.9719,14.3027,17.6479,9.4694,24.5335,8.2320,6.6309,9.0615,0.6296,2.6994,3.2056,8.3542,6.9172,18.4709,12.8974,13.9932,5.5667,15.6547,23.4740,9.3957,17.2659,11.2461,7.6892,11.3775,10.2996,10.4791,10.6641,10.8561,11.0562,11.2361,11.4516,11.6766,11.9117,12.1566,12.4126,12.6804,19.2896,19.3616,19.4348,19.5094,19.5853,19.6625,19.7413,19.8214,19.9031,19.9864,20.0713,20.1578,20.2460,20.3359,20.4275,20.5209,20.6161,20.7131,20.8120,20.9126,21.0152,21.1195,21.2257,21.3337,21.4435,21.5550,21.6683,21.7831,21.8996,22.0176,22.1369,22.2576,22.3795,22.5025,22.6264,22.7511,22.7850,22.9137
45122.7916667,0.7631,1.8456,2.3819,2.3084,4.0783,3.1089,2.7723,1.3460,2.6893,2.7859,2.5129,2.2248,1.3400,2.0885,1.9164,1.9376,2.5308,2.3146,1.6047,1.0747,2.8861,1.1461,1.0275,1.7951,1.8936,4.0878,1.8446,0.6298,2.2766,0.6742,1.5040,0.9697,1.2469,1.9238,1.9136,1.6025,2.6108,2.6744,0.9186,3.5632,3.1274,3.2774,1.8924,2.5430,5.6234,2.5294,1.9517,2.2505,1.1102,1.7015,2.6335,2.4212,2.8026,3.0325,1.0735,1.2021,1.3725,2.1793,3.9744,2.9799,3.1050,2.3294,1.0279,0.9303,1.4203,1.2358,2.5019,2.2091,-1.1041,0.0983,1.7088,1.7562,1.4394,0.1319,1.9240,2.5766,2.0283,2.5356,1.7615,2.8664,6.1004,5.2958,3.7731,2.9658,2.3720,2.4022,3.8438,2.8367,3.3669,2.8032,3.2692,4.0193,4.4690,3.2305,1.5187,2.0784,2.5332,4.0242,3.0536,2.5535,2.7932,4.0870,2.3623,2.5518,3.8542,5.6814,3.9488,3.7663,1.5699,3.3961,1.9053,0.6609,2.6107,2.1269,2.5583,2.3484,1.5856,2.9406,2.3926,2.4652,0.2602,2.2695,1.2049,2.1114,1.8518,2.4064,2.4270,3.4842,2.0467,0.6247,1.3004,1.1184,1.3619,1.7186,2.4700,1.6039,1.9406,2.8631,1.9836,1.3417,0.8358,2.1813,1.4540,1.9338,2.3998,0.4882,0.8910,3.1866,2.0001,1.4996,1.3280,0.2867,0.7031,0.5628,1.4487,2.9164,3.2943,3.1302,2.8313,1.5350,4.4167,3.2405,3.5455,4.1365,5.0078,3.1096,3.7785,2.2900,1.9627,1.8344,0.2400,0.8373,1.0335,2.2033,2.0768,3.5501,2.0268,2.2313,1.8020,4.5765,4.4280,2.7273,2.4381,3.1261,2.4370,3.2209,2.9065,2.9317,2.9566,2.9819,3.0078,3.0761,3.0476,3.0741,3.1012,3.1288,3.1570,3.1861,3.2160,3.2469,3.2787,3.3116,3.4818,3.3790,3.4152,3.4528,3.4918,3.5324,3.5746,3.6185,3.6644,3.7123,3.7623,4.1625,4.1955,4.2291,4.2634,4.2983,4.3339,4.3700,4.4068,4.4443,4.4823,4.5209,4.5602,4.6000,4.6403,4.6811,4.7225,4.7642,4.8064,4.8490,4.8919,4.9350,4.9467,4.9912
45122.8333333,0.5216,1.2320,1.6170,1.5777,2.7873,2.1111,1.8889,0.8858,1.8128,1.8989,1.7319,1.5173,0.9158,1.4274,1.3097,1.3207,1.7258,1.5812,1.0952,0.7298,1.9389,0.7833,0.7022,1.2269,1.2942,2.7840,1.2606,0.4304,1.5466,0.4608,0.9743,0.6627,0.8522,1.3147,1.3078,1.0951,1.7842,1.8277,0.6149,2.4296,2.1372,2.2369,1.2899,1.7344,3.7536,1.7234,1.3317,1.5275,0.7568,1.1603,1.7968,1.6444,1.8785,2.0675,0.7336,0.7874,0.9379,1.4892,2.6931,2.0363,2.1219,1.5918,0.7025,0.6358,0.9572,0.8445,1.3702,1.3130,-0.7505,0.0681,1.1637,1.1914,0.9836,0.0902,1.3148,1.7607,1.3860,1.7326,1.2037,1.9587,4.1684,3.6186,2.5739,2.0205,1.6208,1.6393,2.6177,1.9383,2.2838,1.9131,2.1451,2.7303,3.0476,2.2074,1.0294,1.4201,1.7275,2.7518,2.0827,1.7407,1.9063,2.2800,1.6129,1.7290,2.5921,3.3305,2.6981,2.5734,1.0726,2.3204,1.1996,0.4515,1.7755,1.4502,1.7457,1.4674,1.0768,2.0075,1.6274,1.6583,0.1792,1.5496,0.8225,1.5511,1.2687,1.6050,1.6553,2.3799,1.3935,0.4203,0.8735,0.7570,0.8958,1.1099,1.6875,1.0958,1.0892,1.6343,1.1265,0.9148,0.5710,1.4612,0.9939,1.1240,1.6382,0.3335,0.6087,2.1771,1.3569,1.0182,0.9073,0.1959,0.4801,0.3766,0.9389,1.9734,2.2499,2.1761,1.9268,1.0553,2.9817,2.2136,2.4557,2.8159,3.4119,2.3623,2.5008,1.4801,1.2762,1.0939,0.1648,0.5707,0.7046,1.4721,1.4157,2.0435,1.3636,1.5017,1.2285,3.1086,2.5200,1.8541,1.6464,2.1207,1.6598,2.1852,1.9712,1.9869,2.0023,2.0178,2.0335,2.0426,2.0582,2.0740,2.0900,2.1061,2.1223,2.1389,2.1557,2.1728,2.1902,2.2079,2.2259,2.2443,2.2629,2.2820,2.3014,2.3211,2.3413,2.3618,2.3827,2.4040,2.4258,2.4479,2.4705,2.4935,2.5169,2.5408,2.5650,2.5898,2.6149,2.6405,2.6665,2.6929,2.7197,2.7469,2.7745,2.8024,2.8306,2.8592,2.8880,2.9171,2.9464,2.9758,2.9838,3.0142
45122.8750000,0.0000,0.0000,0.0000,0.0000,0.0000,0.0000,0.0000,0.0000,0.0000,0.0000,0.0000,0.0000,0.0000,0.0000,0.0000,0.0000,0.0000,0.0000,0.0000,0.0000,0.0000,0.0000,0.0000,0.0000,0.0000,0.0000,0.0000,0.0000,0.0000,0.0000,0.0000,0.0000,0.0000,0.0000,0.0000,0.0000,0.0000,0.0000,0.0000,0.0000,0.0000,0.0000,0.0000,0.0000,0.0000,0.0000,0.0000,0.0000,0.0000,0.0000,0.0000,0.0000,0.0000,0.0000,0.0000,0.0000,0.0000,0.0000,0.0000,0.0000,0.0000,0.0000,0.0000,0.0000,0.0000,0.0000,0.0000,0.0000,0.0000,0.0000,0.0000,0.0000,0.0000,0.0000,0.0000,0.0000,0.0000,0.0000,0.0000,0.0000,0.0000,0.0000,0.0000,0.0000,0.0000,0.0000,0.0000,0.0000,0.0000,0.0000,0.0000,0.0000,0.0000,0.0000,0.0000,0.0000,0.0000,0.0000,0.0000,0.0000,0.0000,0.0000,0.0000,0.0000,0.0000,0.0000,0.0000,0.0000,0.0000,0.0000,0.0000,0.0000,0.0000,0.0000,0.0000,0.0000,0.0000,0.0000,0.0000,0.0000,0.0000,0.0000,0.0000,0.0000,0.0000,0.0000,0.0000,0.0000,0.0000,0.0000,0.0000,0.0000,0.0000,0.0000,0.0000,0.0000,0.0000,0.0000,0.0000,0.0000,0.0000,0.0000,0.0000,0.0000,0.0000,0.0000,0.0000,0.0000,0.0000,0.0000,0.0000,0.0000,0.0000,0.0000,0.0000,0.0000,0.0000,0.0000,0.0000,0.0000,0.0000,0.0000,0.0000,0.0000,0.0000,0.0000,0.0000,0.0000,0.0000,0.0000,0.0000,0.0000,0.0000,0.0000,0.0000,0.0000,0.0000,0.0000,0.0000,0.0000,0.0000,0.0000,0.0000,0.0000,0.0000,0.0000,0.0000,0.0000,0.0000,0.0000,0.0000,0.0000,0.0000,0.0000,0.0000,0.0000,0.0000,0.0000,0.0000,0.0000,0.0000,0.0000,0.0000,0.0000,0.0000,0.0000,0.0000,0.0000,0.0000,0.0000,0.0000,0.0000,0.0000,0.0000,0.0000,0.0000,0.0000,0.0000,0.0000,0.0000,0.0000,0.0000,0.0000,0.0000,0.0000,0.0000,0.0000,0.0000,0.0000,0.0000,0.0000,0.0000,0.0000,0.0000,0.0000,0.0000
45122.9166667,0.0000,0.0000,0.0000,0.0000,0.0000,0.0000,0.0000,0.0000,0.0000,0.0000,0.0000,0.0000,0.0000,0.0000,0.0000,0.0000,0.0000,0.0000,0.0000,0.0000,0.0000,0.0000,0.0000,0.0000,0.0000,0.0000,0.0000,0.0000,0.0000,0.0000,0.0000,0.0000,0.0000,0.0000,0.0000,0.0000,0.0000,0.0000,0.0000,0.0000,0.0000,0.0000,0.0000,0.0000,0.0000,0.0000,0.0000,0.0000,0.0000,0.0000,0.0000,0.0000,0.0000,0.0000,0.0000,0.0000,0.0000,0.0000,0.0000,0.0000,0.0000,0.0000,0.0000,0.0000,0.0000,0.0000,0.0000,0.0000,0.0000,0.0000,0.0000,0.0000,0.0000,0.0000,0.0000,0.0000,0.0000,0.0000,0.0000,0.0000,0.0000,0.0000,0.0000,0.0000,0.0000,0.0000,0.0000,0.0000,0.0000,0.0000,0.0000,0.0000,0.0000,0.0000,0.0000,0.0000,0.0000,0.0000,0.0000,0.0000,0.0000,0.0000,0.0000,0.0000,0.0000,0.0000,0.0000,0.0000,0.0000,0.0000,0.0000,0.0000,0.0000,0.0000,0.0000,0.0000,0.0000,0.0000,0.0000,0.0000,0.0000,0.0000,0.0000,0.0000,0.0000,0.0000,0.0000,0.0000,0.0000,0.0000,0.0000,0.0000,0.0000,0.0000,0.0000,0.0000,0.0000,0.0000,0.0000,0.0000,0.0000,0.0000,0.0000,0.0000,0.0000,0.0000,0.0000,0.0000,0.0000,0.0000,0.0000,0.0000,0.0000,0.0000,0.0000,0.0000,0.0000,0.0000,0.0000,0.0000,0.0000,0.0000,0.0000,0.0000,0.0000,0.0000,0.0000,0.0000,0.0000,0.0000,0.0000,0.0000,0.0000,0.0000,0.0000,0.0000,0.0000,0.0000,0.0000,0.0000,0.0000,0.0000,0.0000,0.0000,0.0000,0.0000,0.0000,0.0000,0.0000,0.0000,0.0000,0.0000,0.0000,0.0000,0.0000,0.0000,0.0000,0.0000,0.0000,0.0000,0.0000,0.0000,0.0000,0.0000,0.0000,0.0000,0.0000,0.0000,0.0000,0.0000,0.0000,0.0000,0.0000,0.0000,0.0000,0.0000,0.0000,0.0000,0.0000,0.0000,0.0000,0.0000,0.0000,0.0000,0.0000,0.0000,0.0000,0.0000,0.0000,0.0000,0.0000,0.0000,0.0000,0.0000,0.0000,0.0000
45122.9583333,0.0000,0.0000,0.0000,0.0000,0.0000,0.0000,0.0000,0.0000,0.0000,0.0000,0.0000,0.0000,0.0000,0.0000,0.0000,0.0000,0.0000,0.0000,0.0000,0.0000,0.0000,0.0000,0.0000,0.0000,0.0000,0.0000,0.0000,0.0000,0.0000,0.0000,0.0000,0.0000,0.0000,0.0000,0.0000,0.0000,0.0000,0.0000,0.0000,0.0000,0.0000,0.0000,0.0000,0.0000,0.0000,0.0000,0.0000,0.0000,0.0000,0.0000,0.0000,0.0000,0.0000,0.0000,0.0000,0.0000,0.0000,0.0000,0.0000,0.0000,0.0000,0.0000,0.0000,0.0000,0.0000,0.0000,0.0000,0.0000,0.0000,0.0000,0.0000,0.0000,0.0000,0.0000,0.0000,0.0000,0.0000,0.0000,0.0000,0.0000,0.0000,0.0000,0.0000,0.0000,0.0000,0.0000,0.0000,0.0000,0.0000,0.0000,0.0000,0.0000,0.0000,0.0000,0.0000,0.0000,0.0000,0.0000,0.0000,0.0000,0.0000,0.0000,0.0000,0.0000,0.0000,0.0000,0.0000,0.0000,0.0000,0.0000,0.0000,0.0000,0.0000,0.0000,0.0000,0.0000,0.0000,0.0000,0.0000,0.0000,0.0000,0.0000,0.0000,0.0000,0.0000,0.0000,0.0000,0.0000,0.0000,0.0000,0.0000,0.0000,0.0000,0.0000,0.0000,0.0000,0.0000,0.0000,0.0000,0.0000,0.0000,0.0000,0.0000,0.0000,0.0000,0.0000,0.0000,0.0000,0.0000,0.0000,0.0000,0.0000,0.0000,0.0000,0.0000,0.0000,0.0000,0.0000,0.0000,0.0000,0.0000,0.0000,0.0000,0.0000,0.0000,0.0000,0.0000,0.0000,0.0000,0.0000,0.0000,0.0000,0.0000,0.0000,0.0000,0.0000,0.0000,0.0000,0.0000,0.0000,0.0000,0.0000,0.0000,0.0000,0.0000,0.0000,0.0000,0.0000,0.0000,0.0000,0.0000,0.0000,0.0000,0.0000,0.0000,0.0000,0.0000,0.0000,0.0000,0.0000,0.0000,0.0000,0.0000,0.0000,0.0000,0.0000,0.0000,0.0000,0.0000,0.0000,0.0000,0.0000,0.0000,0.0000,0.0000,0.0000,0.0000,0.0000,0.0000,0.0000,0.0000,0.0000,0.0000,0.0000,0.0000,0.0000,0.0000,0.0000,0.0000,0.0000,0.0000,0.0000,0.0000,0.0000,0.0000,0.0000
45123.0000000,0.0000,0.0000,0.0000,0.0000,0.0000,0.0000,0.0000,0.0000,0.0000,0.0000,0.0000,0.0000,0.0000,0.0000,0.0000,0.0000,0.0000,0.0000,0.0000,0.0000,0.0000,0.0000,0.0000,0.0000,0.0000,0.0000,0.0000,0.0000,0.0000,0.0000,0.0000,0.0000,0.0000,0.0000,0.0000,0.0000,0.0000,0.0000,0.0000,0.0000,0.0000,0.0000,0.0000,0.0000,0.0000,0.0000,0.0000,0.0000,0.0000,0.0000,0.0000,0.0000,0.0000,0.0000,0.0000,0.0000,0.0000,0.0000,0.0000,0.0000,0.0000,0.0000,0.0000,0.0000,0.0000,0.0000,0.0000,0.0000,0.0000,0.0000,0.0000,0.0000,0.0000,0.0000,0.0000,0.0000,0.0000,0.0000,0.0000,0.0000,0.0000,0.0000,0.0000,0.0000,0.0000,0.0000,0.0000,0.0000,0.0000,0.0000,0.0000,0.0000,0.0000,0.0000,0.0000,0.0000,0.0000,0.0000,0.0000,0.0000,0.0000,0.0000,0.0000,0.0000,0.0000,0.0000,0.0000,0.0000,0.0000,0.0000,0.0000,0.0000,0.0000,0.0000,0.0000,0.0000,0.0000,0.0000,0.0000,0.0000,0.0000,0.0000,0.0000,0.0000,0.0000,0.0000,0.0000,0.0000,0.0000,0.0000,0.0000,0.0000,0.0000,0.0000,0.0000,0.0000,0.0000,0.0000,0.0000,0.0000,0.0000,0.0000,0.0000,0.0000,0.0000,0.0000,0.0000,0.0000,0.0000,0.0000,0.0000,0.0000,0.0000,0.0000,0.0000,0.0000,0.0000,0.0000,0.0000,0.0000,0.0000,0.0000,0.0000,0.0000,0.0000,0.0000,0.0000,0.0000,0.0000,0.0000,0.0000,0.0000,0.0000,0.0000,0.0000,0.0000,0.0000,0.0000,0.0000,0.0000,0.0000,0.0000,0.0000,0.0000,0.0000,0.0000,0.0000,0.0000,0.0000,0.0000,0.0000,0.0000,0.0000,0.0000,0.0000,0.0000,0.0000,0.0000,0.0000,0.0000,0.0000,0.0000,0.0000,0.0000,0.0000,0.0000,0.0000,0.0000,0.0000,0.0000,0.0000,0.0000,0.0000,0.0000,0.0000,0.0000,0.0000,0.0000,0.0000,0.0000,0.0000,0.0000,0.0000,0.0000,0.0000,0.0000,0.0000,0.0000,0.0000,0.0000,0.0000,0.0000,0.0000,0.0000,0.0000,0.0000
45123.0416667,0.0000,0.0000,0.0000,0.0000,0.0000,0.0000,0.0000,0.0000,0.0000,0.0000,0.0000,0.0000,0.0000,0.0000,0.0000,0.0000,0.0000,0.0000,0.0000,0.0000,0.0000,0.0000,0.0000,0.0000,0.0000,0.0000,0.0000,0.0000,0.0000,0.0000,0.0000,0.0000,0.0000,0.0000,0.0000,0.0000,0.0000,0.0000,0.0000,0.0000,0.0000,0.0000,0.0000,0.0000,0.0000,0.0000,0.0000,0.0000,0.0000,0.0000,0.0000,0.0000,0.0000,0.0000,0.0000,0.0000,0.0000,0.0000,0.0000,0.0000,0.0000,0.0000,0.0000,0.0000,0.0000,0.0000,0.0000,0.0000,0.0000,0.0000,0.0000,0.0000,0.0000,0.0000,0.0000,0.0000,0.0000,0.0000,0.0000,0.0000,0.0000,0.0000,0.0000,0.0000,0.0000,0.0000,0.0000,0.0000,0.0000,0.0000,0.0000,0.0000,0.0000,0.0000,0.0000,0.0000,0.0000,0.0000,0.0000,0.0000,0.0000,0.0000,0.0000,0.0000,0.0000,0.0000,0.0000,0.0000,0.0000,0.0000,0.0000,0.0000,0.0000,0.0000,0.0000,0.0000,0.0000,0.0000,0.0000,0.0000,0.0000,0.0000,0.0000,0.0000,0.0000,0.0000,0.0000,0.0000,0.0000,0.0000,0.0000,0.0000,0.0000,0.0000,0.0000,0.0000,0.0000,0.0000,0.0000,0.0000,0.0000,0.0000,0.0000,0.0000,0.0000,0.0000,0.0000,0.0000,0.0000,0.0000,0.0000,0.0000,0.0000,0.0000,0.0000,0.0000,0.0000,0.0000,0.0000,0.0000,0.0000,0.0000,0.0000,0.0000,0.0000,0.0000,0.0000,0.0000,0.0000,0.0000,0.0000,0.0000,0.0000,0.0000,0.0000,0.0000,0.0000,0.0000,0.0000,0.0000,0.0000,0.0000,0.0000,0.0000,0.0000,0.0000,0.0000,0.0000,0.0000,0.0000,0.0000,0.0000,0.0000,0.0000,0.0000,0.0000,0.0000,0.0000,0.0000,0.0000,0.0000,0.0000,0.0000,0.0000,0.0000,0.0000,0.0000,0.0000,0.0000,0.0000,0.0000,0.0000,0.0000,0.0000,0.0000,0.0000,0.0000,0.0000,0.0000,0.0000,0.0000,0.0000,0.0000,0.0000,0.0000,0.0000,0.0000,0.0000,0.0000,0.0000,0.0000,0.0000,0.0000,0.0000,0.0000,0.0000
45123.0833333,0.0000,0.0000,0.0000,0.0000,0.0000,0.0000,0.0000,0.0000,0.0000,0.0000,0.0000,0.0000,0.0000,0.0000,0.0000,0.0000,0.0000,0.0000,0.0000,0.0000,0.0000,0.0000,0.0000,0.0000,0.0000,0.0000,0.0000,0.0000,0.0000,0.0000,0.0000,0.0000,0.0000,0.0000,0.0000,0.0000,0.0000,0.0000,0.0000,0.0000,0.0000,0.0000,0.0000,0.0000,0.0000,0.0000,0.0000,0.0000,0.0000,0.0000,0.0000,0.0000,0.0000,0.0000,0.0000,0.0000,0.0000,0.0000,0.0000,0.0000,0.0000,0.0000,0.0000,0.0000,0.0000,0.0000,0.0000,0.0000,0.0000,0.0000,0.0000,0.0000,0.0000,0.0000,0.0000,0.0000,0.0000,0.0000,0.0000,0.0000,0.0000,0.0000,0.0000,0.0000,0.0000,0.0000,0.0000,0.0000,0.0000,0.0000,0.0000,0.0000,0.0000,0.0000,0.0000,0.0000,0.0000,0.0000,0.0000,0.0000,0.0000,0.0000,0.0000,0.0000,0.0000,0.0000,0.0000,0.0000,0.0000,0.0000,0.0000,0.0000,0.0000,0.0000,0.0000,0.0000,0.0000,0.0000,0.0000,0.0000,0.0000,0.0000,0.0000,0.0000,0.0000,0.0000,0.0000,0.0000,0.0000,0.0000,0.0000,0.0000,0.0000,0.0000,0.0000,0.0000,0.0000,0.0000,0.0000,0.0000,0.0000,0.0000,0.0000,0.0000,0.0000,0.0000,0.0000,0.0000,0.0000,0.0000,0.0000,0.0000,0.0000,0.0000,0.0000,0.0000,0.0000,0.0000,0.0000,0.0000,0.0000,0.0000,0.0000,0.0000,0.0000,0.0000,0.0000,0.0000,0.0000,0.0000,0.0000,0.0000,0.0000,0.0000,0.0000,0.0000,0.0000,0.0000,0.0000,0.0000,0.0000,0.0000,0.0000,0.0000,0.0000,0.0000,0.0000,0.0000,0.0000,0.0000,0.0000,0.0000,0.0000,0.0000,0.0000,0.0000,0.0000,0.0000,0.0000,0.0000,0.0000,0.0000,0.0000,0.0000,0.0000,0.0000,0.0000,0.0000,0.0000,0.0000,0.0000,0.0000,0.0000,0.0000,0.0000,0.0000,0.0000,0.0000,0.0000,0.0000,0.0000,0.0000,0.0000,0.0000,0.0000,0.0000,0.0000,0.0000,0.0000,0.0000,0.0000,0.0000,0.0000,0.0000,0.0000,0.0000
45123.1250000,0.0000,0.0000,0.0000,0.0000,0.0000,0.0000,0.0000,0.0000,0.0000,0.0000,0.0000,0.0000,0.0000,0.0000,0.0000,0.0000,0.0000,0.0000,0.0000,0.0000,0.0000,0.0000,0.0000,0.0000,0.0000,0.0000,0.0000,0.0000,0.0000,0.0000,0.0000,0.0000,0.0000,0.0000,0.0000,0.0000,0.0000,0.0000,0.0000,0.0000,0.0000,0.0000,0.0000,0.0000,0.0000,0.0000,0.0000,0.0000,0.0000,0.0000,0.0000,0.0000,0.0000,0.0000,0.0000,0.0000,0.0000,0.0000,0.0000,0.0000,0.0000,0.0000,0.0000,0.0000,0.0000,0.0000,0.0000,0.0000,0.0000,0.0000,0.0000,0.0000,0.0000,0.0000,0.0000,0.0000,0.0000,0.0000,0.0000,0.0000,0.0000,0.0000,0.0000,0.0000,0.0000,0.0000,0.0000,0.0000,0.0000,0.0000,0.0000,0.0000,0.0000,0.0000,0.0000,0.0000,0.0000,0.0000,0.0000,0.0000,0.0000,0.0000,0.0000,0.0000,0.0000,0.0000,0.0000,0.0000,0.0000,0.0000,0.0000,0.0000,0.0000,0.0000,0.0000,0.0000,0.0000,0.0000,0.0000,0.0000,0.0000,0.0000,0.0000,0.0000,0.0000,0.0000,0.0000,0.0000,0.0000,0.0000,0.0000,0.0000,0.0000,0.0000,0.0000,0.0000,0.0000,0.0000,0.0000,0.0000,0.0000,0.0000,0.0000,0.0000,0.0000,0.0000,0.0000,0.0000,0.0000,0.0000,0.0000,0.0000,0.0000,0.0000,0.0000,0.0000,0.0000,0.0000,0.0000,0.0000,0.0000,0.0000,0.0000,0.0000,0.0000,0.0000,0.0000,0.0000,0.0000,0.0000,0.0000,0.0000,0.0000,0.0000,0.0000,0.0000,0.0000,0.0000,0.0000,0.0000,0.0000,0.0000,0.0000,0.0000,0.0000,0.0000,0.0000,0.0000,0.0000,0.0000,0.0000,0.0000,0.0000,0.0000,0.0000,0.0000,0.0000,0.0000,0.0000,0.0000,0.0000,0.0000,0.0000,0.0000,0.0000,0.0000,0.0000,0.0000,0.0000,0.0000,0.0000,0.0000,0.0000,0.0000,0.0000,0.0000,0.0000,0.0000,0.0000,0.0000,0.0000,0.0000,0.0000,0.0000,0.0000,0.0000,0.0000,0.0000,0.0000,0.0000,0.0000,0.0000,0.0000,0.0000,0.0000,0.0000
45123.1666667,0.0000,0.0000,0.0000,0.0000,0.0000,0.0000,0.0000,0.0000,0.0000,0.0000,0.0000,0.0000,0.0000,0.0000,0.0000,0.0000,0.0000,0.0000,0.0000,0.0000,0.0000,0.0000,0.0000,0.0000,0.0000,0.0000,0.0000,0.0000,0.0000,0.0000,0.0000,0.0000,0.0000,0.0000,0.0000,0.0000,0.0000,0.0000,0.0000,0.0000,0.0000,0.0000,0.0000,0.0000,0.0000,0.0000,0.0000,0.0000,0.0000,0.0000,0.0000,0.0000,0.0000,0.0000,0.0000,0.0000,0.0000,0.0000,0.0000,0.0000,0.0000,0.0000,0.0000,0.0000,0.0000,0.0000,0.0000,0.0000,0.0000,0.0000,0.0000,0.0000,0.0000,0.0000,0.0000,0.0000,0.0000,0.0000,0.0000,0.0000,0.0000,0.0000,0.0000,0.0000,0.0000,0.0000,0.0000,0.0000,0.0000,0.0000,0.0000,0.0000,0.0000,0.0000,0.0000,0.0000,0.0000,0.0000,0.0000,0.0000,0.0000,0.0000,0.0000,0.0000,0.0000,0.0000,0.0000,0.0000,0.0000,0.0000,0.0000,0.0000,0.0000,0.0000,0.0000,0.0000,0.0000,0.0000,0.0000,0.0000,0.0000,0.0000,0.0000,0.0000,0.0000,0.0000,0.0000,0.0000,0.0000,0.0000,0.0000,0.0000,0.0000,0.0000,0.0000,0.0000,0.0000,0.0000,0.0000,0.0000,0.0000,0.0000,0.0000,0.0000,0.0000,0.0000,0.0000,0.0000,0.0000,0.0000,0.0000,0.0000,0.0000,0.0000,0.0000,0.0000,0.0000,0.0000,0.0000,0.0000,0.0000,0.0000,0.0000,0.0000,0.0000,0.0000,0.0000,0.0000,0.0000,0.0000,0.0000,0.0000,0.0000,0.0000,0.0000,0.0000,0.0000,0.0000,0.0000,0.0000,0.0000,0.0000,0.0000,0.0000,0.0000,0.0000,0.0000,0.0000,0.0000,0.0000,0.0000,0.0000,0.0000,0.0000,0.0000,0.0000,0.0000,0.0000,0.0000,0.0000,0.0000,0.0000,0.0000,0.0000,0.0000,0.0000,0.0000,0.0000,0.0000,0.0000,0.0000,0.0000,0.0000,0.0000,0.0000,0.0000,0.0000,0.0000,0.0000,0.0000,0.0000,0.0000,0.0000,0.0000,0.0000,0.0000,0.0000,0.0000,0.0000,0.0000,0.0000,0.0000,0.0000,0.0000,0.0000,0.0000
45123.2083333,0.0000,0.0000,0.0000,0.0000,0.0000,0.0000,0.0000,0.0000,0.0000,0.0000,0.0000,0.0000,0.0000,0.0000,0.0000,0.0000,0.0000,0.0000,0.0000,0.0000,0.0000,0.0000,0.0000,0.0000,0.0000,0.0000,0.0000,0.0000,0.0000,0.0000,0.0000,0.0000,0.0000,0.0000,0.0000,0.0000,0.0000,0.0000,0.0000,0.0000,0.0000,0.0000,0.0000,0.0000,0.0000,0.0000,0.0000,0.0000,0.0000,0.0000,0.0000,0.0000,0.0000,0.0000,0.0000,0.0000,0.0000,0.0000,0.0000,0.0000,0.0000,0.0000,0.0000,0.0000,0.0000,0.0000,0.0000,0.0000,0.0000,0.0000,0.0000,0.0000,0.0000,0.0000,0.0000,0.0000,0.0000,0.0000,0.0000,0.0000,0.0000,0.0000,0.0000,0.0000,0.0000,0.0000,0.0000,0.0000,0.0000,0.0000,0.0000,0.0000,0.0000,0.0000,0.0000,0.0000,0.0000,0.0000,0.0000,0.0000,0.0000,0.0000,0.0000,0.0000,0.0000,0.0000,0.0000,0.0000,0.0000,0.0000,0.0000,0.0000,0.0000,0.0000,0.0000,0.0000,0.0000,0.0000,0.0000,0.0000,0.0000,0.0000,0.0000,0.0000,0.0000,0.0000,0.0000,0.0000,0.0000,0.0000,0.0000,0.0000,0.0000,0.0000,0.0000,0.0000,0.0000,0.0000,0.0000,0.0000,0.0000,0.0000,0.0000,0.0000,0.0000,0.0000,0.0000,0.0000,0.0000,0.0000,0.0000,0.0000,0.0000,0.0000,0.0000,0.0000,0.0000,0.0000,0.0000,0.0000,0.0000,0.0000,0.0000,0.0000,0.0000,0.0000,0.0000,0.0000,0.0000,0.0000,0.0000,0.0000,0.0000,0.0000,0.0000,0.0000,0.0000,0.0000,0.0000,0.0000,0.0000,0.0000,0.0000,0.0000,0.0000,0.0000,0.0000,0.0000,0.0000,0.0000,0.0000,0.0000,0.0000,0.0000,0.0000,0.0000,0.0000,0.0000,0.0000,0.0000,0.0000,0.0000,0.0000,0.0000,0.0000,0.0000,0.0000,0.0000,0.0000,0.0000,0.0000,0.0000,0.0000,0.0000,0.0000,0.0000,0.0000,0.0000,0.0000,0.0000,0.0000,0.0000,0.0000,0.0000,0.0000,0.0000,0.0000,0.0000,0.0000,0.0000,0.0000,0.0000,0.0000,0.0000,0.0000,0.0000
45123.2500000,0.2881,0.6643,0.8834,0.8470,1.4741,1.1356,1.0193,0.5013,0.9955,1.0360,0.9363,0.8400,0.5418,0.7977,0.7276,0.7455,0.9634,0.8876,0.6385,0.4452,1.0564,0.4375,0.4131,0.6847,0.7232,1.5006,0.6953,0.2550,0.8641,0.2792,0.5506,0.3668,0.4748,0.7346,0.7199,0.6154,0.9756,1.0014,0.3512,1.3179,1.1548,1.2137,0.7005,0.9379,1.9870,0.9659,0.7510,0.8377,0.4556,0.6400,0.9819,0.9094,1.0357,1.1232,0.4275,0.4327,0.5205,0.8082,1.4421,1.1046,1.1544,0.8729,0.3843,0.3464,0.5304,0.4637,0.7545,0.7234,-0.3121,0.0852,0.6290,0.6261,0.5162,0.0823,0.6826,0.9088,0.7207,0.8843,0.6144,0.9916,2.1064,1.8327,1.3076,1.0299,0.8236,0.8378,1.3276,0.9850,1.1561,0.9739,1.0853,1.3779,1.5369,1.1156,0.5265,0.7204,0.8741,1.3775,1.0497,0.8804,0.9646,1.1492,0.8417,0.8982,1.3349,1.7113,1.3949,1.3292,0.5898,1.2119,0.6590,0.2649,0.9187,0.7588,0.9062,0.7660,0.5685,1.0368,0.8426,0.8616,0.1234,0.8107,0.4398,0.7551,0.6516,0.8344,0.8662,1.2260,0.7275,0.2339,0.4645,0.4076,0.4738,0.5782,0.8667,0.5731,0.5711,0.8476,0.5911,0.4838,0.3048,0.7556,0.5199,0.5924,0.8473,0.1875,0.3290,1.1118,0.6993,0.5259,0.4765,0.1244,0.2701,0.2028,0.4913,1.0093,1.1529,1.0806,0.9910,0.5549,1.5207,1.1310,1.1419,1.4342,1.7262,1.0682,1.2783,0.7677,0.6710,0.5808,0.1080,0.3214,0.3803,0.7742,0.7467,1.0542,0.7109,0.7802,0.6415,1.5824,1.2875,0.9522,0.8454,1.0808,0.8485,1.1168,1.0106,1.0181,1.0255,1.0329,1.0404,1.0445,1.0519,1.0594,1.0670,1.0746,1.0823,1.0902,1.0982,1.1063,1.1146,1.1230,1.1316,1.1404,1.1493,1.1584,1.1677,1.1772,1.1868,1.1967,1.2068,1.2171,1.2276,1.2384,1.2493,1.2605,1.2719,1.2836,1.2954,1.3075,1.3199,1.3324,1.3452,1.3582,1.3715,1.3849,1.3985,1.4123,1.4263,1.4405,1.4548,1.4692,1.4838,1.4985,1.5024,1.5175
45123.2916667,0.9999,2.3057,3.0663,2.9401,5.1170,3.9799,3.5386,1.7404,3.4840,3.6088,3.2626,2.9262,1.8957,2.7786,2.5260,2.5881,3.3561,3.0901,2.2169,1.5458,3.6678,1.5190,1.4343,2.5031,2.5690,5.2619,2.4208,0.8859,3.0239,0.9837,1.9140,1.2910,1.8046,2.7579,2.5009,2.1379,3.4172,3.5187,1.3383,4.6095,4.0120,4.2290,2.4339,3.2591,6.9046,3.3567,2.6097,2.9110,1.5835,2.2244,3.4847,3.2233,3.7635,3.9347,1.4871,1.5499,1.8116,2.8425,5.0288,3.8765,4.0534,3.0485,1.3410,1.2096,2.2948,1.6236,2.6502,2.5501,-1.0174,0.3714,2.2713,2.2657,1.8860,0.3720,2.4883,3.2736,2.6134,3.1744,2.2600,3.5026,7.4956,6.4992,4.6750,4.2959,2.9221,2.9888,4.7057,3.4988,4.0930,3.4673,3.8421,4.8660,5.4254,3.9459,1.8833,2.5562,3.0939,4.8430,3.7078,3.1394,3.4276,4.0495,2.9618,3.3078,4.7556,7.3566,5.9960,5.8561,2.3833,5.0880,2.6062,0.9343,3.2528,2.6510,3.2208,2.8045,1.9982,3.6331,2.9653,3.0296,0.4374,2.9461,1.5454,2.6384,2.2742,3.0171,3.0430,4.3053,2.5422,0.8227,1.6363,1.4484,1.6879,2.7636,3.0576,2.0920,1.9978,3.3387,2.6477,1.6915,1.0662,2.6706,1.8349,2.0699,2.9570,0.6569,1.1505,3.8773,2.4662,1.8487,1.6748,0.4369,0.9452,0.7259,1.7330,3.5302,4.0460,3.7678,3.4554,1.9367,5.3011,3.9433,4.3104,5.0190,6.0877,3.7659,4.5241,2.6944,2.3822,2.0978,0.3818,1.2751,1.3340,2.7271,2.6258,4.0637,2.5213,2.7559,2.2701,5.5744,4.5233,3.3510,2.9979,3.8199,2.9875,3.9251,3.5566,3.5846,3.6122,3.6399,3.6680,3.6842,3.7121,3.7404,3.7685,3.7973,3.8266,3.8563,3.8866,3.9176,3.9491,3.9813,4.0142,4.0490,4.0836,4.1191,4.1554,4.1928,4.2311,4.2706,4.3112,4.3531,4.4801,4.4324,4.4773,4.5236,4.5715,4.6209,4.6721,4.7251,4.7800,4.7536,4.9120,4.9756,5.0420,5.1113,5.1839,5.2600,5.3398,5.4237,5.5121,6.1153,6.1641,6.2133,6.2245,6.2754
45123.3333333,2.0769,4.7895,6.5109,6.1077,10.6303,8.4717,7.3517,3.6157,7.8156,7.7818,7.0166,6.3311,4.0791,5.9319,5.2480,5.4802,13.1078,6.6401,5.9225,3.2426,8.2077,3.2813,2.9802,6.8042,6.0488,10.9724,5.2188,1.8410,6.7319,2.3688,4.6721,3.3427,9.5063,8.4841,5.8927,4.4722,7.1956,8.6928,3.2015,10.3187,8.3386,9.0940,5.0590,6.7744,15.0690,7.6235,5.4247,6.0511,3.2915,5.3597,8.9820,8.2605,14.1102,8.9439,3.2418,4.3242,4.5605,6.6246,11.2941,8.3358,10.7555,6.6242,2.7885,2.5153,6.4892,3.3778,11.3374,6.5396,-3.5242,0.8315,5.2817,5.0851,5.0003,0.8866,5.5691,7.7127,5.6711,6.9513,5.0175,8.2761,16.3475,15.0612,10.2220,11.4507,6.1871,6.8571,10.3317,7.4312,8.6714,7.3924,8.1492,10.3013,13.1457,10.8962,4.4477,5.6800,6.8350,10.7518,8.1020,8.7011,7.3251,9.9365,6.5297,13.0489,12.0097,21.1945,17.3601,17.4038,6.6977,14.4035,7.0729,2.2362,7.3714,5.7029,8.0980,11.0073,4.2926,7.6272,6.7608,6.7464,0.9457,10.7339,3.2666,6.0169,4.9419,6.6642,6.8433,9.5132,5.8519,1.7694,3.6900,3.6124,6.8315,8.9742,6.4534,4.6916,4.2452,11.2906,8.1099,3.5956,2.2309,5.6794,3.8269,4.4591,6.4522,1.3794,2.6230,8.2389,5.3654,4.3333,3.4942,0.9216,1.9949,1.5948,3.8460,7.5813,9.1828,7.9435,7.7703,4.1477,20.2922,8.7160,10.0969,10.4879,14.8876,8.8171,9.6625,7.2224,6.0107,7.0238,0.7862,3.5448,2.8556,6.8738,5.8590,13.6717,5.3549,6.2387,4.8682,12.4294,10.2889,7.2092,6.2297,8.0372,6.2276,8.4804,7.6929,7.7689,8.3690,7.9141,7.9922,8.0466,8.1266,8.2087,8.2931,8.3791,8.4673,8.5582,8.6518,8.7483,8.8477,8.9504,9.0564,9.1659,9.2790,8.8814,9.5507,9.6789,9.8118,9.9496,10.0925,10.2408,10.3948,10.5547,10.7208,10.8934,11.0728,11.2593,11.4534,11.6552,11.8652,12.0838,12.3114,12.5484,16.2884,16.3836,16.4799,16.5771,16.6754,16.7745,16.8743,16.9748,17.0759,17.1774,17.1986,17.3030
45123.3750000,2.7685,6.3848,9.2452,8.1428,25.4899,14.1186,9.8027,9.9807,16.9666,12.9682,11.5902,10.6271,6.8115,9.7773,7.7491,8.3740,31.9450,10.7667,22.5613,5.3115,19.7894,5.4224,3.9747,12.5960,9.0650,24.2041,9.0270,2.4559,13.9520,7.8742,8.0673,13.4418,26.9813,28.9491,32.1960,26.7374,14.8084,12.8061,5.3778,21.6701,11.8865,14.7456,6.7513,10.0220,23.7585,15.7505,9.2804,8.0761,5.5895,7.7346,36.6224,32.4691,34.2978,19.4606,5.6302,20.1204,6.1010,16.0857,22.3156,13.7371,38.3022,11.1350,3.7221,3.3575,14.0468,4.5104,28.8911,27.6426,-17.2194,1.1421,11.7875,7.2832,18.5039,1.2816,12.3439,17.9027,9.0126,19.2843,7.8651,13.6698,36.9090,31.8124,16.8593,41.6238,8.3397,9.9650,14.2173,10.0418,11.7065,36.3635,22.1507,21.6936,29.7800,42.3713,10.1326,9.2747,11.3478,18.4694,13.3467,34.5119,10.8886,41.2301,10.8662,32.9683,43.0670,48.6368,40.2620,41.4756,15.7785,32.9420,16.0759,7.5278,10.8277,9.1147,31.6523,28.1212,6.8998,12.6524,15.4079,13.8277,1.3961,26.4283,4.7018,12.8351,7.8528,10.4930,14.0802,20.0977,12.9188,2.9277,8.0270,13.8842,17.8602,23.6707,13.8990,6.5458,6.5156,27.4795,20.4025,5.2960,3.4020,8.9148,9.5325,7.1318,11.9934,2.0525,5.7977,16.7807,13.5328,6.3114,7.9391,1.2712,2.7257,3.6858,5.5245,12.2642,19.4884,10.7313,16.0857,6.5233,48.3054,20.2221,24.4579,15.2528,23.8172,23.9569,17.0880,26.8825,20.2173,16.7533,1.2389,8.6745,4.3306,22.0587,11.5857,32.4283,9.0679,13.2536,7.8822,24.6300,21.8679,11.6269,8.9194,12.2786,9.5470,13.6909,12.4717,12.6589,12.8494,13.0451,13.2468,13.4206,13.6325,13.8513,14.0772,14.3097,14.5496,14.7976,15.0541,15.3195,15.5939,15.8780,16.1720,16.4763,16.7914,17.1178,17.4558,17.8059,18.1687,18.5446,18.9341,19.3378,19.7562,20.1900,20.6396,21.1057,35.4071,35.5238,35.6426,35.7633,35.8861,36.0108,36.1374,36.2659,36.3961,36.5280,36.6615,36.7965,36.9329,37.0705,37.2091,37.3486,37.4889,37.6297,37.6622,37.8067
45123.4166667,2.6817,6.1849,17.1324,14.2867,96.8505,20.4593,19.5987,8.8758,59.9580,18.5707,17.0869,15.6919,9.9681,14.3682,7.7053,12.7930,51.9806,15.1363,37.7352,5.1414,17.6471,10.7148,4.2731,13.9139,13.5664,75.2259,13.9964,10.2177,49.9825,11.4340,43.0881,19.5348,46.9560,48.4235,54.3600,45.4035,60.0872,22.0650,6.8907,68.1347,25.5174,19.7797,6.5467,9.0880,96.2347,48.6403,13.3094,13.0125,7.9720,15.8202,60.2170,53.3447,55.6199,63.6385,7.6569,31.9595,8.3601,61.1724,76.0111,19.3577,61.8348,16.1399,5.5084,5.7369,23.5592,4.3761,48.0929,46.0787,-26.2436,1.5244,38.3828,7.3296,27.9368,1.6846,10.9695,59.7509,12.8681,72.1468,12.1279,40.0134,113.0648,96.5197,23.6260,68.5852,8.1181,10.3975,13.7661,10.1235,77.5297,59.6376,74.2977,84.0822,85.6684,69.4206,39.7727,13.1462,16.2443,27.0826,18.6064,57.3895,17.5973,67.3331,15.4245,54.5346,69.1545,76.1376,63.6918,66.4596,26.3180,52.2373,26.4704,14.4171,12.9693,12.4785,52.6086,47.4188,8.4904,17.7853,54.5541,50.9050,2.0477,44.1083,7.1625,40.3589,7.5727,47.1180,41.9563,59.8252,41.7838,4.6758,29.6426,24.7110,31.2790,40.8369,58.4070,8.9794,8.7027,45.3751,34.6983,29.5370,4.5507,41.0345,32.3055,9.7831,46.7158,2.0324,20.6741,67.0084,48.7471,9.0370,31.4906,1.4434,3.5261,10.8114,7.1288,17.0800,59.3197,13.7246,57.1049,9.0167,76.9945,65.3660,64.2938,16.9194,51.5554,31.9202,29.8273,44.5617,33.3699,27.8720,2.1836,15.4389,5.7902,35.8161,33.1301,52.1697,10.3568,41.6092,10.9897,76.7761,65.2636,15.9876,51.9089,15.9868,12.5558,18.8859,17.1995,17.5311,17.8701,18.2183,18.5768,18.9124,19.2898,19.6785,20.0790,20.4906,20.9146,21.3516,21.8021,22.2665,22.7454,23.2391,23.7483,24.2733,24.8149,54.4379,54.5279,54.6197,54.7135,54.8092,54.9069,55.0066,55.1084,55.2122,55.3182,55.4264,55.5366,55.6491,55.7637,55.8804,55.9993,56.1203,56.2433,56.3684,56.4954,56.6243,56.7550,56.8874,57.0214,57.1568,57.2936,57.4316,57.5706,57.7104,57.7450,57.8891
45123.4583333,2.5333,8.0616,23.5482,99.5859,126.5194,27.7696,26.7972,12.4943,79.0040,84.8475,83.6969,21.3584,47.1346,67.2665,69.3293,17.1936,68.4695,20.0678,15.0769,6.3972,84.8207,20.5734,8.2549,10.1020,18.8299,97.5511,72.8224,13.5453,66.1626,12.3900,32.7214,9.4330,35.4032,25.9583,72.5328,60.9542,79.2490,77.8087,6.8957,88.7476,90.8010,25.8151,6.1891,11.8072,123.8308,63.9988,17.9149,29.8438,11.2561,9.6074,22.4895,70.4857,73.0628,24.9592,8.8675,21.8713,12.5999,81.3040,98.8035,83.1420,80.9187,21.8227,6.1066,7.5913,7.0862,15.9618,64.0070,61.4201,-8.7431,2.3132,15.6846,14.8983,13.1904,7.8107,15.9741,78.8896,62.2774,95.5740,17.2025,23.7372,145.6601,124.5587,103.2338,26.2830,7.6854,16.0464,101.6882,28.3691,101.7564,78.5053,97.7147,109.6934,111.2136,91.1046,14.5339,17.2859,21.7652,36.5703,24.4320,22.5739,73.6822,88.2951,66.4308,72.1622,90.0791,98.0190,82.5900,86.5776,35.7151,68.1431,35.8320,6.5233,72.9056,16.9495,70.0438,63.6591,11.8156,77.5092,72.9963,68.0841,3.0053,59.2870,41.1967,54.5626,30.9689,63.3908,56.4366,79.0106,56.7658,25.7628,41.5590,16.5605,6.7538,12.0379,30.7999,51.1099,48.7305,61.1217,13.7629,41.2611,34.8480,55.5667,44.7474,43.6553,62.7278,4.4494,29.7943,88.7618,15.0426,12.7520,10.1235,2.5727,4.6056,5.7254,10.4788,81.7332,78.0026,84.2155,21.0076,39.1589,100.1761,86.0517,26.1917,46.4509,59.4175,94.7326,90.5931,59.5292,44.9060,37.8737,2.5521,22.1863,7.7511,47.7176,44.2209,68.5232,13.2920,55.4179,14.7040,99.4407,26.4022,21.0529,19.0696,87.2381,20.6937,78.2066,69.7979,69.8622,69.9253,69.9886,70.0529,70.0864,70.1502,70.2150,70.2809,70.3470,70.4141,70.4824,70.5520,70.6229,70.6952,70.7690,70.8442,70.9210,70.9994,71.0794,71.1611,71.2446,71.3298,71.4169,71.5059,71.5968,71.6896,71.7844,71.8812,71.9801,72.0810,72.1840,72.2891,72.3962,72.5054,72.6167,72.7299,72.8452,72.9623,73.0814,73.2022,73.3247,73.4489,73.5745,73.7015,73.8298,73.9591,74.0894,74.1201,74.2547
45123.5000000,2.4320,18.6064,97.1479,116.2188,146.4073,116.2024,109.7907,15.5742,92.0329,98.7525,97.5927,85.1714,55.7991,78.7426,81.2651,72.4653,79.8458,76.0131,59.6915,46.9138,98.6853,15.1192,10.1963,17.7175,77.3246,112.6905,85.3829,5.9431,77.3411,9.7393,68.5273,13.6004,35.2045,75.7006,85.0024,71.7305,92.3532,90.6329,13.2189,102.7834,105.4610,101.8305,15.5433,13.2679,142.3689,74.6440,69.9118,87.7726,47.7544,15.4893,92.5158,82.2845,85.0544,96.9733,10.9652,16.4918,14.6179,95.0385,114.2461,96.6436,93.9690,84.8210,6.4116,9.6771,11.9907,30.4283,75.0153,72.0588,-34.0559,9.7433,60.5276,18.3093,16.6986,10.8258,19.5401,91.9705,72.9917,111.4262,21.5310,29.2263,167.4126,143.3688,119.5383,104.9556,13.3488,21.4535,117.7020,32.5797,118.1065,91.3907,113.5386,126.9269,128.3972,105.7957,63.4158,82.1553,90.2096,144.8385,102.4778,88.6622,85.8234,102.4904,77.6525,84.2215,104.2556,112.7987,95.4432,100.2220,42.4314,79.0525,42.5176,26.4390,85.2462,72.2220,81.9756,74.8257,14.3456,90.4750,85.6083,79.8863,15.4956,69.8305,49.5188,64.5216,90.4101,74.7674,66.7086,92.3598,67.4501,32.3764,50.3370,43.0883,12.3875,15.9041,92.6515,61.4152,58.6980,72.6467,57.6417,50.2679,43.1469,66.4438,54.3029,52.9231,74.6177,5.9600,37.2884,104.3834,18.5583,16.0629,12.6551,13.8210,25.0480,7.6055,13.0641,96.1948,91.5832,98.9147,89.0028,47.4090,116.5660,100.8043,99.0189,112.3791,143.6478,110.9242,105.7201,70.4998,53.6082,45.5390,11.6517,27.6596,39.0786,56.4288,52.3725,80.0535,15.9268,65.2818,57.6300,114.9943,98.8961,82.4128,80.8282,101.6826,89.9604,91.1076,81.5176,81.5731,81.6277,81.6830,81.7394,81.7666,81.8231,81.8810,81.9402,81.9998,82.0605,82.1227,82.1862,82.2513,82.3178,82.3858,82.4554,82.5266,82.5994,82.6739,82.7501,82.8280,82.9076,82.9891,83.0723,83.1574,83.2444,83.3333,83.4241,83.5168,83.6115,83.7081,83.8067,83.9072,84.0096,84.1140,84.2202,84.3283,84.4382,84.5498,84.6631,84.7780,84.8944,85.0121,85.1311,85.2513,85.3725,85.4946,85.5206,85.6468
45123.5416667,12.3509,115.0795,102.4611,122.5008,153.9249,122.3580,115.6766,74.1317,97.0417,104.0794,102.9051,89.9050,59.1948,83.1734,85.8525,76.6052,84.2595,80.2683,63.2396,49.9075,104.0000,16.1489,59.0168,18.3884,81.7170,118.5115,21.0372,3.5841,81.6728,10.8538,16.9762,7.4666,17.2779,80.0068,89.7800,75.8902,97.3867,95.5691,14.6429,108.1889,111.0715,107.2338,22.9119,26.4246,149.4610,78.7962,73.9214,92.6373,50.7853,19.5095,97.5546,86.8433,89.6965,102.1730,11.9590,17.1117,15.9419,22.6793,120.1693,101.8341,99.0037,89.5213,16.8847,11.5586,13.8219,81.7747,79.2746,76.1826,-34.7926,11.0207,64.1042,85.9197,82.8293,12.1525,21.3125,96.9930,77.1462,27.9169,23.4152,29.7325,175.6754,150.5479,125.7603,110.5728,19.9612,94.8776,123.8222,108.3551,124.3265,96.3507,119.5618,133.4882,134.9592,111.4166,67.1808,86.7730,95.1609,152.3036,107.9650,93.5339,90.5126,107.9348,81.9969,88.8716,109.7130,118.5148,100.4332,105.4863,45.1316,83.3223,45.2126,28.5274,89.9932,76.3938,86.5757,79.1363,15.5363,95.4625,22.2270,84.4408,17.1831,73.9380,52.7942,68.4272,22.4538,79.2189,70.7957,97.6094,71.7086,35.1439,13.2391,46.3748,13.5529,17.4050,98.3004,65.6899,15.7441,77.4837,61.8871,54.2417,46.8838,71.2007,58.5936,57.1636,79.8484,29.7927,40.9718,111.0598,20.4227,17.9402,57.4300,16.5678,28.3109,8.6800,14.4877,102.6693,97.7808,105.4995,95.0810,51.6217,123.7857,107.3717,105.4681,119.3701,152.0609,117.9701,112.4217,75.6548,57.9285,49.4599,14.0959,30.6752,42.5619,60.5650,56.2612,85.1561,66.1395,69.7142,61.7151,121.5165,104.7254,87.5495,85.9131,107.6881,95.4719,96.5501,86.5147,86.5543,86.5935,86.6335,86.6752,86.6877,86.7301,86.7742,86.8199,86.8666,86.9148,86.9648,87.0166,87.0704,87.1261,87.1838,87.2434,87.3051,87.3688,87.4347,87.5026,87.5727,87.6450,87.7195,87.7962,87.8751,87.9563,88.0398,88.1255,88.2134,88.3036,88.3961,88.4908,88.5878,88.6869,88.7881,88.8915,88.9969,89.1043,89.2136,89.3247,89.4375,89.5520,89.6679,89.7852,89.9037,90.0233,90.1438,90.1682,90.2929
45123.5833333,10.4954,111.6481,99.4419,21.3804,149.6512,118.8607,112.3307,16.3654,94.2048,101.0594,99.8889,87.2209,57.2749,80.6634,83.2481,74.2620,81.7671,77.8646,61.2356,48.2169,100.9880,15.3116,57.0647,79.6612,79.2258,115.2257,11.3085,2.7653,79.2235,10.3135,16.2347,12.0828,16.4749,35.0961,39.2126,73.5294,94.5344,92.7746,13.8433,105.1363,107.8921,104.1775,44.6462,105.3842,145.4586,76.4560,71.6542,89.8768,49.0735,84.9736,94.6996,84.2640,87.0747,99.2310,10.5877,16.2847,14.5417,12.1206,116.8214,98.8967,96.1592,86.8582,15.6216,11.7943,7.5165,12.7170,76.8627,73.8482,-34.3476,10.3132,62.0852,17.2045,14.7340,11.4174,87.8164,94.1472,74.7969,26.0765,22.3494,150.4179,171.0026,146.4929,122.2370,107.3881,114.9090,92.0718,120.3599,105.2193,120.7982,93.5474,116.1453,129.7731,131.2521,108.2375,65.0537,84.1596,92.3619,148.0660,104.8634,90.7831,87.8733,104.8660,79.5499,86.2504,106.6445,115.3159,97.6434,102.5347,43.6422,80.9586,43.7493,27.4063,87.3582,74.0906,84.0350,76.7613,62.6992,92.7187,21.3745,20.8310,16.3531,71.7395,51.0743,66.3764,92.8363,76.9113,68.7531,94.9416,69.6223,7.9362,52.2743,11.2117,7.6832,9.4224,95.5978,63.8365,61.1501,75.4580,60.2450,52.8141,45.6347,18.0794,14.1668,55.8321,77.9867,4.4252,7.0532,108.4954,19.6724,17.2693,56.2609,16.5353,28.0655,8.4296,59.5250,100.6487,95.9800,103.4632,93.2803,50.9530,121.3982,105.3112,103.4613,117.0853,148.9490,115.6002,110.3010,19.0139,57.1939,48.9596,14.4878,30.5679,42.0991,59.7324,55.5273,83.6865,65.0843,68.5671,60.7349,119.1448,102.7215,85.9111,84.2690,105.4900,93.5362,94.6697,84.8757,84.9044,84.9322,84.9604,84.9899,84.9895,85.0191,85.0501,85.0826,85.1156,85.1500,85.1861,85.2239,85.2634,85.3048,85.3481,85.3934,85.4407,85.4901,85.5416,85.5953,85.6512,85.7095,85.7701,85.8331,85.8986,85.9665,86.0369,86.1098,86.1853,86.2633,86.3439,86.4271,86.5128,86.6011,86.6919,86.7851,86.8808,86.9789,87.0793,87.1819,87.2866,87.3933,87.5019,87.6123,87.7243,87.8378,87.9526,87.9707,88.0905
45123.6250000,8.4363,22.7348,22.4056,18.1797,132.1282,29.8077,98.6810,13.6629,24.8171,88.8128,87.6344,76.3690,49.6321,70.5492,17.9773,64.8511,71.7688,68.2285,53.2551,12.2835,88.7808,12.6378,9.6416,69.4984,14.8629,101.9508,13.7270,2.2923,28.9974,8.4804,13.6935,6.4056,13.6646,24.6402,27.2355,64.0111,24.2213,24.4742,11.4137,29.7075,94.9898,26.7399,46.5280,92.4597,129.2248,67.1115,62.5708,78.6966,42.3034,30.9866,83.1485,73.8794,76.5382,87.3407,8.9466,8.0871,12.2111,16.0440,103.2666,87.0221,84.6961,76.1054,12.7428,9.6016,8.9297,12.6310,16.3270,64.4722,-32.0376,7.7727,15.6625,14.6126,12.4011,2.8376,21.0943,20.5077,65.3656,22.1843,18.6028,132.1203,151.9352,130.0121,32.8186,94.4450,100.7082,24.0065,106.2992,92.4750,106.4105,82.2300,102.2193,114.6383,116.1917,95.3391,12.6662,18.6082,23.0370,38.6475,27.5179,79.6628,77.2538,92.4455,69.7210,30.2331,94.2667,102.4709,86.4760,90.6530,37.8553,71.5594,38.0720,23.0845,23.5551,19.2787,73.7599,17.2977,15.7856,81.5837,18.4703,18.1197,3.6092,62.8341,10.4155,17.8941,81.0712,67.4108,60.3212,83.8568,60.8598,7.4711,7.9996,18.4788,6.5563,12.7658,83.8758,55.5645,53.2171,66.2236,15.4273,11.8138,18.6536,15.7802,12.1581,48.6865,68.5288,3.7962,6.1636,95.7422,16.8576,14.5498,11.6433,13.6344,24.0384,17.4648,15.2796,25.8046,85.0997,91.5495,82.4676,44.7047,108.0198,35.9310,91.6975,104.1300,132.5344,102.2466,97.9643,16.6195,50.5171,43.2086,12.2714,26.6805,36.8819,53.0349,49.3413,74.5170,57.6661,60.8401,16.5348,106.4770,91.6121,76.3389,20.9901,28.6244,22.8950,84.2882,75.5404,75.5796,75.6173,75.6549,75.6932,75.6989,75.7360,75.7740,75.8129,75.8518,75.8916,75.9324,75.9745,76.0178,76.0625,76.1086,76.1562,76.2053,76.2561,76.3085,76.3628,76.4189,76.4768,76.5368,76.5988,76.6628,76.7290,76.7974,76.8681,76.9410,77.0162,77.0938,77.1737,77.2560,77.3407,77.4277,77.5171,77.6089,77.7029,77.7992,77.8976,77.9981,78.1006,78.2051,78.3113,78.4192,78.5286,78.6393,78.6476,78.7638
45123.6666667,2.7982,9.2547,17.1042,14.0734,21.3375,22.6351,21.7604,7.8835,64.1967,20.7910,16.2563,17.5491,10.9230,16.2692,13.7172,15.1097,17.9344,16.7920,12.3292,8.8443,13.0670,5.9668,7.2740,12.1113,7.9161,80.3248,8.2602,2.4840,12.2847,3.9982,17.0243,7.5945,9.0477,18.0426,36.5676,15.3188,64.3373,63.2620,16.1033,23.6199,18.0351,21.2258,16.4509,20.5876,102.5538,52.1807,14.8467,60.6589,8.8243,15.0174,17.9169,57.1873,59.5817,20.7140,15.3732,8.5400,9.6724,13.5279,81.1685,21.3978,21.5224,17.9135,16.3041,13.4648,49.5814,15.0060,51.6348,49.5003,-7.2015,1.7596,9.8815,55.5126,9.4246,1.9834,15.7433,64.0130,15.2303,16.3758,33.9252,102.0006,120.4477,102.9263,25.7534,21.6814,77.5458,18.3198,83.3458,71.7732,82.9122,20.1417,19.6336,89.8602,91.5307,74.3682,9.8524,14.2273,17.8344,29.6913,21.5520,18.5826,19.4895,72.2824,16.9617,58.6864,74.1668,81.5571,68.4248,71.3941,28.9727,56.5156,29.3695,5.4582,13.2811,14.6553,17.4367,20.3952,9.1054,20.1964,14.6681,14.6047,2.7042,48.6420,8.1034,44.8281,25.1024,52.1973,46.9105,65.9220,46.8865,5.6905,6.1271,29.0404,11.5666,14.4949,64.8392,42.3801,40.5913,51.3534,40.1010,34.6853,7.9920,47.0020,9.4983,37.2409,16.7606,2.2228,10.9877,74.6659,9.4255,7.2221,8.9903,4.1728,5.6979,9.4832,39.5512,69.2469,66.7838,15.1419,19.0381,34.2165,85.3718,72.9763,71.7956,82.1613,104.6808,19.1105,77.0104,17.1925,39.0865,33.2865,2.3212,19.9234,8.5865,41.4468,38.5972,58.7030,44.8353,47.4815,12.9568,84.6987,72.4949,59.8499,58.2925,73.4647,18.4825,66.4367,59.4674,59.5305,59.5917,59.6527,59.7142,59.7400,59.8000,59.8607,59.9221,59.9833,60.0451,60.1079,60.1717,60.2365,60.3025,60.3697,60.4381,60.5078,60.5789,60.6515,60.7256,60.8012,60.8785,60.9574,61.0381,61.1206,61.2050,61.2912,61.3794,61.4695,61.5616,61.6558,61.7519,61.8502,61.9505,62.0528,62.1571,62.2634,62.3717,62.4819,62.5939,62.7076,62.8229,62.9398,63.0581,63.1777,63.2984,63.4200,63.4293,63.5558
45123.7083333,2.9442,7.3851,11.2332,8.6593,17.3354,15.9868,14.9606,6.6844,23.8600,14.6983,12.0822,12.1700,7.6120,11.3837,15.9038,10.5940,13.1063,12.1683,8.7912,4.6692,11.5946,5.2255,5.2793,7.5820,7.4027,52.1331,9.8378,2.6117,10.0985,4.2790,7.2798,5.8321,7.3515,9.7392,12.3695,7.4771,19.7318,39.9364,11.8262,17.6169,14.1508,13.5147,10.7673,14.0107,67.2723,33.3395,10.5314,37.6739,5.3044,9.8640,11.0219,17.4209,37.9589,12.6552,5.4519,8.8220,9.6516,11.3325,19.5180,15.4202,15.7927,12.5602,8.0064,10.8336,8.7082,10.9854,32.0921,17.9288,-4.8545,1.2835,8.1337,12.4266,6.5433,1.4597,10.6596,15.4139,10.8284,13.2755,11.7766,62.5460,39.3638,67.1242,18.7976,15.3778,47.6034,12.8191,53.4094,45.0715,52.3313,14.5178,14.7496,57.4249,59.1664,18.9780,7.4306,10.3576,12.8683,20.8250,15.5334,13.2797,14.2761,46.2142,12.3000,21.4946,16.1602,54.1785,45.0909,46.4639,18.4821,37.3501,19.0808,4.0463,11.5919,10.7980,12.8730,16.5650,6.5789,12.3923,11.1299,10.9556,2.6229,30.8486,6.1077,28.3830,19.2274,33.0078,30.1393,42.8324,29.4310,3.7026,5.5176,17.5796,9.4919,8.7939,40.4503,26.0698,25.0346,32.6016,24.8588,9.7901,5.7597,10.2498,7.1947,23.2348,12.2931,2.3321,3.9071,17.6979,10.7279,6.2458,6.6913,2.9524,4.1963,3.8208,24.0596,18.1942,14.8557,11.9486,11.4834,21.3266,55.4894,19.5974,27.5665,53.2166,67.6105,13.6928,49.4973,17.7682,24.7186,20.9566,2.6077,11.9776,5.9835,16.8705,24.8880,37.9538,28.2935,30.1687,9.4627,55.5242,47.0715,38.1580,36.7377,46.6320,12.9251,42.7788,38.2594,38.3408,38.4205,38.5002,38.5808,38.6239,38.7033,38.7836,38.8650,38.9463,39.0284,39.1117,39.1963,39.2821,39.3693,39.4579,39.5479,39.6394,39.7324,39.8271,39.9234,40.0215,40.1213,40.2229,40.3263,40.4316,40.5389,40.6481,40.7593,40.8726,40.9878,41.1051,41.2245,41.3459,41.4693,41.5947,41.7221,41.8514,41.9826,42.1155,42.2502,42.3864,42.5241,42.6632,42.8035,42.9448,43.0870,43.2300,43.2534,43.4008
45123.7500000,2.3954,5.8439,7.6673,7.0444,12.5517,10.2124,9.2979,4.9502,8.9346,9.3729,8.3790,7.6195,4.5073,7.2138,6.6117,6.7371,8.5897,7.8977,5.5439,3.8262,9.4720,3.9258,3.4375,5.7233,6.0200,13.1565,5.7890,2.1236,7.4062,2.9765,5.8586,3.0543,5.1533,7.5275,9.0867,5.9699,8.3020,19.4494,3.4479,11.7181,9.6193,10.6507,6.4931,8.5244,34.4550,8.4370,6.7621,8.8447,3.8829,5.9561,8.6795,8.7377,18.8191,9.8749,3.5665,5.6254,4.7653,8.2342,13.1483,9.9689,10.3631,7.9505,5.6716,2.9019,5.2009,3.8973,15.3348,11.1948,-2.7729,0.9849,5.6307,5.5957,4.6035,1.0833,6.0244,8.0045,6.4639,9.5801,6.0476,13.1070,20.6788,18.1604,12.2031,9.8579,9.2688,8.0261,14.0146,10.7553,15.5732,9.3957,11.4223,16.0704,14.8794,10.7208,5.0192,7.8069,8.3840,13.0778,10.1417,8.5392,8.8332,22.8974,7.8330,13.9622,12.0990,28.4486,23.4982,23.7114,9.5465,19.6741,10.1267,2.7821,8.4150,7.2241,8.5678,10.2344,5.2188,9.6239,7.7044,8.2079,1.4651,7.7180,4.1946,7.7908,10.7977,7.9256,8.0841,21.8546,7.6495,2.5680,4.6789,3.9045,4.9661,6.7580,19.2761,12.3530,11.9478,16.1633,11.9798,5.0767,3.8199,7.7157,4.9583,11.3721,7.7579,1.8925,3.1509,9.7614,6.3450,5.6490,4.5681,1.5215,2.8724,2.1132,6.8984,9.5435,10.2602,9.9836,8.8195,6.0440,28.0964,11.1510,14.4474,14.8348,17.9788,9.9192,24.6635,8.8778,7.4492,10.4435,1.3103,3.5964,3.8267,9.3157,7.8484,19.1965,13.8796,14.9305,6.2322,16.2273,23.8072,10.0033,11.1864,11.6899,8.1616,11.9709,10.9560,11.1392,11.3276,11.5231,11.7266,11.9075,12.1261,12.3541,12.5923,12.8400,13.0988,13.3694,19.9698,20.0456,20.1227,20.2011,20.2808,20.3620,20.4445,20.5285,20.6140,20.7011,20.7898,20.8800,20.9720,21.0656,21.1610,21.2581,21.3569,21.4576,21.5600,21.6643,21.7703,21.8781,21.9877,22.0990,22.2120,22.3267,22.4430,22.5609,22.6802,22.8009,22.9229,23.0460,23.1702,23.2952,23.4211,23.5475,23.5762,23.7063
45123.7916667,1.1621,2.7868,3.6042,3.4172,5.9475,4.6317,4.1335,2.1571,4.1111,4.2004,3.7837,3.4015,2.1862,3.2189,2.9359,3.0214,3.9020,3.5843,2.5830,1.8187,4.3871,1.7655,1.6671,2.7637,2.9192,6.0917,2.8069,1.0296,3.5246,1.1270,2.4335,1.4808,1.9168,2.9659,2.9068,2.4849,3.9391,4.0436,1.4696,5.3411,4.6631,4.9114,2.8409,3.8005,8.3336,3.9210,3.0463,3.4288,1.8492,2.6011,3.9772,3.7135,4.3202,4.5627,1.7285,1.8778,2.1058,3.2696,5.9175,4.4721,4.6764,3.5391,1.5591,1.4064,2.2091,1.8884,4.3885,3.7322,-1.1526,0.4789,2.7173,2.6847,2.1965,0.5321,2.9188,3.8781,3.1317,3.7438,2.6099,4.1542,8.8066,7.7112,5.5610,4.4181,3.5001,3.6225,5.6763,4.2204,4.9776,4.2257,4.9524,5.9070,6.5524,4.7929,2.3974,3.1539,3.8155,5.8519,4.5528,3.8573,4.2357,6.8358,3.6261,3.8998,5.8106,9.2388,5.9484,5.6405,2.6853,5.2199,3.5332,1.2974,3.9795,3.2944,3.9037,3.8366,2.5171,4.4398,3.6335,3.8039,0.6989,3.5260,1.9682,3.3170,2.7784,3.7566,3.7928,5.2435,3.1900,1.1507,2.1439,1.8904,2.2553,2.7713,3.6997,2.5151,3.4775,4.9186,3.5473,2.1721,1.3833,3.4521,2.3294,3.4740,3.6764,0.9158,1.5247,4.7234,3.0520,2.3011,2.1184,0.7022,1.3306,0.9786,2.3832,4.3763,4.9387,4.6926,4.2655,2.5078,6.7512,4.8239,5.5531,6.1173,7.2881,4.6218,5.7049,3.6451,3.2306,3.3067,0.6173,1.5292,1.7273,3.5376,3.3213,5.9686,3.1919,3.4895,2.8365,6.7597,7.3287,4.1323,3.7126,4.6521,3.6521,4.8417,4.4163,4.4564,4.4965,4.5373,4.5792,4.7417,4.6429,4.6863,4.7309,4.7765,4.8236,4.8723,4.9228,4.9752,5.0297,5.0864,5.1455,5.2023,5.2659,5.3323,5.4019,5.4749,5.5514,5.6319,5.7165,5.8057,5.8998,6.8928,6.9423,6.9926,7.0439,7.0961,7.1492,7.2032,7.2582,7.3140,7.3708,7.4284,7.4869,7.5461,7.6062,7.6669,7.7284,7.7904,7.8531,7.9162,7.9798,8.0437,8.0601,8.1259
45123.8333333,0.3444,0.7942,1.0561,1.0126,1.7623,1.3578,1.2187,0.5994,1.1902,1.2388,1.1243,1.0043,0.6478,0.9538,0.8699,0.8913,1.1519,1.0612,0.7634,0.5323,1.2630,0.5230,0.4939,0.8187,0.8648,1.7943,0.8314,0.3050,1.0333,0.3338,0.6583,0.4386,0.5677,0.8784,0.8609,0.7360,1.1666,1.1976,0.4199,1.5760,1.3810,1.4514,0.8377,1.1217,2.3763,1.1553,0.8986,1.0025,0.5450,0.7661,1.1745,1.0880,1.2392,1.3445,0.5118,0.5180,0.6235,0.9680,1.7275,1.3241,1.3846,1.0478,0.4616,0.4164,0.6388,0.5590,0.9128,0.8791,-0.3400,0.1421,0.7995,0.7850,0.6501,0.1575,0.8639,1.1478,0.9269,1.1081,0.7724,1.2294,2.6058,2.2817,1.6411,1.3010,1.0355,1.0695,1.6704,1.2487,1.4553,1.2477,1.3707,1.7313,1.9323,1.4179,0.6995,0.9331,1.1251,1.7265,1.3410,1.1367,1.2505,1.4693,1.0713,1.1378,1.6739,2.1407,1.7595,1.6683,0.7943,1.5440,0.8901,0.3831,1.1642,0.9710,1.1507,0.9783,0.7365,1.3095,1.0663,1.0956,0.2067,1.0414,0.5811,1.0126,0.8225,1.0663,1.1182,1.5498,0.9376,0.3277,0.6147,0.5490,0.6234,0.7450,1.0938,0.7436,0.7443,1.0877,0.7724,0.6399,0.4090,0.9792,0.6847,0.7812,1.0854,0.2707,0.4507,1.3962,0.8915,0.6731,0.6262,0.2076,0.3925,0.2774,0.6432,1.2730,1.4590,1.3795,1.2526,0.7394,1.8986,1.4211,1.5001,1.7928,2.1380,1.4112,1.6000,0.9817,0.8762,0.7705,0.1825,0.4492,0.5086,1.0058,0.9781,1.3402,0.9195,1.0059,0.8354,1.9794,1.6220,1.2116,1.0767,1.3594,1.0741,1.4149,1.2897,1.3000,1.3101,1.3202,1.3305,1.3364,1.3466,1.3569,1.3674,1.3779,1.3885,1.3993,1.4103,1.4215,1.4328,1.4444,1.4562,1.4682,1.4804,1.4928,1.5055,1.5184,1.5315,1.5449,1.5586,1.5725,1.5867,1.6011,1.6159,1.6309,1.6462,1.6617,1.6776,1.6937,1.7101,1.7268,1.7437,1.7610,1.7784,1.7962,1.8141,1.8323,1.8507,1.8693,1.8880,1.9070,1.9260,1.9452,1.9503,1.9701
45123.8750000,0.0000,0.0000,0.0000,0.0000,0.0000,0.0000,0.0000,0.0000,0.0000,0.0000,0.0000,0.0000,0.0000,0.0000,0.0000,0.0000,0.0000,0.0000,0.0000,0.0000,0.0000,0.0000,0.0000,0.0000,0.0000,0.0000,0.0000,0.0000,0.0000,0.0000,0.0000,0.0000,0.0000,0.0000,0.0000,0.0000,0.0000,0.0000,0.0000,0.0000,0.0000,0.0000,0.0000,0.0000,0.0000,0.0000,0.0000,0.0000,0.0000,0.0000,0.0000,0.0000,0.0000,0.0000,0.0000,0.0000,0.0000,0.0000,0.0000,0.0000,0.0000,0.0000,0.0000,0.0000,0.0000,0.0000,0.0000,0.0000,0.0000,0.0000,0.0000,0.0000,0.0000,0.0000,0.0000,0.0000,0.0000,0.0000,0.0000,0.0000,0.0000,0.0000,0.0000,0.0000,0.0000,0.0000,0.0000,0.0000,0.0000,0.0000,0.0000,0.0000,0.0000,0.0000,0.0000,0.0000,0.0000,0.0000,0.0000,0.0000,0.0000,0.0000,0.0000,0.0000,0.0000,0.0000,0.0000,0.0000,0.0000,0.0000,0.0000,0.0000,0.0000,0.0000,0.0000,0.0000,0.0000,0.0000,0.0000,0.0000,0.0000,0.0000,0.0000,0.0000,0.0000,0.0000,0.0000,0.0000,0.0000,0.0000,0.0000,0.0000,0.0000,0.0000,0.0000,0.0000,0.0000,0.0000,0.0000,0.0000,0.0000,0.0000,0.0000,0.0000,0.0000,0.0000,0.0000,0.0000,0.0000,0.0000,0.0000,0.0000,0.0000,0.0000,0.0000,0.0000,0.0000,0.0000,0.0000,0.0000,0.0000,0.0000,0.0000,0.0000,0.0000,0.0000,0.0000,0.0000,0.0000,0.0000,0.0000,0.0000,0.0000,0.0000,0.0000,0.0000,0.0000,0.0000,0.0000,0.0000,0.0000,0.0000,0.0000,0.0000,0.0000,0.0000,0.0000,0.0000,0.0000,0.0000,0.0000,0.0000,0.0000,0.0000,0.0000,0.0000,0.0000,0.0000,0.0000,0.0000,0.0000,0.0000,0.0000,0.0000,0.0000,0.0000,0.0000,0.0000,0.0000,0.0000,0.0000,0.0000,0.0000,0.0000,0.0000,0.0000,0.0000,0.0000,0.0000,0.0000,0.0000,0.0000,0.0000,0.0000,0.0000,0.0000,0.0000,0.0000,0.0000,0.0000,0.0000,0.0000,0.0000,0.0000,0.0000,0.0000
45123.9166667,0.0000,0.0000,0.0000,0.0000,0.0000,0.0000,0.0000,0.0000,0.0000,0.0000,0.0000,0.0000,0.0000,0.0000,0.0000,0.0000,0.0000,0.0000,0.0000,0.0000,0.0000,0.0000,0.0000,0.0000,0.0000,0.0000,0.0000,0.0000,0.0000,0.0000,0.0000,0.0000,0.0000,0.0000,0.0000,0.0000,0.0000,0.0000,0.0000,0.0000,0.0000,0.0000,0.0000,0.0000,0.0000,0.0000,0.0000,0.0000,0.0000,0.0000,0.0000,0.0000,0.0000,0.0000,0.0000,0.0000,0.0000,0.0000,0.0000,0.0000,0.0000,0.0000,0.0000,0.0000,0.0000,0.0000,0.0000,0.0000,0.0000,0.0000,0.0000,0.0000,0.0000,0.0000,0.0000,0.0000,0.0000,0.0000,0.0000,0.0000,0.0000,0.0000,0.0000,0.0000,0.0000,0.0000,0.0000,0.0000,0.0000,0.0000,0.0000,0.0000,0.0000,0.0000,0.0000,0.0000,0.0000,0.0000,0.0000,0.0000,0.0000,0.0000,0.0000,0.0000,0.0000,0.0000,0.0000,0.0000,0.0000,0.0000,0.0000,0.0000,0.0000,0.0000,0.0000,0.0000,0.0000,0.0000,0.0000,0.0000,0.0000,0.0000,0.0000,0.0000,0.0000,0.0000,0.0000,0.0000,0.0000,0.0000,0.0000,0.0000,0.0000,0.0000,0.0000,0.0000,0.0000,0.0000,0.0000,0.0000,0.0000,0.0000,0.0000,0.0000,0.0000,0.0000,0.0000,0.0000,0.0000,0.0000,0.0000,0.0000,0.0000,0.0000,0.0000,0.0000,0.0000,0.0000,0.0000,0.0000,0.0000,0.0000,0.0000,0.0000,0.0000,0.0000,0.0000,0.0000,0.0000,0.0000,0.0000,0.0000,0.0000,0.0000,0.0000,0.0000,0.0000,0.0000,0.0000,0.0000,0.0000,0.0000,0.0000,0.0000,0.0000,0.0000,0.0000,0.0000,0.0000,0.0000,0.0000,0.0000,0.0000,0.0000,0.0000,0.0000,0.0000,0.0000,0.0000,0.0000,0.0000,0.0000,0.0000,0.0000,0.0000,0.0000,0.0000,0.0000,0.0000,0.0000,0.0000,0.0000,0.0000,0.0000,0.0000,0.0000,0.0000,0.0000,0.0000,0.0000,0.0000,0.0000,0.0000,0.0000,0.0000,0.0000,0.0000,0.0000,0.0000,0.0000,0.0000,0.0000,0.0000,0.0000,0.0000,0.0000
45123.9583333,0.0000,0.0000,0.0000,0.0000,0.0000,0.0000,0.0000,0.0000,0.0000,0.0000,0.0000,0.0000,0.0000,0.0000,0.0000,0.0000,0.0000,0.0000,0.0000,0.0000,0.0000,0.0000,0.0000,0.0000,0.0000,0.0000,0.0000,0.0000,0.0000,0.0000,0.0000,0.0000,0.0000,0.0000,0.0000,0.0000,0.0000,0.0000,0.0000,0.0000,0.0000,0.0000,0.0000,0.0000,0.0000,0.0000,0.0000,0.0000,0.0000,0.0000,0.0000,0.0000,0.0000,0.0000,0.0000,0.0000,0.0000,0.0000,0.0000,0.0000,0.0000,0.0000,0.0000,0.0000,0.0000,0.0000,0.0000,0.0000,0.0000,0.0000,0.0000,0.0000,0.0000,0.0000,0.0000,0.0000,0.0000,0.0000,0.0000,0.0000,0.0000,0.0000,0.0000,0.0000,0.0000,0.0000,0.0000,0.0000,0.0000,0.0000,0.0000,0.0000,0.0000,0.0000,0.0000,0.0000,0.0000,0.0000,0.0000,0.0000,0.0000,0.0000,0.0000,0.0000,0.0000,0.0000,0.0000,0.0000,0.0000,0.0000,0.0000,0.0000,0.0000,0.0000,0.0000,0.0000,0.0000,0.0000,0.0000,0.0000,0.0000,0.0000,0.0000,0.0000,0.0000,0.0000,0.0000,0.0000,0.0000,0.0000,0.0000,0.0000,0.0000,0.0000,0.0000,0.0000,0.0000,0.0000,0.0000,0.0000,0.0000,0.0000,0.0000,0.0000,0.0000,0.0000,0.0000,0.0000,0.0000,0.0000,0.0000,0.0000,0.0000,0.0000,0.0000,0.0000,0.0000,0.0000,0.0000,0.0000,0.0000,0.0000,0.0000,0.0000,0.0000,0.0000,0.0000,0.0000,0.0000,0.0000,0.0000,0.0000,0.0000,0.0000,0.0000,0.0000,0.0000,0.0000,0.0000,0.0000,0.0000,0.0000,0.0000,0.0000,0.0000,0.0000,0.0000,0.0000,0.0000,0.0000,0.0000,0.0000,0.0000,0.0000,0.0000,0.0000,0.0000,0.0000,0.0000,0.0000,0.0000,0.0000,0.0000,0.0000,0.0000,0.0000,0.0000,0.0000,0.0000,0.0000,0.0000,0.0000,0.0000,0.0000,0.0000,0.0000,0.0000,0.0000,0.0000,0.0000,0.0000,0.0000,0.0000,0.0000,0.0000,0.0000,0.0000,0.0000,0.0000,0.0000,0.0000,0.0000,0.0000,0.0000,0.0000,0.0000
45124.0000000,0.0000,0.0000,0.0000,0.0000,0.0000,0.0000,0.0000,0.0000,0.0000,0.0000,0.0000,0.0000,0.0000,0.0000,0.0000,0.0000,0.0000,0.0000,0.0000,0.0000,0.0000,0.0000,0.0000,0.0000,0.0000,0.0000,0.0000,0.0000,0.0000,0.0000,0.0000,0.0000,0.0000,0.0000,0.0000,0.0000,0.0000,0.0000,0.0000,0.0000,0.0000,0.0000,0.0000,0.0000,0.0000,0.0000,0.0000,0.0000,0.0000,0.0000,0.0000,0.0000,0.0000,0.0000,0.0000,0.0000,0.0000,0.0000,0.0000,0.0000,0.0000,0.0000,0.0000,0.0000,0.0000,0.0000,0.0000,0.0000,0.0000,0.0000,0.0000,0.0000,0.0000,0.0000,0.0000,0.0000,0.0000,0.0000,0.0000,0.0000,0.0000,0.0000,0.0000,0.0000,0.0000,0.0000,0.0000,0.0000,0.0000,0.0000,0.0000,0.0000,0.0000,0.0000,0.0000,0.0000,0.0000,0.0000,0.0000,0.0000,0.0000,0.0000,0.0000,0.0000,0.0000,0.0000,0.0000,0.0000,0.0000,0.0000,0.0000,0.0000,0.0000,0.0000,0.0000,0.0000,0.0000,0.0000,0.0000,0.0000,0.0000,0.0000,0.0000,0.0000,0.0000,0.0000,0.0000,0.0000,0.0000,0.0000,0.0000,0.0000,0.0000,0.0000,0.0000,0.0000,0.0000,0.0000,0.0000,0.0000,0.0000,0.0000,0.0000,0.0000,0.0000,0.0000,0.0000,0.0000,0.0000,0.0000,0.0000,0.0000,0.0000,0.0000,0.0000,0.0000,0.0000,0.0000,0.0000,0.0000,0.0000,0.0000,0.0000,0.0000,0.0000,0.0000,0.0000,0.0000,0.0000,0.0000,0.0000,0.0000,0.0000,0.0000,0.0000,0.0000,0.0000,0.0000,0.0000,0.0000,0.0000,0.0000,0.0000,0.0000,0.0000,0.0000,0.0000,0.0000,0.0000,0.0000,0.0000,0.0000,0.0000,0.0000,0.0000,0.0000,0.0000,0.0000,0.0000,0.0000,0.0000,0.0000,0.0000,0.0000,0.0000,0.0000,0.0000,0.0000,0.0000,0.0000,0.0000,0.0000,0.0000,0.0000,0.0000,0.0000,0.0000,0.0000,0.0000,0.0000,0.0000,0.0000,0.0000,0.0000,0.0000,0.0000,0.0000,0.0000,0.0000,0.0000,0.0000,0.0000,0.0000,0.0000,0.0000,0.0000
45124.0416667,0.0000,0.0000,0.0000,0.0000,0.0000,0.0000,0.0000,0.0000,0.0000,0.0000,0.0000,0.0000,0.0000,0.0000,0.0000,0.0000,0.0000,0.0000,0.0000,0.0000,0.0000,0.0000,0.0000,0.0000,0.0000,0.0000,0.0000,0.0000,0.0000,0.0000,0.0000,0.0000,0.0000,0.0000,0.0000,0.0000,0.0000,0.0000,0.0000,0.0000,0.0000,0.0000,0.0000,0.0000,0.0000,0.0000,0.0000,0.0000,0.0000,0.0000,0.0000,0.0000,0.0000,0.0000,0.0000,0.0000,0.0000,0.0000,0.0000,0.0000,0.0000,0.0000,0.0000,0.0000,0.0000,0.0000,0.0000,0.0000,0.0000,0.0000,0.0000,0.0000,0.0000,0.0000,0.0000,0.0000,0.0000,0.0000,0.0000,0.0000,0.0000,0.0000,0.0000,0.0000,0.0000,0.0000,0.0000,0.0000,0.0000,0.0000,0.0000,0.0000,0.0000,0.0000,0.0000,0.0000,0.0000,0.0000,0.0000,0.0000,0.0000,0.0000,0.0000,0.0000,0.0000,0.0000,0.0000,0.0000,0.0000,0.0000,0.0000,0.0000,0.0000,0.0000,0.0000,0.0000,0.0000,0.0000,0.0000,0.0000,0.0000,0.0000,0.0000,0.0000,0.0000,0.0000,0.0000,0.0000,0.0000,0.0000,0.0000,0.0000,0.0000,0.0000,0.0000,0.0000,0.0000,0.0000,0.0000,0.0000,0.0000,0.0000,0.0000,0.0000,0.0000,0.0000,0.0000,0.0000,0.0000,0.0000,0.0000,0.0000,0.0000,0.0000,0.0000,0.0000,0.0000,0.0000,0.0000,0.0000,0.0000,0.0000,0.0000,0.0000,0.0000,0.0000,0.0000,0.0000,0.0000,0.0000,0.0000,0.0000,0.0000,0.0000,0.0000,0.0000,0.0000,0.0000,0.0000,0.0000,0.0000,0.0000,0.0000,0.0000,0.0000,0.0000,0.0000,0.0000,0.0000,0.0000,0.0000,0.0000,0.0000,0.0000,0.0000,0.0000,0.0000,0.0000,0.0000,0.0000,0.0000,0.0000,0.0000,0.0000,0.0000,0.0000,0.0000,0.0000,0.0000,0.0000,0.0000,0.0000,0.0000,0.0000,0.0000,0.0000,0.0000,0.0000,0.0000,0.0000,0.0000,0.0000,0.0000,0.0000,0.0000,0.0000,0.0000,0.0000,0.0000,0.0000,0.0000,0.0000,0.0000,0.0000,0.0000,0.0000
45124.0833333,0.0000,0.0000,0.0000,0.0000,0.0000,0.0000,0.0000,0.0000,0.0000,0.0000,0.0000,0.0000,0.0000,0.0000,0.0000,0.0000,0.0000,0.0000,0.0000,0.0000,0.0000,0.0000,0.0000,0.0000,0.0000,0.0000,0.0000,0.0000,0.0000,0.0000,0.0000,0.0000,0.0000,0.0000,0.0000,0.0000,0.0000,0.0000,0.0000,0.0000,0.0000,0.0000,0.0000,0.0000,0.0000,0.0000,0.0000,0.0000,0.0000,0.0000,0.0000,0.0000,0.0000,0.0000,0.0000,0.0000,0.0000,0.0000,0.0000,0.0000,0.0000,0.0000,0.0000,0.0000,0.0000,0.0000,0.0000,0.0000,0.0000,0.0000,0.0000,0.0000,0.0000,0.0000,0.0000,0.0000,0.0000,0.0000,0.0000,0.0000,0.0000,0.0000,0.0000,0.0000,0.0000,0.0000,0.0000,0.0000,0.0000,0.0000,0.0000,0.0000,0.0000,0.0000,0.0000,0.0000,0.0000,0.0000,0.0000,0.0000,0.0000,0.0000,0.0000,0.0000,0.0000,0.0000,0.0000,0.0000,0.0000,0.0000,0.0000,0.0000,0.0000,0.0000,0.0000,0.0000,0.0000,0.0000,0.0000,0.0000,0.0000,0.0000,0.0000,0.0000,0.0000,0.0000,0.0000,0.0000,0.0000,0.0000,0.0000,0.0000,0.0000,0.0000,0.0000,0.0000,0.0000,0.0000,0.0000,0.0000,0.0000,0.0000,0.0000,0.0000,0.0000,0.0000,0.0000,0.0000,0.0000,0.0000,0.0000,0.0000,0.0000,0.0000,0.0000,0.0000,0.0000,0.0000,0.0000,0.0000,0.0000,0.0000,0.0000,0.0000,0.0000,0.0000,0.0000,0.0000,0.0000,0.0000,0.0000,0.0000,0.0000,0.0000,0.0000,0.0000,0.0000,0.0000,0.0000,0.0000,0.0000,0.0000,0.0000,0.0000,0.0000,0.0000,0.0000,0.0000,0.0000,0.0000,0.0000,0.0000,0.0000,0.0000,0.0000,0.0000,0.0000,0.0000,0.0000,0.0000,0.0000,0.0000,0.0000,0.0000,0.0000,0.0000,0.0000,0.0000,0.0000,0.0000,0.0000,0.0000,0.0000,0.0000,0.0000,0.0000,0.0000,0.0000,0.0000,0.0000,0.0000,0.0000,0.0000,0.0000,0.0000,0.0000,0.0000,0.0000,0.0000,0.0000,0.0000,0.0000,0.0000,0.0000,0.0000,0.0000
45124.1250000,0.0000,0.0000,0.0000,0.0000,0.0000,0.0000,0.0000,0.0000,0.0000,0.0000,0.0000,0.0000,0.0000,0.0000,0.0000,0.0000,0.0000,0.0000,0.0000,0.0000,0.0000,0.0000,0.0000,0.0000,0.0000,0.0000,0.0000,0.0000,0.0000,0.0000,0.0000,0.0000,0.0000,0.0000,0.0000,0.0000,0.0000,0.0000,0.0000,0.0000,0.0000,0.0000,0.0000,0.0000,0.0000,0.0000,0.0000,0.0000,0.0000,0.0000,0.0000,0.0000,0.0000,0.0000,0.0000,0.0000,0.0000,0.0000,0.0000,0.0000,0.0000,0.0000,0.0000,0.0000,0.0000,0.0000,0.0000,0.0000,0.0000,0.0000,0.0000,0.0000,0.0000,0.0000,0.0000,0.0000,0.0000,0.0000,0.0000,0.0000,0.0000,0.0000,0.0000,0.0000,0.0000,0.0000,0.0000,0.0000,0.0000,0.0000,0.0000,0.0000,0.0000,0.0000,0.0000,0.0000,0.0000,0.0000,0.0000,0.0000,0.0000,0.0000,0.0000,0.0000,0.0000,0.0000,0.0000,0.0000,0.0000,0.0000,0.0000,0.0000,0.0000,0.0000,0.0000,0.0000,0.0000,0.0000,0.0000,0.0000,0.0000,0.0000,0.0000,0.0000,0.0000,0.0000,0.0000,0.0000,0.0000,0.0000,0.0000,0.0000,0.0000,0.0000,0.0000,0.0000,0.0000,0.0000,0.0000,0.0000,0.0000,0.0000,0.0000,0.0000,0.0000,0.0000,0.0000,0.0000,0.0000,0.0000,0.0000,0.0000,0.0000,0.0000,0.0000,0.0000,0.0000,0.0000,0.0000,0.0000,0.0000,0.0000,0.0000,0.0000,0.0000,0.0000,0.0000,0.0000,0.0000,0.0000,0.0000,0.0000,0.0000,0.0000,0.0000,0.0000,0.0000,0.0000,0.0000,0.0000,0.0000,0.0000,0.0000,0.0000,0.0000,0.0000,0.0000,0.0000,0.0000,0.0000,0.0000,0.0000,0.0000,0.0000,0.0000,0.0000,0.0000,0.0000,0.0000,0.0000,0.0000,0.0000,0.0000,0.0000,0.0000,0.0000,0.0000,0.0000,0.0000,0.0000,0.0000,0.0000,0.0000,0.0000,0.0000,0.0000,0.0000,0.0000,0.0000,0.0000,0.0000,0.0000,0.0000,0.0000,0.0000,0.0000,0.0000,0.0000,0.0000,0.0000,0.0000,0.0000,0.0000,0.0000,0.0000,0.0000
45124.1666667,0.0000,0.0000,0.0000,0.0000,0.0000,0.0000,0.0000,0.0000,0.0000,0.0000,0.0000,0.0000,0.0000,0.0000,0.0000,0.0000,0.0000,0.0000,0.0000,0.0000,0.0000,0.0000,0.0000,0.0000,0.0000,0.0000,0.0000,0.0000,0.0000,0.0000,0.0000,0.0000,0.0000,0.0000,0.0000,0.0000,0.0000,0.0000,0.0000,0.0000,0.0000,0.0000,0.0000,0.0000,0.0000,0.0000,0.0000,0.0000,0.0000,0.0000,0.0000,0.0000,0.0000,0.0000,0.0000,0.0000,0.0000,0.0000,0.0000,0.0000,0.0000,0.0000,0.0000,0.0000,0.0000,0.0000,0.0000,0.0000,0.0000,0.0000,0.0000,0.0000,0.0000,0.0000,0.0000,0.0000,0.0000,0.0000,0.0000,0.0000,0.0000,0.0000,0.0000,0.0000,0.0000,0.0000,0.0000,0.0000,0.0000,0.0000,0.0000,0.0000,0.0000,0.0000,0.0000,0.0000,0.0000,0.0000,0.0000,0.0000,0.0000,0.0000,0.0000,0.0000,0.0000,0.0000,0.0000,0.0000,0.0000,0.0000,0.0000,0.0000,0.0000,0.0000,0.0000,0.0000,0.0000,0.0000,0.0000,0.0000,0.0000,0.0000,0.0000,0.0000,0.0000,0.0000,0.0000,0.0000,0.0000,0.0000,0.0000,0.0000,0.0000,0.0000,0.0000,0.0000,0.0000,0.0000,0.0000,0.0000,0.0000,0.0000,0.0000,0.0000,0.0000,0.0000,0.0000,0.0000,0.0000,0.0000,0.0000,0.0000,0.0000,0.0000,0.0000,0.0000,0.0000,0.0000,0.0000,0.0000,0.0000,0.0000,0.0000,0.0000,0.0000,0.0000,0.0000,0.0000,0.0000,0.0000,0.0000,0.0000,0.0000,0.0000,0.0000,0.0000,0.0000,0.0000,0.0000,0.0000,0.0000,0.0000,0.0000,0.0000,0.0000,0.0000,0.0000,0.0000,0.0000,0.0000,0.0000,0.0000,0.0000,0.0000,0.0000,0.0000,0.0000,0.0000,0.0000,0.0000,0.0000,0.0000,0.0000,0.0000,0.0000,0.0000,0.0000,0.0000,0.0000,0.0000,0.0000,0.0000,0.0000,0.0000,0.0000,0.0000,0.0000,0.0000,0.0000,0.0000,0.0000,0.0000,0.0000,0.0000,0.0000,0.0000,0.0000,0.0000,0.0000,0.0000,0.0000,0.0000,0.0000,0.0000,0.0000,0.0000
45124.2083333,0.0000,0.0000,0.0000,0.0000,0.0000,0.0000,0.0000,0.0000,0.0000,0.0000,0.0000,0.0000,0.0000,0.0000,0.0000,0.0000,0.0000,0.0000,0.0000,0.0000,0.0000,0.0000,0.0000,0.0000,0.0000,0.0000,0.0000,0.0000,0.0000,0.0000,0.0000,0.0000,0.0000,0.0000,0.0000,0.0000,0.0000,0.0000,0.0000,0.0000,0.0000,0.0000,0.0000,0.0000,0.0000,0.0000,0.0000,0.0000,0.0000,0.0000,0.0000,0.0000,0.0000,0.0000,0.0000,0.0000,0.0000,0.0000,0.0000,0.0000,0.0000,0.0000,0.0000,0.0000,0.0000,0.0000,0.0000,0.0000,0.0000,0.0000,0.0000,0.0000,0.0000,0.0000,0.0000,0.0000,0.0000,0.0000,0.0000,0.0000,0.0000,0.0000,0.0000,0.0000,0.0000,0.0000,0.0000,0.0000,0.0000,0.0000,0.0000,0.0000,0.0000,0.0000,0.0000,0.0000,0.0000,0.0000,0.0000,0.0000,0.0000,0.0000,0.0000,0.0000,0.0000,0.0000,0.0000,0.0000,0.0000,0.0000,0.0000,0.0000,0.0000,0.0000,0.0000,0.0000,0.0000,0.0000,0.0000,0.0000,0.0000,0.0000,0.0000,0.0000,0.0000,0.0000,0.0000,0.0000,0.0000,0.0000,0.0000,0.0000,0.0000,0.0000,0.0000,0.0000,0.0000,0.0000,0.0000,0.0000,0.0000,0.0000,0.0000,0.0000,0.0000,0.0000,0.0000,0.0000,0.0000,0.0000,0.0000,0.0000,0.0000,0.0000,0.0000,0.0000,0.0000,0.0000,0.0000,0.0000,0.0000,0.0000,0.0000,0.0000,0.0000,0.0000,0.0000,0.0000,0.0000,0.0000,0.0000,0.0000,0.0000,0.0000,0.0000,0.0000,0.0000,0.0000,0.0000,0.0000,0.0000,0.0000,0.0000,0.0000,0.0000,0.0000,0.0000,0.0000,0.0000,0.0000,0.0000,0.0000,0.0000,0.0000,0.0000,0.0000,0.0000,0.0000,0.0000,0.0000,0.0000,0.0000,0.0000,0.0000,0.0000,0.0000,0.0000,0.0000,0.0000,0.0000,0.0000,0.0000,0.0000,0.0000,0.0000,0.0000,0.0000,0.0000,0.0000,0.0000,0.0000,0.0000,0.0000,0.0000,0.0000,0.0000,0.0000,0.0000,0.0000,0.0000,0.0000,0.0000,0.0000,0.0000,0.0000,0.0000
45124.2500000,0.3153,0.7238,0.9649,0.9222,1.6003,1.2369,1.1108,0.5510,1.0884,1.1314,1.0225,0.9197,0.6000,0.8749,0.7971,0.8190,1.0565,0.9743,0.7055,0.4956,1.1533,0.4797,0.4570,0.7508,0.7932,1.6351,0.7608,0.2826,0.9477,0.3104,0.6050,0.4016,0.5204,0.8057,0.7875,0.6757,1.0658,1.0945,0.3866,1.4377,1.2589,1.3241,0.7643,1.0227,2.1578,1.0601,0.8252,0.9159,0.5062,0.7006,1.0728,0.9959,1.1337,1.2263,0.4726,0.4736,0.5709,0.8829,1.5716,1.2074,1.2631,0.9572,0.4215,0.3799,0.5844,0.5105,0.8337,0.8026,-0.2936,0.1366,0.7258,0.7097,0.5876,0.1473,0.7794,1.0347,0.8362,0.9973,0.6952,1.1053,2.3421,2.0514,1.4760,1.1707,0.9314,0.9627,1.5021,1.1232,1.3084,1.1226,1.2323,1.5560,1.7364,1.2747,0.6299,0.8393,1.0117,1.5484,1.2048,1.0221,1.1245,1.3205,0.9695,1.0288,1.5113,1.9320,1.5897,1.5072,0.7249,1.3976,0.8122,0.3526,1.0513,0.8791,1.0401,0.8853,0.6678,1.1825,0.9636,0.9906,0.1929,0.9428,0.5279,0.8839,0.7415,0.9642,1.0123,1.3992,0.8485,0.2994,0.5579,0.4992,0.5653,0.6739,0.9870,0.6731,0.6740,0.9832,0.6996,0.5803,0.3714,0.8830,0.6187,0.7080,0.9806,0.2476,0.4101,1.2586,0.8050,0.6080,0.5672,0.1922,0.3590,0.2522,0.5822,1.1478,1.3159,1.2272,1.1305,0.6674,1.7109,1.2801,1.2926,1.6140,1.9223,1.2014,1.4423,0.8872,0.7935,0.6987,0.1691,0.4106,0.4621,0.9103,0.8853,1.2090,0.8307,0.9082,0.7548,1.7815,1.4606,1.0919,0.9702,1.2236,0.9672,1.2740,1.1618,1.1709,1.1799,1.1889,1.1980,1.2032,1.2122,1.2214,1.2307,1.2401,1.2495,1.2592,1.2690,1.2789,1.2891,1.2994,1.3099,1.3206,1.3315,1.3426,1.3540,1.3655,1.3773,1.3893,1.4015,1.4140,1.4267,1.4397,1.4529,1.4664,1.4801,1.4941,1.5084,1.5229,1.5376,1.5526,1.5679,1.5834,1.5991,1.6151,1.6313,1.6477,1.6642,1.6810,1.6979,1.7150,1.7322,1.7495,1.7542,1.7721
45124.2916667,1.2596,2.8919,3.8552,3.6847,6.3949,5.0133,4.4393,2.2023,4.4026,4.5443,4.1090,3.6947,2.4266,3.5140,3.1859,3.2735,4.2408,3.9102,2.8197,1.9808,4.6099,1.9177,1.8270,3.2395,3.2803,6.6324,3.0534,1.1300,3.8327,1.2687,2.4226,1.6381,2.8021,3.6136,3.1497,2.7025,4.3161,4.4528,1.7727,5.8094,5.0358,5.3201,3.0580,4.0917,8.6340,4.2419,3.3020,3.6651,2.0254,2.8037,4.4288,4.1030,4.8451,4.9640,1.8920,1.8957,2.2860,3.5910,6.3093,4.8905,5.1140,3.8424,1.6889,1.5225,3.1774,2.0481,3.3482,3.2264,-1.1541,0.5696,2.9311,2.9111,2.4391,0.6097,3.2256,4.2176,3.4091,4.0739,2.9410,4.4393,9.5263,8.3266,6.0029,5.9332,3.7443,3.8728,6.0364,4.5145,5.2561,4.5129,4.9494,6.2469,6.9718,5.1182,2.5317,3.3706,4.0619,6.2134,4.8397,4.2295,4.5465,5.2995,3.8900,4.4297,6.2114,10.4056,8.5646,8.4079,3.6220,7.3191,3.9531,1.4178,4.3061,3.5266,4.2862,3.8138,2.7028,4.7731,3.9144,4.0186,0.7757,4.0190,2.1345,3.5477,2.9760,4.0796,4.0966,5.6656,3.4058,1.2072,2.2639,2.0529,2.4387,4.2368,4.0252,2.8884,2.7089,4.7201,4.0441,2.3294,1.4910,3.6106,2.4837,2.8422,3.9361,0.9944,1.6465,5.0517,3.2849,2.4687,2.3018,0.7721,1.4435,1.0564,2.3776,4.6295,5.3348,4.9265,4.5386,2.6797,6.8683,5.1392,5.8374,6.5173,7.8461,4.9049,5.9222,3.5943,3.2713,2.9503,0.6816,2.0801,1.8611,3.6914,3.5887,5.6062,3.3971,3.6900,3.0691,7.2298,5.9312,4.4112,3.9633,4.9814,3.9102,5.1462,4.6834,4.7211,4.7584,4.7958,4.8339,4.8564,4.8944,4.9331,4.9997,5.0109,5.0512,5.0923,5.1343,5.1773,5.2213,5.2664,5.3126,5.3622,5.4113,5.4618,5.5139,5.5675,5.6229,5.6802,5.7394,5.8008,6.0373,5.9140,5.9803,6.0492,6.1208,6.1952,6.2726,6.3534,6.4377,6.3575,6.6496,6.7503,6.8563,6.9681,7.0861,7.2108,7.3430,7.4833,7.6324,8.8377,8.9063,8.9754,8.9937,9.0650
45124.3333333,2.2481,5.1615,7.1087,6.5770,11.4151,9.2656,7.9248,3.9313,8.7683,8.5601,7.7102,6.9937,4.5577,6.5248,5.6875,6.0115,17.4761,7.3298,7.1475,3.6463,9.1515,3.6224,3.2619,8.3697,7.0048,11.8934,5.7495,2.0178,7.5525,2.7916,5.4536,3.9676,13.5240,10.8932,6.7179,4.8707,7.8477,10.1710,3.8458,11.5358,8.9944,9.9810,5.4622,7.3089,16.5675,8.6048,5.8985,6.5471,3.6182,6.1952,10.6450,9.7911,18.7660,10.0709,3.6219,5.2750,5.3672,7.5398,12.5926,9.1712,12.8117,7.3179,3.0174,2.7202,8.4360,3.6606,15.3791,7.7114,-4.2001,1.0323,6.0314,5.7205,5.9916,1.1227,6.2623,8.8115,6.2894,7.6886,5.6568,9.4019,17.9731,16.9730,11.2966,14.2787,6.7220,7.7672,11.4265,8.1089,9.4350,8.1113,8.8856,11.2095,15.1442,13.2106,5.1921,6.4049,7.6767,11.9700,9.0366,10.7137,8.1647,11.6472,7.3764,17.9227,14.2939,27.8772,23.0393,23.3257,9.3377,19.2320,9.8558,3.0661,8.6092,6.5234,9.8727,15.5180,4.9869,8.5611,7.9066,7.8502,1.3940,15.0520,3.8584,7.1945,5.6468,7.9124,8.1594,11.0096,7.0225,2.2530,4.5335,4.7598,10.1535,13.1061,7.3238,5.7326,4.9739,15.8825,11.7889,4.2764,2.6699,6.6396,4.4984,5.3245,7.5159,1.7811,3.3677,9.2845,6.2438,5.2351,4.1078,1.3863,2.6163,2.0362,4.6638,8.6495,10.7857,8.9633,9.0618,4.9869,27.6138,10.0155,12.2291,11.7101,17.6670,10.3538,10.9754,9.1535,7.6879,10.2010,1.2422,5.6096,3.4677,8.6784,7.0738,18.8504,6.2453,7.4437,5.7238,14.2599,11.9677,8.2662,7.0556,9.0353,6.9959,9.6795,8.8429,8.9384,9.9332,9.1193,9.2185,9.2917,9.3944,9.5004,9.6096,9.7216,9.8370,9.9563,10.0797,10.2074,10.3398,10.4769,10.6191,10.7666,10.9197,10.2087,11.3008,11.4777,11.6618,11.8536,12.0534,12.2618,12.4791,12.7059,12.9426,13.1896,13.4477,13.7173,13.9991,14.2937,14.6017,14.9238,15.2608,15.6134,21.9472,22.0594,22.1731,22.2882,22.4047,22.5225,22.6415,22.7614,22.8823,23.0040,23.0347,23.1602
45124.3750000,2.6894,6.1751,9.0795,7.8692,26.2269,14.1300,9.4829,10.5912,17.5754,13.0267,11.6260,10.7184,6.9528,9.8420,7.6485,8.3514,34.7617,10.8348,24.8591,5.4304,20.7306,5.4641,3.9040,13.2444,9.1490,24.8642,9.1237,2.4155,14.4371,8.6716,8.2865,14.6734,29.8761,31.7251,35.3149,29.4379,15.1665,12.8935,5.5908,22.3272,11.5939,14.7435,6.5405,9.8630,23.4850,16.3283,9.3700,7.8403,5.7076,7.7500,39.8547,35.3714,37.2225,20.1490,5.7609,22.1042,6.0975,16.8223,22.7972,13.7751,41.4657,11.2238,3.6137,3.2578,15.1251,4.3853,31.5961,30.2580,-17.7482,1.2747,12.3764,7.2253,20.1480,1.4553,12.8797,18.6861,9.0383,20.2006,7.8621,13.7278,37.8960,32.6915,16.8630,45.3207,8.0765,9.9211,13.8750,9.7490,11.3402,39.6558,23.1437,22.1500,30.8906,46.1523,10.7135,9.3608,11.4538,18.5762,13.4151,37.9312,10.8152,45.0306,11.0348,36.2197,46.8063,52.4947,43.7267,45.1573,17.9524,36.1216,18.4251,9.4982,10.9927,9.3488,35.2656,31.5819,7.1691,12.9241,16.4307,14.6480,1.7225,29.8995,4.9043,13.9510,8.0704,10.9165,15.3120,21.4283,14.1699,3.3809,9.0634,16.9908,21.2571,27.5050,14.8021,6.9126,6.9150,31.5269,24.0541,5.6706,3.7165,9.4152,10.8125,7.7492,12.8662,2.4277,6.9483,17.7289,14.8713,6.6381,8.9362,1.7317,3.1803,4.4344,5.9070,12.7309,21.0169,10.8125,17.2735,7.1368,53.7031,17.0638,26.5858,15.4062,24.5900,26.1414,17.8006,30.9807,23.8283,20.1651,1.7974,11.5109,4.7659,25.6958,12.9121,36.7351,9.7406,14.5750,8.4507,25.9428,23.3891,12.1382,9.1259,12.5412,9.7952,14.2172,11.0437,13.2581,13.4710,13.6898,13.9157,14.1142,14.3523,14.5984,14.8527,15.1147,15.3855,15.6657,15.9557,16.2559,16.5668,16.8888,17.2223,17.5679,17.9260,18.2972,18.6819,19.0808,19.4944,19.9234,20.3682,20.8296,21.3082,21.8047,22.3198,22.8542,39.8614,39.9805,40.1017,40.2250,40.3504,40.4779,40.6073,40.7388,40.8721,41.0073,41.1443,41.2828,41.4230,41.5645,41.7074,41.8513,41.9962,42.1420,42.1781,42.3282
45124.4166667,2.6590,6.1057,12.2509,14.3645,99.1933,20.6196,19.7944,9.0288,61.8562,18.7690,17.2750,15.9198,10.2402,14.5917,7.6808,13.0016,53.7663,15.3662,39.4154,5.2287,17.7984,10.9333,5.4655,14.1473,13.7898,77.1958,14.2111,10.6925,51.7389,12.0198,44.8002,20.2055,48.7326,50.1727,56.1954,47.1342,61.9456,22.3685,7.0374,70.0299,25.7799,19.9224,6.4725,8.9831,98.3602,50.3304,13.5395,13.1172,8.2082,16.2048,62.0731,55.1121,57.3870,65.4969,7.8362,33.0624,8.4520,63.0692,77.9548,19.5402,63.6491,16.3511,5.5386,5.7843,24.1582,4.3416,49.7856,47.7494,-25.2599,1.8397,39.9730,7.3106,28.8649,1.9812,11.0625,61.5863,13.0494,74.1686,12.2276,40.8186,115.3653,98.6445,23.7577,70.5296,8.0067,10.3524,13.5910,10.0127,79.5793,61.4814,76.3273,86.1732,87.7447,71.3804,41.4770,13.3112,16.4325,27.2359,18.7620,59.3020,17.8320,69.3419,15.6754,56.4356,71.1742,78.1839,65.6676,68.5026,28.0655,54.2480,28.3810,16.2631,13.1053,12.7707,54.8793,49.6800,8.7103,18.1338,56.9680,53.3119,2.4822,46.5648,7.5214,42.8816,7.6477,49.8580,44.7753,62.8794,44.7362,5.2722,32.6012,27.6870,34.3438,44.0311,61.8203,9.5013,9.2505,48.8856,38.1591,32.9859,4.9974,44.7155,35.9296,10.6417,50.5500,2.3669,24.3436,71.1093,52.6635,9.5720,35.2796,2.0188,4.2623,12.8043,7.7173,17.8541,63.5645,14.2006,61.2375,9.9649,81.3304,69.5539,68.4129,17.3007,53.6495,33.5547,31.1378,48.5033,37.2284,31.7189,3.7445,19.0674,6.4595,39.6333,36.9558,56.1518,11.0562,45.4989,11.8657,81.0061,69.3954,16.8145,55.9010,16.5454,13.0717,19.7557,18.1182,18.4751,18.8402,19.2152,19.6014,19.9647,20.3716,20.7908,21.2228,21.6670,22.1245,22.5963,23.0826,23.5840,24.1011,24.6344,25.1844,25.7518,26.3370,58.5890,58.6848,58.7825,58.8821,58.9836,59.0872,59.1927,59.3004,59.4101,59.5219,59.6359,59.7521,59.8704,59.9909,60.1135,60.2383,60.3652,60.4942,60.6252,60.7582,60.8931,61.0298,61.1682,61.3082,61.4497,61.5926,61.7366,61.8817,62.0276,62.0648,62.2151
45124.4583333,3.9986,10.0916,18.8207,50.0976,67.4840,23.0836,21.5111,10.3846,43.2172,46.0192,44.5231,17.5098,25.6104,36.4112,36.5190,14.8556,38.6029,17.5019,12.9470,7.3384,46.2017,13.1421,7.7521,11.2207,15.2884,55.9274,37.6026,8.4088,36.6259,8.1970,19.3270,7.6672,19.7426,18.3655,37.7190,31.9308,43.0813,42.7602,7.9283,50.4626,49.6240,23.1098,9.7124,14.4451,71.5795,36.7838,15.2221,20.9781,9.5063,10.5523,19.3942,38.8348,41.1825,21.8503,8.1549,13.6082,10.6023,42.1988,55.8266,45.9986,45.6156,18.0605,6.4766,6.7157,8.4217,11.4257,34.6685,33.3262,-6.0453,2.4980,13.4836,12.9252,11.0667,5.3428,14.0410,42.7452,34.0891,49.1922,13.7115,20.2240,82.3891,71.0254,56.8720,21.9964,11.9897,15.8076,56.4886,22.3730,54.6773,43.4405,52.3072,60.2631,62.5986,50.0111,12.1150,15.1830,18.6643,29.7392,21.5673,19.1108,41.5051,49.3167,37.0344,39.9361,51.8258,59.0574,49.5288,50.3637,22.2446,41.8374,23.1611,6.2698,40.4980,15.4337,39.2369,35.1723,11.3150,43.6485,39.7321,37.9967,3.2988,33.9887,22.6705,31.5274,19.9192,35.9269,33.5968,46.4911,32.2140,14.3869,23.2994,11.9497,8.2418,11.4862,13.8487,28.3871,27.4646,35.4977,12.5571,23.6332,19.0489,32.4083,25.5131,25.9592,36.3283,4.4560,17.5568,49.6440,14.0291,11.2168,9.8087,3.2643,5.6297,5.0274,10.1186,45.9399,46.0327,47.7302,19.6456,24.0501,58.8126,48.9557,23.3348,34.8735,43.0349,51.7367,52.3432,34.4210,27.5934,23.8569,3.1652,14.6964,7.9013,29.8497,28.2096,41.1786,13.6694,32.9902,13.6249,59.2317,25.0446,19.3783,17.3815,48.9538,17.9988,45.7701,41.2893,41.4062,41.5213,41.6366,41.7534,41.8204,41.9364,42.0540,42.1735,42.2933,42.4146,42.5379,42.6633,42.7909,42.9207,43.0528,43.1874,43.3244,43.4639,43.6061,43.7510,43.8987,44.0493,44.2028,44.3592,44.5187,44.6814,44.8471,45.0161,45.1883,45.3637,45.5424,45.7244,45.9097,46.0982,46.2899,46.4847,46.6827,46.8837,47.0876,47.2942,47.5036,47.7154,47.9295,48.1457,48.3638,48.5836,48.8047,48.8636,49.0916
45124.5000000,4.3193,15.6342,52.8829,60.7046,80.7958,63.9534,59.8594,12.5878,51.9316,55.2949,53.6618,47.2161,31.2104,43.9685,44.2482,40.6662,46.3193,43.8065,33.9723,26.2661,55.4778,11.6350,9.2624,15.5766,42.4973,66.5224,45.6493,5.5683,44.0944,7.5738,36.7193,10.1539,21.0401,41.9041,45.7418,38.8374,51.8073,51.3581,9.8605,60.1775,59.4853,58.5910,14.7187,16.3595,84.7751,44.0753,39.5955,48.2724,26.7053,14.0627,51.9486,46.7185,49.3436,55.4631,9.7639,12.1634,12.3522,51.0681,66.5169,55.1239,54.5469,47.4161,7.1689,8.1872,11.3412,18.6370,41.8983,40.3052,-16.8777,6.5088,34.5957,15.4869,13.5122,7.1257,16.7657,51.4292,41.1618,59.4322,16.7090,24.2752,97.6841,84.2627,67.9575,58.4659,15.5686,19.5249,67.4359,26.0029,65.5814,52.1142,62.8127,71.9774,74.5034,59.9078,34.8608,45.1363,50.4267,79.6448,57.7515,49.8762,49.7359,58.9711,44.5432,48.0000,61.7006,69.7908,58.7274,59.9160,26.8291,49.6505,27.8054,16.0077,48.6841,41.2662,47.1607,42.4599,13.3762,52.3244,47.9287,45.7479,9.6378,40.9246,27.8008,38.0236,47.6964,43.2983,40.3573,55.4852,38.9777,18.1025,28.5755,24.8500,11.4903,14.1309,51.3766,34.6251,33.4923,42.7884,33.3665,28.9580,23.7079,39.1728,31.1892,31.5704,43.7965,5.4631,21.7861,59.6263,16.6962,13.5523,11.7035,9.5407,16.1948,6.2469,12.0731,55.2326,55.0256,57.2777,51.9626,29.2158,69.9752,58.6688,58.0122,67.1589,83.8896,62.2302,62.5170,41.5314,33.3098,28.8919,8.8202,18.1693,23.6084,35.8486,33.8778,49.2092,16.0129,39.7114,34.8156,70.3177,60.0227,49.0586,47.0953,58.7405,51.0054,54.7284,49.4316,49.5577,49.6818,49.8061,49.9322,50.0043,50.1293,50.2562,50.3850,50.5142,50.6450,50.7780,50.9132,51.0508,51.1907,51.3331,51.4782,51.6259,51.7763,51.9296,52.0858,52.2451,52.4074,52.5728,52.7415,52.9134,53.0888,53.2675,53.4496,53.6353,53.8244,54.0171,54.2133,54.4131,54.6164,54.8231,55.0333,55.2468,55.4635,55.6835,55.9064,56.1322,56.3607,56.5917,56.8250,57.0603,57.2975,57.5361,57.5994,57.8455
45124.5416667,9.9285,71.6171,66.9089,77.5982,101.3911,80.4921,75.5874,47.3065,65.0588,69.3697,67.6858,59.5189,39.5385,55.3714,56.1084,51.2021,57.6797,54.6920,42.7523,33.3929,69.5132,13.6373,38.0621,17.4468,53.7783,82.0848,19.0152,4.6919,55.2012,9.1432,15.3042,7.9677,14.6561,52.9245,58.1566,49.4163,64.9968,64.2607,11.9473,74.4928,74.3967,72.8934,20.0712,24.4623,104.1327,54.6519,49.7369,60.9530,33.9324,17.5937,65.1536,58.4959,61.3752,69.1518,11.2556,14.1013,14.3735,21.0598,82.3679,68.7820,67.7472,59.6072,13.4861,10.0849,13.3149,51.0847,52.7726,50.7765,-20.8405,8.5192,43.4424,55.3252,52.4514,9.2809,19.4380,64.5735,51.7224,25.1332,19.7518,27.0899,120.5051,103.8536,84.6758,73.3746,20.0442,62.7133,83.8510,71.6863,82.2768,65.0681,78.9185,89.6944,92.2324,74.8162,44.2357,57.0428,63.3290,100.0253,72.2508,62.5398,61.8627,73.3401,55.6491,60.0109,76.1289,85.0067,71.7646,73.7552,33.0112,60.4873,33.9102,20.2584,60.8375,51.6913,58.8470,53.2674,15.2005,65.1125,21.6900,57.1926,12.4822,50.9488,35.2940,47.3407,19.6835,54.0604,49.8954,68.3930,48.8326,23.4075,12.9148,31.5339,13.1471,16.2965,64.8637,43.8662,15.4049,53.3892,42.0823,36.7334,30.6723,49.0378,39.5664,39.6678,54.7992,20.1922,27.9428,74.7447,19.2467,15.9893,38.5862,12.5373,20.6820,7.5452,13.9236,69.3565,68.2939,71.7248,65.0376,36.6811,86.4863,73.3211,72.3768,83.1454,104.1490,78.4522,77.7111,52.1438,41.5406,36.0460,11.5857,22.9862,30.0332,44.3523,41.8157,60.8698,46.7892,49.5270,43.6733,86.5032,74.1890,61.2021,59.1362,73.5749,64.3956,67.9519,61.3681,61.4933,61.6164,61.7400,61.8652,61.9364,62.0608,62.1870,62.3153,62.4439,62.5742,62.7067,62.8415,62.9787,63.1183,63.2605,63.4052,63.5527,63.7029,63.8560,64.0120,64.1711,64.3332,64.4986,64.6671,64.8390,65.0142,65.1928,65.3749,65.5605,65.7496,65.9422,66.1384,66.3381,66.5413,66.7480,66.9581,67.1716,67.3883,67.6082,67.8311,68.0569,68.2853,68.5163,68.7495,68.9848,69.2219,69.4605,69.5232,69.7692
45124.5833333,9.8913,89.9565,82.1461,21.6725,123.7539,98.3956,92.7093,15.8292,78.8903,84.3286,82.8027,72.6385,48.2141,67.4282,68.9112,62.2612,69.3100,65.8816,51.7916,40.7413,84.3767,14.5741,11.5876,65.9258,65.8463,97.9202,13.0274,3.7742,66.7292,9.8616,16.0357,11.6248,15.7025,31.6194,34.5950,60.8247,78.9549,77.7920,12.9517,89.1330,90.1680,87.7496,38.8820,86.9002,123.7653,65.2697,60.2777,74.5654,41.3887,69.6234,79.1173,70.7855,73.7084,83.4210,10.9511,15.2574,14.4963,14.3564,98.7022,83.0494,81.3125,72.5048,14.4471,11.2543,9.1489,12.7384,64.2308,61.7798,-26.1160,10.0220,52.5041,17.3729,14.7697,10.9401,72.2523,78.5106,62.7505,25.7597,21.1647,121.3827,144.1657,123.9651,102.2878,89.2945,93.5479,76.5089,101.0186,87.3645,100.2058,78.5739,96.2474,108.4221,110.6012,90.5178,15.1970,69.7911,76.9978,122.1889,87.5707,75.8794,74.2983,88.2510,67.1063,72.5078,90.7318,99.7503,84.4159,87.6092,38.6414,70.7046,39.2522,24.1768,73.4620,62.4508,70.8922,64.5038,52.6051,78.2749,22.0477,21.8168,14.9154,61.0478,43.0031,56.6474,75.7378,65.0500,59.2020,81.2245,58.8837,8.0668,44.1018,11.7222,9.2712,11.1944,79.2855,53.4820,51.4731,64.1007,50.9644,44.6585,38.0014,19.1483,14.6462,47.7488,66.0543,5.0171,7.9812,90.7304,19.8638,16.8848,47.2940,15.2001,24.9264,8.1786,50.0247,84.3744,81.8700,87.0037,78.7561,44.1612,103.4315,45.7109,87.4364,99.6276,125.4833,96.0919,93.5376,19.9637,49.7766,43.0999,14.1062,27.6316,36.6337,52.6945,49.4784,72.6417,56.4248,59.5448,52.7746,102.8938,88.6463,73.8205,71.8712,89.3714,78.8653,81.5735,73.5666,73.6694,73.7705,73.8720,73.9751,74.0320,74.1345,74.2388,74.3448,74.4512,74.5592,74.6692,74.7813,74.8954,75.0118,75.1304,75.2514,75.3747,75.5006,75.6289,75.7599,75.8936,76.0300,76.1692,76.3112,76.4562,76.6041,76.7550,76.9089,77.0659,77.2259,77.3890,77.5553,77.7245,77.8969,78.0722,78.2506,78.4318,78.6158,78.8026,78.9920,79.1839,79.3781,79.5744,79.7728,79.9728,80.1745,80.3774,80.4298,80.6391
45124.6250000,8.2707,21.6979,22.4650,18.7446,115.1728,29.6242,85.9960,13.6209,24.9879,78.0969,76.6754,67.1143,44.1497,62.2119,18.1671,57.3521,63.9581,60.7401,47.5048,12.3909,78.1390,12.4480,9.9476,60.8148,15.5835,90.8280,14.5401,3.0820,27.8743,8.4140,13.8503,6.9280,13.4636,23.7097,25.7176,56.0199,24.3877,24.7233,11.0922,30.4120,83.5797,27.4976,41.6553,80.5357,115.1008,60.1514,55.4827,68.9303,37.7336,28.4593,73.1957,65.3574,68.0910,77.2279,9.4193,8.6098,12.4627,16.8705,91.5740,76.8805,75.2358,66.9828,12.2660,9.4921,9.8108,12.5576,16.9726,56.9008,-25.7475,8.2355,16.0881,15.0366,12.7072,3.3488,20.6867,21.2370,57.8090,22.3867,18.1966,113.0083,134.2905,115.3018,33.1142,28.5146,86.8099,23.8377,93.7641,80.9562,93.0269,72.6743,89.3088,100.7312,102.7575,83.9046,13.1808,18.8908,23.2379,38.1108,27.6887,70.1508,68.6460,81.7622,61.8939,29.2256,84.0723,92.5070,78.1105,81.1312,35.1128,65.2213,35.6755,21.5409,23.8477,19.6618,65.4512,17.9595,15.9409,72.3859,19.2712,19.1218,4.0981,56.1921,10.9402,18.5778,70.0617,59.9616,54.4465,75.1382,54.1724,7.6357,9.0253,17.7214,7.8376,13.4094,73.3791,49.1184,47.2287,59.0840,15.7887,12.3180,17.1935,16.7950,12.7412,43.7423,60.9514,4.3115,6.9398,84.1698,17.2982,14.5845,12.1010,13.1991,22.3517,15.9253,15.1999,26.0642,75.8844,80.7332,72.9752,14.7951,96.1514,34.9068,81.1430,92.5874,116.8997,89.3124,86.8804,17.5113,45.7640,39.4963,12.2645,24.9611,33.4282,48.5032,45.4775,67.2477,52.0214,54.9483,17.0974,95.6586,82.2803,68.3630,21.5616,28.8425,23.0830,75.6346,68.1068,68.2003,68.2921,68.3841,68.4776,68.5279,68.6206,68.7149,68.8108,68.9070,69.0046,69.1040,69.2052,69.3085,69.4137,69.5210,69.6305,69.7423,69.8563,69.9727,70.0916,70.2130,70.3369,70.4635,70.5928,70.7248,70.8597,70.9973,71.1379,71.2813,71.4277,71.5770,71.7292,71.8844,72.0425,72.2035,72.3673,72.5339,72.7032,72.8752,73.0496,73.2264,73.4055,73.5867,73.7697,73.9545,74.1408,74.3285,74.3760,74.5697
45124.6666667,2.4456,8.7550,17.1025,13.7202,20.2735,22.6485,21.9683,7.7007,70.2150,20.8820,16.0081,17.7628,11.1506,16.4506,13.7129,15.2969,17.9201,16.8331,12.4831,9.0657,12.1163,5.6570,7.2807,12.0106,7.1594,86.8793,7.6077,2.1989,11.7347,3.8781,17.9397,7.6774,9.0601,18.5963,39.6655,15.8202,70.3641,69.1123,17.5262,23.3437,17.4355,20.9033,16.8017,20.8593,110.3369,56.9240,14.9840,66.6099,8.9930,15.3898,17.7750,62.5909,64.9479,20.5616,16.5610,8.5663,9.6465,13.2326,87.8843,21.3729,21.4023,18.0628,17.5355,14.4021,55.0064,15.7855,56.7433,54.4461,-6.8835,2.0319,9.5799,61.2793,9.2986,2.2436,15.9858,69.9955,15.3293,16.0991,36.6789,111.9164,129.6424,110.8635,25.5222,21.6962,85.1863,18.4426,90.3652,78.3689,90.3023,20.1258,19.2129,97.4463,98.9038,80.8937,9.7312,14.1248,17.7709,29.6889,21.4708,18.6016,19.4055,78.4858,16.9673,64.1204,80.2224,87.5002,73.7060,77.1661,31.9357,60.9402,32.1998,5.6318,12.5532,14.5856,17.3141,21.0367,8.7947,20.0629,14.3361,11.0212,2.8932,53.1697,8.0520,49.0633,26.6868,57.0305,51.0904,71.2973,51.4054,5.9362,5.7040,32.4111,11.8927,10.8529,70.9674,46.7705,44.7930,56.0479,44.2030,38.4564,8.3505,51.4487,9.3949,41.0319,16.7020,2.0125,11.7988,81.2644,8.7700,6.7513,8.9359,4.7346,5.8644,10.4317,43.8683,75.5262,72.4369,14.1938,18.8671,37.8079,92.1832,79.3921,78.0337,88.8218,113.0963,18.7025,83.4922,17.4172,42.9218,36.7313,2.4901,22.6104,8.8483,45.3971,42.3365,63.9027,49.3784,52.1564,13.0712,91.5088,78.7027,65.5080,64.0463,80.3029,18.6831,72.4451,64.9923,65.0578,65.1220,65.1863,65.2515,65.2855,65.3499,65.4153,65.4817,65.5482,65.6155,65.6841,65.7539,65.8249,65.8973,65.9710,66.0463,66.1230,66.2012,66.2811,66.3626,66.4459,66.5308,66.6177,66.7063,66.7969,66.8894,66.9839,67.0803,67.1789,67.2794,67.3821,67.4868,67.5936,67.7025,67.8134,67.9264,68.0414,68.1583,68.2771,68.3977,68.5200,68.6440,68.7695,68.8965,69.0247,69.1540,69.2844,69.3144,69.4492
45124.7083333,3.1259,7.6704,11.4078,9.1455,17.7477,15.9123,14.8014,6.7890,22.2128,14.6530,12.2364,12.1255,7.7165,11.3904,15.0493,10.6276,13.2145,12.2658,8.9178,5.0146,12.1008,5.3907,5.4300,7.9301,7.8745,47.0092,9.8484,2.8061,10.4636,4.3083,7.3800,5.7417,7.2740,9.8620,11.9970,7.6893,18.7094,35.8044,10.8281,17.7181,14.4393,14.0513,10.5910,13.8319,60.5468,30.3331,10.5894,33.5519,5.5694,9.7321,11.4573,16.6757,34.2714,13.1347,5.6010,8.4013,9.3163,11.3324,19.5157,15.4103,15.8477,12.5231,7.5793,9.8939,8.5124,10.3112,28.7830,16.7302,-4.3563,1.5723,8.4073,11.8988,6.7269,1.7469,10.5752,15.0630,10.8747,13.1848,11.2780,54.3491,37.5357,33.0829,18.7660,15.3017,41.7102,12.7598,47.7428,40.0674,46.4239,14.5198,14.8881,51.1416,28.6103,18.5020,7.6041,10.4541,12.9025,20.5534,15.5091,13.2756,14.3392,41.4424,12.3734,20.1486,16.6510,49.3488,41.1545,42.0831,17.4809,34.4001,18.1858,4.3092,11.9294,10.9363,12.9871,15.8229,6.9658,12.8586,11.3511,11.2796,2.8940,28.0314,6.3076,25.8779,17.6780,29.8293,27.6085,38.8528,26.6452,3.8436,5.8646,16.1648,9.2652,8.8207,35.9585,23.4829,22.6423,29.5382,22.5622,9.5321,5.7123,10.4805,7.3972,21.2636,12.3888,2.5548,4.2169,17.3923,10.7047,6.5215,6.8618,3.1814,4.4338,3.8129,21.6368,17.5900,15.1916,12.5605,11.9848,19.6146,49.8949,19.0278,25.6720,47.8064,60.2732,13.9309,44.3770,16.8307,22.6568,19.3752,2.8455,11.3921,6.0949,16.1714,23.0450,34.4492,25.6952,27.4078,9.5953,50.1151,42.4850,34.3656,32.9255,41.5897,12.8526,38.5624,34.6207,34.7115,34.8009,34.8904,34.9810,35.0321,35.1219,35.2129,35.3053,35.3978,35.4915,35.5866,35.6834,35.7817,35.8817,35.9835,36.0870,36.1924,36.2998,36.4092,36.5206,36.6341,36.7498,36.8677,36.9878,37.1103,37.2352,37.3625,37.4922,37.6243,37.7590,37.8961,38.0358,38.1780,38.3226,38.4698,38.6193,38.7713,38.9255,39.0820,39.2407,39.4014,39.5640,39.7284,39.8944,40.0619,40.2306,40.4004,40.4426,40.6178
45124.7500000,2.2853,5.4797,7.2292,6.6855,11.8134,9.5268,8.6523,4.5780,8.3712,8.7562,7.8463,7.1332,4.3512,6.7698,6.1913,6.3349,8.0843,7.4428,5.2886,3.6872,8.8689,3.6921,3.3151,5.4642,5.7546,12.3422,5.5207,2.0504,7.0331,2.7489,5.3415,2.9145,4.6689,6.8961,8.0047,5.5333,7.8638,16.1535,3.1927,10.9774,9.1383,10.0068,6.0295,7.9433,28.7838,7.9802,6.3646,8.0169,3.7402,5.5445,8.1533,8.0809,15.7728,9.2798,3.4336,4.9332,4.4565,7.5144,12.2275,9.3175,9.7047,7.4354,4.8824,2.7633,4.8043,3.7179,12.7368,9.6257,-2.3518,1.0592,5.3945,5.3051,4.3742,1.1646,5.7392,7.6150,6.1776,8.6880,5.5903,11.3741,18.9656,16.6736,11.3947,9.1842,8.3336,7.5117,12.7591,9.7586,13.5985,8.7868,10.4308,14.3224,13.7716,9.9864,4.7789,7.1617,7.8563,12.1255,9.4531,7.9916,8.3873,19.0370,7.3980,12.0233,11.3984,24.1101,19.9625,19.9594,8.4584,16.8918,9.0452,2.7382,7.9497,6.8069,8.0488,9.0515,4.9895,9.0495,7.2779,7.7082,1.5048,7.2788,4.0158,7.2490,9.1861,7.4543,7.6756,18.4319,7.0754,2.4601,4.4292,3.7661,4.6434,6.1327,15.8342,10.3165,10.0312,13.6097,10.1041,4.7557,3.4925,7.1897,4.7226,9.6921,7.3601,1.8636,3.0610,9.2546,6.0155,5.1858,4.3460,1.5473,2.8072,2.0144,6.0876,8.9154,9.7338,9.3734,8.3682,5.6297,23.4442,10.3042,12.7633,13.5399,16.3058,9.2652,20.5012,8.0420,6.8579,9.0091,1.3414,3.4353,3.6454,8.4527,7.3215,16.1866,11.7021,12.5948,5.8869,14.8414,19.9349,9.1816,9.8385,10.6037,7.6093,10.9159,10.0032,10.1536,10.3077,10.4669,10.6324,10.7747,10.9512,11.1349,11.3263,11.5250,11.7319,11.9479,16.8644,16.9379,17.0126,17.0887,17.1661,17.2449,17.3251,17.4068,17.4901,17.5749,17.6613,17.7493,17.8390,17.9305,18.0236,18.1186,18.2153,18.3139,18.4142,18.5164,18.6205,18.7263,18.8340,18.9435,19.0547,19.1677,19.2824,19.3987,19.5165,19.6358,19.7565,19.8785,20.0016,20.1257,20.2508,20.3766,20.4091,20.5387
45124.7916667,1.5617,3.8365,4.8750,4.5685,7.9293,6.2448,5.5515,3.0498,5.6156,5.6521,5.0791,4.5852,2.9734,4.3356,3.9502,4.0897,5.2684,4.8343,3.5109,2.5098,6.0077,2.3778,2.2654,3.7220,3.9324,8.1846,3.7725,1.4011,4.7850,1.5392,3.5013,1.9916,2.5810,3.9957,3.9057,3.3512,5.2862,5.4287,2.0409,7.1760,6.2446,6.5917,3.8193,5.1023,11.4055,5.3051,4.1248,4.6489,2.5329,3.4906,5.3479,5.0346,5.9352,6.1405,2.3463,2.6536,2.8349,4.3838,7.9980,5.9963,6.2742,4.7559,2.0946,1.8883,3.0285,2.5406,7.2405,5.8107,-1.4266,0.7228,3.6965,3.6424,2.9544,0.7952,3.9217,5.2035,4.2213,5.0053,3.4917,5.5349,11.7257,10.2841,7.4459,5.9355,4.6799,4.8695,7.6164,5.6515,6.7075,5.6795,6.9427,7.9378,8.8463,6.4150,3.2749,4.2387,5.1314,7.8240,6.1181,5.1927,5.6993,11.0344,4.8879,5.4938,7.9391,14.3797,7.9854,7.5642,3.6834,7.0331,5.4211,1.8175,5.3976,4.4547,5.2655,5.7108,3.4357,5.9757,4.9106,5.2201,1.0131,4.7639,2.6826,4.5015,3.7280,5.2144,5.1353,7.0405,4.3254,1.6391,2.9851,2.6208,3.2164,3.9984,4.9625,3.4011,5.7007,7.8930,5.7734,2.9599,1.8876,4.8145,3.1798,5.5851,4.9556,1.2734,2.0916,6.3237,4.1407,3.1223,2.8732,1.0086,1.8557,1.3854,3.4429,5.9359,6.6282,6.3747,5.7533,3.4330,9.3561,6.4823,8.1469,8.2363,9.7775,6.2917,7.5053,5.2402,4.6547,5.2390,0.8914,2.1280,2.3671,4.9301,4.5182,9.4781,4.3910,4.7927,3.8480,9.0986,11.6711,5.5838,5.0552,6.2788,4.9158,6.5469,5.9862,6.0453,6.1050,6.1663,6.2297,6.2752,6.3247,6.3912,6.4603,6.5317,6.6060,6.6835,6.7647,6.8497,6.9389,7.0327,7.1314,7.2239,7.3317,7.4456,7.5660,7.6934,7.8286,7.9720,8.1246,8.2869,8.4599,10.7663,10.8329,10.9009,10.9701,11.0405,11.1122,11.1852,11.2595,11.3350,11.4117,11.4896,11.5687,11.6489,11.7302,11.8125,11.8958,11.9799,12.0648,12.1505,12.2368,12.3236,12.3465,12.4359
45124.8333333,0.4278,0.9822,1.3094,1.2514,2.1717,1.6785,1.5075,0.7478,1.4770,1.5355,1.3958,1.2481,0.8143,1.1874,1.0818,1.1115,1.4338,1.3222,0.9574,0.6726,1.5652,0.6511,0.6203,1.0190,1.0766,2.2193,1.0327,0.3835,1.2864,0.4213,0.8213,0.5451,0.7064,1.0936,1.0690,0.9172,1.4467,1.4857,0.5248,1.9515,1.7089,1.7975,1.0376,1.3883,2.9294,1.4392,1.1210,1.2445,0.6872,0.9521,1.4565,1.3522,1.5393,1.6661,0.6418,0.6431,0.7755,1.1992,2.1347,1.6403,1.7164,1.3010,0.5730,0.5166,0.7951,0.6947,1.1359,1.0949,-0.3878,0.1982,1.0003,0.9749,0.8079,0.2174,1.0723,1.4228,1.1542,1.3686,0.9547,1.5131,3.2049,2.8109,2.0258,1.6089,1.2789,1.3259,2.0624,1.5444,1.7964,1.5468,1.6928,2.1351,2.3829,1.7529,0.8734,1.1582,1.3944,2.1269,1.6591,1.4094,1.5519,1.8175,1.3327,1.4130,2.0716,2.6471,2.1815,2.0663,1.0062,1.9212,1.1279,0.4950,1.4458,1.2095,1.4298,1.2177,0.9208,1.6231,1.3232,1.3616,0.2764,1.2982,0.7305,1.2814,1.0194,1.3265,1.3952,1.9210,1.1691,0.4184,0.7723,0.6931,0.7818,0.9285,1.3547,0.9285,0.9304,1.3535,0.9661,0.8031,0.5153,1.2220,0.8583,0.9794,1.3496,0.3476,0.5709,1.7259,1.1068,0.8366,0.7841,0.2752,0.5045,0.3511,0.8044,1.5752,1.8072,1.7145,1.5522,0.9310,2.3437,1.7553,1.8851,2.2144,2.6331,1.7769,1.9769,1.2209,1.0962,0.9681,0.2430,0.5742,0.6416,1.2574,1.2250,1.6634,1.1468,1.2531,1.0435,2.4435,2.0063,1.5028,1.3357,1.6802,1.3299,1.7521,1.6001,1.6129,1.6254,1.6379,1.6507,1.6580,1.6706,1.6835,1.6965,1.7095,1.7227,1.7361,1.7497,1.7636,1.7777,1.7921,1.8067,1.8215,1.8367,1.8521,1.8678,1.8839,1.9002,1.9168,1.9338,1.9511,1.9687,1.9866,2.0049,2.0236,2.0425,2.0619,2.0816,2.1016,2.1220,2.1427,2.1638,2.1852,2.2069,2.2289,2.2512,2.2738,2.2967,2.3198,2.3431,2.3667,2.3904,2.4143,2.4207,2.4453
45124.8750000,0.0000,0.0000,0.0000,0.0000,0.0000,0.0000,0.0000,0.0000,0.0000,0.0000,0.0000,0.0000,0.0000,0.0000,0.0000,0.0000,0.0000,0.0000,0.0000,0.0000,0.0000,0.0000,0.0000,0.0000,0.0000,0.0000,0.0000,0.0000,0.0000,0.0000,0.0000,0.0000,0.0000,0.0000,0.0000,0.0000,0.0000,0.0000,0.0000,0.0000,0.0000,0.0000,0.0000,0.0000,0.0000,0.0000,0.0000,0.0000,0.0000,0.0000,0.0000,0.0000,0.0000,0.0000,0.0000,0.0000,0.0000,0.0000,0.0000,0.0000,0.0000,0.0000,0.0000,0.0000,0.0000,0.0000,0.0000,0.0000,0.0000,0.0000,0.0000,0.0000,0.0000,0.0000,0.0000,0.0000,0.0000,0.0000,0.0000,0.0000,0.0000,0.0000,0.0000,0.0000,0.0000,0.0000,0.0000,0.0000,0.0000,0.0000,0.0000,0.0000,0.0000,0.0000,0.0000,0.0000,0.0000,0.0000,0.0000,0.0000,0.0000,0.0000,0.0000,0.0000,0.0000,0.0000,0.0000,0.0000,0.0000,0.0000,0.0000,0.0000,0.0000,0.0000,0.0000,0.0000,0.0000,0.0000,0.0000,0.0000,0.0000,0.0000,0.0000,0.0000,0.0000,0.0000,0.0000,0.0000,0.0000,0.0000,0.0000,0.0000,0.0000,0.0000,0.0000,0.0000,0.0000,0.0000,0.0000,0.0000,0.0000,0.0000,0.0000,0.0000,0.0000,0.0000,0.0000,0.0000,0.0000,0.0000,0.0000,0.0000,0.0000,0.0000,0.0000,0.0000,0.0000,0.0000,0.0000,0.0000,0.0000,0.0000,0.0000,0.0000,0.0000,0.0000,0.0000,0.0000,0.0000,0.0000,0.0000,0.0000,0.0000,0.0000,0.0000,0.0000,0.0000,0.0000,0.0000,0.0000,0.0000,0.0000,0.0000,0.0000,0.0000,0.0000,0.0000,0.0000,0.0000,0.0000,0.0000,0.0000,0.0000,0.0000,0.0000,0.0000,0.0000,0.0000,0.0000,0.0000,0.0000,0.0000,0.0000,0.0000,0.0000,0.0000,0.0000,0.0000,0.0000,0.0000,0.0000,0.0000,0.0000,0.0000,0.0000,0.0000,0.0000,0.0000,0.0000,0.0000,0.0000,0.0000,0.0000,0.0000,0.0000,0.0000,0.0000,0.0000,0.0000,0.0000,0.0000,0.0000,0.0000,0.0000,0.0000,0.0000
45124.9166667,0.0000,0.0000,0.0000,0.0000,0.0000,0.0000,0.0000,0.0000,0.0000,0.0000,0.0000,0.0000,0.0000,0.0000,0.0000,0.0000,0.0000,0.0000,0.0000,0.0000,0.0000,0.0000,0.0000,0.0000,0.0000,0.0000,0.0000,0.0000,0.0000,0.0000,0.0000,0.0000,0.0000,0.0000,0.0000,0.0000,0.0000,0.0000,0.0000,0.0000,0.0000,0.0000,0.0000,0.0000,0.0000,0.0000,0.0000,0.0000,0.0000,0.0000,0.0000,0.0000,0.0000,0.0000,0.0000,0.0000,0.0000,0.0000,0.0000,0.0000,0.0000,0.0000,0.0000,0.0000,0.0000,0.0000,0.0000,0.0000,0.0000,0.0000,0.0000,0.0000,0.0000,0.0000,0.0000,0.0000,0.0000,0.0000,0.0000,0.0000,0.0000,0.0000,0.0000,0.0000,0.0000,0.0000,0.0000,0.0000,0.0000,0.0000,0.0000,0.0000,0.0000,0.0000,0.0000,0.0000,0.0000,0.0000,0.0000,0.0000,0.0000,0.0000,0.0000,0.0000,0.0000,0.0000,0.0000,0.0000,0.0000,0.0000,0.0000,0.0000,0.0000,0.0000,0.0000,0.0000,0.0000,0.0000,0.0000,0.0000,0.0000,0.0000,0.0000,0.0000,0.0000,0.0000,0.0000,0.0000,0.0000,0.0000,0.0000,0.0000,0.0000,0.0000,0.0000,0.0000,0.0000,0.0000,0.0000,0.0000,0.0000,0.0000,0.0000,0.0000,0.0000,0.0000,0.0000,0.0000,0.0000,0.0000,0.0000,0.0000,0.0000,0.0000,0.0000,0.0000,0.0000,0.0000,0.0000,0.0000,0.0000,0.0000,0.0000,0.0000,0.0000,0.0000,0.0000,0.0000,0.0000,0.0000,0.0000,0.0000,0.0000,0.0000,0.0000,0.0000,0.0000,0.0000,0.0000,0.0000,0.0000,0.0000,0.0000,0.0000,0.0000,0.0000,0.0000,0.0000,0.0000,0.0000,0.0000,0.0000,0.0000,0.0000,0.0000,0.0000,0.0000,0.0000,0.0000,0.0000,0.0000,0.0000,0.0000,0.0000,0.0000,0.0000,0.0000,0.0000,0.0000,0.0000,0.0000,0.0000,0.0000,0.0000,0.0000,0.0000,0.0000,0.0000,0.0000,0.0000,0.0000,0.0000,0.0000,0.0000,0.0000,0.0000,0.0000,0.0000,0.0000,0.0000,0.0000,0.0000,0.0000,0.0000,0.0000,0.0000
45124.9583333,0.0000,0.0000,0.0000,0.0000,0.0000,0.0000,0.0000,0.0000,0.0000,0.0000,0.0000,0.0000,0.0000,0.0000,0.0000,0.0000,0.0000,0.0000,0.0000,0.0000,0.0000,0.0000,0.0000,0.0000,0.0000,0.0000,0.0000,0.0000,0.0000,0.0000,0.0000,0.0000,0.0000,0.0000,0.0000,0.0000,0.0000,0.0000,0.0000,0.0000,0.0000,0.0000,0.0000,0.0000,0.0000,0.0000,0.0000,0.0000,0.0000,0.0000,0.0000,0.0000,0.0000,0.0000,0.0000,0.0000,0.0000,0.0000,0.0000,0.0000,0.0000,0.0000,0.0000,0.0000,0.0000,0.0000,0.0000,0.0000,0.0000,0.0000,0.0000,0.0000,0.0000,0.0000,0.0000,0.0000,0.0000,0.0000,0.0000,0.0000,0.0000,0.0000,0.0000,0.0000,0.0000,0.0000,0.0000,0.0000,0.0000,0.0000,0.0000,0.0000,0.0000,0.0000,0.0000,0.0000,0.0000,0.0000,0.0000,0.0000,0.0000,0.0000,0.0000,0.0000,0.0000,0.0000,0.0000,0.0000,0.0000,0.0000,0.0000,0.0000,0.0000,0.0000,0.0000,0.0000,0.0000,0.0000,0.0000,0.0000,0.0000,0.0000,0.0000,0.0000,0.0000,0.0000,0.0000,0.0000,0.0000,0.0000,0.0000,0.0000,0.0000,0.0000,0.0000,0.0000,0.0000,0.0000,0.0000,0.0000,0.0000,0.0000,0.0000,0.0000,0.0000,0.0000,0.0000,0.0000,0.0000,0.0000,0.0000,0.0000,0.0000,0.0000,0.0000,0.0000,0.0000,0.0000,0.0000,0.0000,0.0000,0.0000,0.0000,0.0000,0.0000,0.0000,0.0000,0.0000,0.0000,0.0000,0.0000,0.0000,0.0000,0.0000,0.0000,0.0000,0.0000,0.0000,0.0000,0.0000,0.0000,0.0000,0.0000,0.0000,0.0000,0.0000,0.0000,0.0000,0.0000,0.0000,0.0000,0.0000,0.0000,0.0000,0.0000,0.0000,0.0000,0.0000,0.0000,0.0000,0.0000,0.0000,0.0000,0.0000,0.0000,0.0000,0.0000,0.0000,0.0000,0.0000,0.0000,0.0000,0.0000,0.0000,0.0000,0.0000,0.0000,0.0000,0.0000,0.0000,0.0000,0.0000,0.0000,0.0000,0.0000,0.0000,0.0000,0.0000,0.0000,0.0000,0.0000,0.0000,0.0000,0.0000,0.0000,0.0000
45125.0000000,0.0000,0.0000,0.0000,0.0000,0.0000,0.0000,0.0000,0.0000,0.0000,0.0000,0.0000,0.0000,0.0000,0.0000,0.0000,0.0000,0.0000,0.0000,0.0000,0.0000,0.0000,0.0000,0.0000,0.0000,0.0000,0.0000,0.0000,0.0000,0.0000,0.0000,0.0000,0.0000,0.0000,0.0000,0.0000,0.0000,0.0000,0.0000,0.0000,0.0000,0.0000,0.0000,0.0000,0.0000,0.0000,0.0000,0.0000,0.0000,0.0000,0.0000,0.0000,0.0000,0.0000,0.0000,0.0000,0.0000,0.0000,0.0000,0.0000,0.0000,0.0000,0.0000,0.0000,0.0000,0.0000,0.0000,0.0000,0.0000,0.0000,0.0000,0.0000,0.0000,0.0000,0.0000,0.0000,0.0000,0.0000,0.0000,0.0000,0.0000,0.0000,0.0000,0.0000,0.0000,0.0000,0.0000,0.0000,0.0000,0.0000,0.0000,0.0000,0.0000,0.0000,0.0000,0.0000,0.0000,0.0000,0.0000,0.0000,0.0000,0.0000,0.0000,0.0000,0.0000,0.0000,0.0000,0.0000,0.0000,0.0000,0.0000,0.0000,0.0000,0.0000,0.0000,0.0000,0.0000,0.0000,0.0000,0.0000,0.0000,0.0000,0.0000,0.0000,0.0000,0.0000,0.0000,0.0000,0.0000,0.0000,0.0000,0.0000,0.0000,0.0000,0.0000,0.0000,0.0000,0.0000,0.0000,0.0000,0.0000,0.0000,0.0000,0.0000,0.0000,0.0000,0.0000,0.0000,0.0000,0.0000,0.0000,0.0000,0.0000,0.0000,0.0000,0.0000,0.0000,0.0000,0.0000,0.0000,0.0000,0.0000,0.0000,0.0000,0.0000,0.0000,0.0000,0.0000,0.0000,0.0000,0.0000,0.0000,0.0000,0.0000,0.0000,0.0000,0.0000,0.0000,0.0000,0.0000,0.0000,0.0000,0.0000,0.0000,0.0000,0.0000,0.0000,0.0000,0.0000,0.0000,0.0000,0.0000,0.0000,0.0000,0.0000,0.0000,0.0000,0.0000,0.0000,0.0000,0.0000,0.0000,0.0000,0.0000,0.0000,0.0000,0.0000,0.0000,0.0000,0.0000,0.0000,0.0000,0.0000,0.0000,0.0000,0.0000,0.0000,0.0000,0.0000,0.0000,0.0000,0.0000,0.0000,0.0000,0.0000,0.0000,0.0000,0.0000,0.0000,0.0000,0.0000,0.0000,0.0000,0.0000,0.0000,0.0000,0.0000
45125.0416667,0.0000,0.0000,0.0000,0.0000,0.0000,0.0000,0.0000,0.0000,0.0000,0.0000,0.0000,0.0000,0.0000,0.0000,0.0000,0.0000,0.0000,0.0000,0.0000,0.0000,0.0000,0.0000,0.0000,0.0000,0.0000,0.0000,0.0000,0.0000,0.0000,0.0000,0.0000,0.0000,0.0000,0.0000,0.0000,0.0000,0.0000,0.0000,0.0000,0.0000,0.0000,0.0000,0.0000,0.0000,0.0000,0.0000,0.0000,0.0000,0.0000,0.0000,0.0000,0.0000,0.0000,0.0000,0.0000,0.0000,0.0000,0.0000,0.0000,0.0000,0.0000,0.0000,0.0000,0.0000,0.0000,0.0000,0.0000,0.0000,0.0000,0.0000,0.0000,0.0000,0.0000,0.0000,0.0000,0.0000,0.0000,0.0000,0.0000,0.0000,0.0000,0.0000,0.0000,0.0000,0.0000,0.0000,0.0000,0.0000,0.0000,0.0000,0.0000,0.0000,0.0000,0.0000,0.0000,0.0000,0.0000,0.0000,0.0000,0.0000,0.0000,0.0000,0.0000,0.0000,0.0000,0.0000,0.0000,0.0000,0.0000,0.0000,0.0000,0.0000,0.0000,0.0000,0.0000,0.0000,0.0000,0.0000,0.0000,0.0000,0.0000,0.0000,0.0000,0.0000,0.0000,0.0000,0.0000,0.0000,0.0000,0.0000,0.0000,0.0000,0.0000,0.0000,0.0000,0.0000,0.0000,0.0000,0.0000,0.0000,0.0000,0.0000,0.0000,0.0000,0.0000,0.0000,0.0000,0.0000,0.0000,0.0000,0.0000,0.0000,0.0000,0.0000,0.0000,0.0000,0.0000,0.0000,0.0000,0.0000,0.0000,0.0000,0.0000,0.0000,0.0000,0.0000,0.0000,0.0000,0.0000,0.0000,0.0000,0.0000,0.0000,0.0000,0.0000,0.0000,0.0000,0.0000,0.0000,0.0000,0.0000,0.0000,0.0000,0.0000,0.0000,0.0000,0.0000,0.0000,0.0000,0.0000,0.0000,0.0000,0.0000,0.0000,0.0000,0.0000,0.0000,0.0000,0.0000,0.0000,0.0000,0.0000,0.0000,0.0000,0.0000,0.0000,0.0000,0.0000,0.0000,0.0000,0.0000,0.0000,0.0000,0.0000,0.0000,0.0000,0.0000,0.0000,0.0000,0.0000,0.0000,0.0000,0.0000,0.0000,0.0000,0.0000,0.0000,0.0000,0.0000,0.0000,0.0000,0.0000,0.0000,0.0000,0.0000,0.0000
45125.0833333,0.0000,0.0000,0.0000,0.0000,0.0000,0.0000,0.0000,0.0000,0.0000,0.0000,0.0000,0.0000,0.0000,0.0000,0.0000,0.0000,0.0000,0.0000,0.0000,0.0000,0.0000,0.0000,0.0000,0.0000,0.0000,0.0000,0.0000,0.0000,0.0000,0.0000,0.0000,0.0000,0.0000,0.0000,0.0000,0.0000,0.0000,0.0000,0.0000,0.0000,0.0000,0.0000,0.0000,0.0000,0.0000,0.0000,0.0000,0.0000,0.0000,0.0000,0.0000,0.0000,0.0000,0.0000,0.0000,0.0000,0.0000,0.0000,0.0000,0.0000,0.0000,0.0000,0.0000,0.0000,0.0000,0.0000,0.0000,0.0000,0.0000,0.0000,0.0000,0.0000,0.0000,0.0000,0.0000,0.0000,0.0000,0.0000,0.0000,0.0000,0.0000,0.0000,0.0000,0.0000,0.0000,0.0000,0.0000,0.0000,0.0000,0.0000,0.0000,0.0000,0.0000,0.0000,0.0000,0.0000,0.0000,0.0000,0.0000,0.0000,0.0000,0.0000,0.0000,0.0000,0.0000,0.0000,0.0000,0.0000,0.0000,0.0000,0.0000,0.0000,0.0000,0.0000,0.0000,0.0000,0.0000,0.0000,0.0000,0.0000,0.0000,0.0000,0.0000,0.0000,0.0000,0.0000,0.0000,0.0000,0.0000,0.0000,0.0000,0.0000,0.0000,0.0000,0.0000,0.0000,0.0000,0.0000,0.0000,0.0000,0.0000,0.0000,0.0000,0.0000,0.0000,0.0000,0.0000,0.0000,0.0000,0.0000,0.0000,0.0000,0.0000,0.0000,0.0000,0.0000,0.0000,0.0000,0.0000,0.0000,0.0000,0.0000,0.0000,0.0000,0.0000,0.0000,0.0000,0.0000,0.0000,0.0000,0.0000,0.0000,0.0000,0.0000,0.0000,0.0000,0.0000,0.0000,0.0000,0.0000,0.0000,0.0000,0.0000,0.0000,0.0000,0.0000,0.0000,0.0000,0.0000,0.0000,0.0000,0.0000,0.0000,0.0000,0.0000,0.0000,0.0000,0.0000,0.0000,0.0000,0.0000,0.0000,0.0000,0.0000,0.0000,0.0000,0.0000,0.0000,0.0000,0.0000,0.0000,0.0000,0.0000,0.0000,0.0000,0.0000,0.0000,0.0000,0.0000,0.0000,0.0000,0.0000,0.0000,0.0000,0.0000,0.0000,0.0000,0.0000,0.0000,0.0000,0.0000,0.0000,0.0000,0.0000,0.0000,0.0000
45125.1250000,0.0000,0.0000,0.0000,0.0000,0.0000,0.0000,0.0000,0.0000,0.0000,0.0000,0.0000,0.0000,0.0000,0.0000,0.0000,0.0000,0.0000,0.0000,0.0000,0.0000,0.0000,0.0000,0.0000,0.0000,0.0000,0.0000,0.0000,0.0000,0.0000,0.0000,0.0000,0.0000,0.0000,0.0000,0.0000,0.0000,0.0000,0.0000,0.0000,0.0000,0.0000,0.0000,0.0000,0.0000,0.0000,0.0000,0.0000,0.0000,0.0000,0.0000,0.0000,0.0000,0.0000,0.0000,0.0000,0.0000,0.0000,0.0000,0.0000,0.0000,0.0000,0.0000,0.0000,0.0000,0.0000,0.0000,0.0000,0.0000,0.0000,0.0000,0.0000,0.0000,0.0000,0.0000,0.0000,0.0000,0.0000,0.0000,0.0000,0.0000,0.0000,0.0000,0.0000,0.0000,0.0000,0.0000,0.0000,0.0000,0.0000,0.0000,0.0000,0.0000,0.0000,0.0000,0.0000,0.0000,0.0000,0.0000,0.0000,0.0000,0.0000,0.0000,0.0000,0.0000,0.0000,0.0000,0.0000,0.0000,0.0000,0.0000,0.0000,0.0000,0.0000,0.0000,0.0000,0.0000,0.0000,0.0000,0.0000,0.0000,0.0000,0.0000,0.0000,0.0000,0.0000,0.0000,0.0000,0.0000,0.0000,0.0000,0.0000,0.0000,0.0000,0.0000,0.0000,0.0000,0.0000,0.0000,0.0000,0.0000,0.0000,0.0000,0.0000,0.0000,0.0000,0.0000,0.0000,0.0000,0.0000,0.0000,0.0000,0.0000,0.0000,0.0000,0.0000,0.0000,0.0000,0.0000,0.0000,0.0000,0.0000,0.0000,0.0000,0.0000,0.0000,0.0000,0.0000,0.0000,0.0000,0.0000,0.0000,0.0000,0.0000,0.0000,0.0000,0.0000,0.0000,0.0000,0.0000,0.0000,0.0000,0.0000,0.0000,0.0000,0.0000,0.0000,0.0000,0.0000,0.0000,0.0000,0.0000,0.0000,0.0000,0.0000,0.0000,0.0000,0.0000,0.0000,0.0000,0.0000,0.0000,0.0000,0.0000,0.0000,0.0000,0.0000,0.0000,0.0000,0.0000,0.0000,0.0000,0.0000,0.0000,0.0000,0.0000,0.0000,0.0000,0.0000,0.0000,0.0000,0.0000,0.0000,0.0000,0.0000,0.0000,0.0000,0.0000,0.0000,0.0000,0.0000,0.0000,0.0000,0.0000,0.0000,0.0000,0.0000
45125.1666667,0.0000,0.0000,0.0000,0.0000,0.0000,0.0000,0.0000,0.0000,0.0000,0.0000,0.0000,0.0000,0.0000,0.0000,0.0000,0.0000,0.0000,0.0000,0.0000,0.0000,0.0000,0.0000,0.0000,0.0000,0.0000,0.0000,0.0000,0.0000,0.0000,0.0000,0.0000,0.0000,0.0000,0.0000,0.0000,0.0000,0.0000,0.0000,0.0000,0.0000,0.0000,0.0000,0.0000,0.0000,0.0000,0.0000,0.0000,0.0000,0.0000,0.0000,0.0000,0.0000,0.0000,0.0000,0.0000,0.0000,0.0000,0.0000,0.0000,0.0000,0.0000,0.0000,0.0000,0.0000,0.0000,0.0000,0.0000,0.0000,0.0000,0.0000,0.0000,0.0000,0.0000,0.0000,0.0000,0.0000,0.0000,0.0000,0.0000,0.0000,0.0000,0.0000,0.0000,0.0000,0.0000,0.0000,0.0000,0.0000,0.0000,0.0000,0.0000,0.0000,0.0000,0.0000,0.0000,0.0000,0.0000,0.0000,0.0000,0.0000,0.0000,0.0000,0.0000,0.0000,0.0000,0.0000,0.0000,0.0000,0.0000,0.0000,0.0000,0.0000,0.0000,0.0000,0.0000,0.0000,0.0000,0.0000,0.0000,0.0000,0.0000,0.0000,0.0000,0.0000,0.0000,0.0000,0.0000,0.0000,0.0000,0.0000,0.0000,0.0000,0.0000,0.0000,0.0000,0.0000,0.0000,0.0000,0.0000,0.0000,0.0000,0.0000,0.0000,0.0000,0.0000,0.0000,0.0000,0.0000,0.0000,0.0000,0.0000,0.0000,0.0000,0.0000,0.0000,0.0000,0.0000,0.0000,0.0000,0.0000,0.0000,0.0000,0.0000,0.0000,0.0000,0.0000,0.0000,0.0000,0.0000,0.0000,0.0000,0.0000,0.0000,0.0000,0.0000,0.0000,0.0000,0.0000,0.0000,0.0000,0.0000,0.0000,0.0000,0.0000,0.0000,0.0000,0.0000,0.0000,0.0000,0.0000,0.0000,0.0000,0.0000,0.0000,0.0000,0.0000,0.0000,0.0000,0.0000,0.0000,0.0000,0.0000,0.0000,0.0000,0.0000,0.0000,0.0000,0.0000,0.0000,0.0000,0.0000,0.0000,0.0000,0.0000,0.0000,0.0000,0.0000,0.0000,0.0000,0.0000,0.0000,0.0000,0.0000,0.0000,0.0000,0.0000,0.0000,0.0000,0.0000,0.0000,0.0000,0.0000,0.0000,0.0000,0.0000,0.0000
45125.2083333,0.0000,0.0000,0.0000,0.0000,0.0000,0.0000,0.0000,0.0000,0.0000,0.0000,0.0000,0.0000,0.0000,0.0000,0.0000,0.0000,0.0000,0.0000,0.0000,0.0000,0.0000,0.0000,0.0000,0.0000,0.0000,0.0000,0.0000,0.0000,0.0000,0.0000,0.0000,0.0000,0.0000,0.0000,0.0000,0.0000,0.0000,0.0000,0.0000,0.0000,0.0000,0.0000,0.0000,0.0000,0.0000,0.0000,0.0000,0.0000,0.0000,0.0000,0.0000,0.0000,0.0000,0.0000,0.0000,0.0000,0.0000,0.0000,0.0000,0.0000,0.0000,0.0000,0.0000,0.0000,0.0000,0.0000,0.0000,0.0000,0.0000,0.0000,0.0000,0.0000,0.0000,0.0000,0.0000,0.0000,0.0000,0.0000,0.0000,0.0000,0.0000,0.0000,0.0000,0.0000,0.0000,0.0000,0.0000,0.0000,0.0000,0.0000,0.0000,0.0000,0.0000,0.0000,0.0000,0.0000,0.0000,0.0000,0.0000,0.0000,0.0000,0.0000,0.0000,0.0000,0.0000,0.0000,0.0000,0.0000,0.0000,0.0000,0.0000,0.0000,0.0000,0.0000,0.0000,0.0000,0.0000,0.0000,0.0000,0.0000,0.0000,0.0000,0.0000,0.0000,0.0000,0.0000,0.0000,0.0000,0.0000,0.0000,0.0000,0.0000,0.0000,0.0000,0.0000,0.0000,0.0000,0.0000,0.0000,0.0000,0.0000,0.0000,0.0000,0.0000,0.0000,0.0000,0.0000,0.0000,0.0000,0.0000,0.0000,0.0000,0.0000,0.0000,0.0000,0.0000,0.0000,0.0000,0.0000,0.0000,0.0000,0.0000,0.0000,0.0000,0.0000,0.0000,0.0000,0.0000,0.0000,0.0000,0.0000,0.0000,0.0000,0.0000,0.0000,0.0000,0.0000,0.0000,0.0000,0.0000,0.0000,0.0000,0.0000,0.0000,0.0000,0.0000,0.0000,0.0000,0.0000,0.0000,0.0000,0.0000,0.0000,0.0000,0.0000,0.0000,0.0000,0.0000,0.0000,0.0000,0.0000,0.0000,0.0000,0.0000,0.0000,0.0000,0.0000,0.0000,0.0000,0.0000,0.0000,0.0000,0.0000,0.0000,0.0000,0.0000,0.0000,0.0000,0.0000,0.0000,0.0000,0.0000,0.0000,0.0000,0.0000,0.0000,0.0000,0.0000,0.0000,0.0000,0.0000,0.0000,0.0000,0.0000,0.0000,0.0000
45125.2500000,0.2738,0.6269,0.8369,0.7982,1.3827,1.0709,0.9621,0.4799,0.9446,0.9812,0.8867,0.7989,0.5249,0.7608,0.6927,0.7130,0.9186,0.8476,0.6163,0.4349,1.0000,0.4171,0.3996,0.6528,0.6897,1.4159,0.6606,0.2472,0.8241,0.2722,0.5267,0.3488,0.4524,0.7005,0.6836,0.5879,0.9244,0.9495,0.3369,1.2458,1.0904,1.1474,0.6624,0.8858,1.8644,0.9221,0.7183,0.7948,0.4435,0.6084,0.9304,0.8649,0.9842,1.0630,0.4128,0.4110,0.4961,0.7653,1.3601,1.0466,1.0954,0.8310,0.3659,0.3296,0.5083,0.4435,0.7252,0.6988,-0.2390,0.1298,0.6359,0.6183,0.5123,0.1403,0.6792,0.9008,0.7311,0.8657,0.6039,0.9565,2.0255,1.7768,1.2808,1.0176,0.8086,0.8387,1.3038,0.9765,1.1355,0.9782,1.0700,1.3493,1.5058,1.1079,0.5526,0.7323,0.8815,1.3407,1.0477,0.8909,0.9810,1.1485,0.8458,0.8964,1.3130,1.6772,1.3832,1.3100,0.6419,1.2196,0.7195,0.3174,0.9156,0.7679,0.9064,0.7728,0.5851,1.0290,0.8390,0.8636,0.1786,0.8240,0.4646,0.7736,0.6448,0.8414,0.8855,1.2172,0.7418,0.2670,0.4909,0.4411,0.4967,0.5890,0.8580,0.5892,0.5906,0.8583,0.6133,0.5103,0.3277,0.7720,0.5431,0.6220,0.8555,0.2220,0.3634,1.0924,0.7013,0.5302,0.4978,0.1770,0.3221,0.2234,0.5104,0.9971,1.1442,1.0658,0.9832,0.5872,1.4831,1.1113,1.1221,1.3993,1.6623,1.0413,1.2511,0.7739,0.6957,0.6149,0.1562,0.3664,0.4080,0.7976,0.7771,1.0531,0.7267,0.7937,0.6612,1.5448,1.2688,0.9507,0.8450,1.0622,0.8409,1.1079,1.0120,1.0200,1.0279,1.0357,1.0437,1.0483,1.0562,1.0643,1.0724,1.0806,1.0889,1.0973,1.1059,1.1146,1.1235,1.1325,1.1417,1.1511,1.1606,1.1703,1.1802,1.1903,1.2006,1.2111,1.2218,1.2327,1.2438,1.2552,1.2667,1.2785,1.2905,1.3027,1.3151,1.3278,1.3406,1.3537,1.3670,1.3806,1.3943,1.4082,1.4223,1.4366,1.4511,1.4657,1.4805,1.4954,1.5104,1.5255,1.5296,1.5451
45125.2916667,1.2636,2.8931,3.8627,3.6843,6.3828,5.0136,4.4416,2.2153,4.4136,4.5524,4.1163,3.7074,2.4523,3.5299,3.1982,3.2920,4.2569,3.9298,2.8454,2.0080,4.6174,1.9262,1.8452,3.2527,3.2948,6.6344,3.0627,1.1421,3.8498,1.2854,2.4455,1.6436,2.8108,3.6283,3.1586,2.7164,4.3247,4.4627,1.7844,5.8156,5.0391,5.3261,3.0618,4.0949,8.6188,4.2626,3.3206,3.6744,2.0506,2.8127,4.4370,4.1164,4.8584,4.9708,1.9091,1.9008,2.2948,3.5956,6.3328,4.8969,5.2033,3.8642,1.6932,1.5258,3.1876,2.0551,3.3622,3.2419,-1.0910,0.6154,2.9582,2.9236,2.4509,0.6612,3.2404,4.2337,3.4350,4.0793,2.9462,4.4339,9.5087,8.3228,6.0105,5.9428,3.7507,3.8919,6.0467,4.5292,5.2648,4.5369,4.9606,6.2538,6.9801,5.1358,2.5628,3.3949,4.0860,6.2138,4.8568,4.2566,4.5476,5.3232,3.9200,4.4570,6.2331,10.4197,7.2967,8.4299,3.7163,7.3737,4.0572,1.4828,4.3328,3.5589,4.3156,3.8457,2.7360,4.7987,3.9377,4.0476,0.8290,4.0582,2.1707,3.5875,2.9899,4.1126,4.1404,5.6948,3.4403,1.2437,2.3016,2.0962,2.4762,4.2756,4.0433,2.9218,2.7427,4.7592,4.0984,2.3666,1.5198,3.6476,2.5190,2.8852,3.9678,1.0297,1.6859,5.0670,3.3071,2.4878,2.3346,0.8214,1.4966,1.0820,2.4089,4.6480,5.3604,4.9446,4.5614,2.7249,6.8806,5.1560,5.8530,6.5295,8.0294,4.9130,5.9362,3.6714,3.3145,3.2257,0.7272,2.1620,1.9003,3.7800,3.6380,5.6376,3.4319,3.7242,3.1045,7.2414,5.9507,4.4361,3.9860,4.9947,3.9266,5.1684,4.7107,4.7487,4.7863,4.8240,4.8623,4.8850,4.9234,4.9624,5.0302,5.0408,5.0814,5.1229,5.1652,5.2085,5.2529,5.2983,5.3449,5.3659,5.4443,5.4952,5.5476,5.6016,5.6574,5.7151,5.7747,5.8365,6.0774,5.9506,6.0174,6.0867,6.1587,6.2335,6.3114,6.3926,6.4774,6.3982,6.6901,6.7914,6.8980,7.0104,7.1290,7.2545,7.3875,7.5287,7.6788,8.8957,8.9650,9.0348,9.0535,9.1255
45125.3333333,2.2622,5.1796,7.1403,6.5967,11.4287,9.2777,7.9533,3.9669,8.7778,8.5834,7.7317,7.0233,4.6110,6.5637,5.7270,6.0612,17.3946,7.3755,7.1579,3.7039,9.1544,3.6419,3.3047,8.3708,7.0318,11.9209,5.7723,2.0458,7.5790,2.8174,5.4806,3.9498,13.4121,10.8693,6.7087,4.9073,7.8729,10.1766,3.8643,11.5339,9.0279,10.0032,5.4858,7.3369,16.5651,7.6377,5.9499,6.5839,3.6743,6.2106,10.5782,9.7478,18.6473,10.0652,3.6573,5.2306,5.3794,7.5245,12.5757,9.1916,12.7248,7.3431,3.0344,2.7345,8.4107,3.6842,15.2894,7.6890,-3.9396,1.1148,6.0699,5.7452,5.9643,1.2115,6.2767,8.8077,6.3347,7.6902,5.6646,9.3789,17.9345,16.9112,11.3049,14.0763,6.7439,7.7982,10.8716,8.1458,9.4651,8.1628,8.9185,11.2399,15.0796,13.1127,5.2334,6.4438,7.7161,11.9610,9.0731,10.6648,8.2951,11.6207,7.4310,17.8447,14.2367,27.7042,22.9529,23.1991,9.5307,19.2460,10.0761,3.1975,8.6649,6.5917,9.8722,15.5053,5.0545,8.6265,7.9374,7.8998,1.4934,15.0803,3.9319,7.2655,5.6833,7.9816,8.2382,11.0602,7.0804,2.3252,4.6042,4.8379,10.2384,13.1112,7.3678,5.7998,5.0452,15.8880,11.8585,4.5328,2.7287,6.7214,4.5716,5.4122,7.5785,1.8491,3.4478,9.3234,6.2870,5.2747,4.2119,1.4789,2.7198,1.9598,4.7313,8.6936,10.8185,9.0164,9.0966,5.0796,27.3965,10.0460,12.1747,11.7626,17.6246,10.3332,11.0091,9.1495,7.7435,10.3322,1.3362,5.8215,3.5415,8.7345,7.1681,18.8060,6.3169,7.5015,5.7961,14.2670,11.9856,8.3212,7.1131,9.0759,7.0431,9.7295,8.9025,8.9980,9.0942,9.1789,9.2781,9.3508,9.4535,9.5592,9.6682,9.7799,9.8951,10.0141,10.1372,10.2646,10.3965,10.5332,10.6750,10.8220,10.9747,10.2770,11.3538,11.5300,11.7134,11.9045,12.1036,12.3112,12.5277,12.7536,12.9894,13.2356,13.4927,13.7613,14.0420,14.3355,14.6424,14.9633,15.2991,15.6505,21.9312,22.0453,22.1610,22.2782,22.3968,22.5167,22.6378,22.7599,22.8830,23.0069,23.0389,23.1667
45125.3750000,2.7051,6.1940,9.1244,7.8891,26.2311,14.1729,9.5128,10.7550,17.6666,13.0908,11.6816,10.7902,7.0543,9.9181,7.6971,8.4222,35.2606,10.9252,25.3717,5.5411,20.9351,5.5051,3.9534,13.4178,9.2200,24.9367,9.1804,2.4480,14.5428,8.9000,8.3526,14.8846,30.3296,32.1979,35.7759,29.9066,15.2309,12.9513,5.6763,22.4108,11.6089,14.8053,6.5660,9.9123,23.4009,16.4600,9.4551,7.8811,5.8022,7.7939,40.3200,35.8415,37.6948,20.2323,5.8354,22.4039,6.1376,16.8886,22.8325,13.8370,41.9277,11.2916,3.6326,3.2736,15.3434,4.4118,32.0514,30.7154,-17.1864,1.3826,12.5180,7.2672,20.4250,1.5844,13.0194,18.7732,9.1088,20.2417,7.8815,13.7188,37.8652,32.7025,16.9007,45.7696,8.0943,9.9889,13.8937,9.7809,11.3627,40.1208,23.1976,22.1670,30.8553,46.6062,10.8275,9.4203,11.5160,18.5925,13.4692,38.4110,10.8723,45.5103,11.1252,36.7153,47.3033,53.0017,44.2492,45.6701,18.5340,36.6817,19.0431,10.0857,11.0793,9.4472,35.8135,32.1355,7.2704,13.0187,16.5594,14.7785,1.8403,30.4794,4.9912,14.1485,8.1476,10.9824,15.5242,21.5948,14.3606,3.5017,9.2534,17.5966,21.8464,28.0801,14.8930,7.0108,7.0207,32.1207,24.6499,5.7673,3.7989,9.5112,11.0137,7.8936,12.9992,2.5252,7.1655,17.8171,15.0165,6.7068,9.0919,1.8517,3.3043,4.5684,6.0017,12.8177,21.1777,10.8764,17.4037,7.2838,54.2785,17.0913,26.6954,15.4750,24.6446,26.4131,17.8841,31.5546,24.4213,20.7685,1.9640,12.1196,4.8775,26.2942,13.1447,37.3156,9.9017,14.7616,8.5776,26.0467,23.5308,12.2431,9.1998,12.6063,9.8597,14.3204,11.1299,13.3778,13.5934,13.8149,14.0437,14.2449,14.4860,14.7353,14.9930,15.2585,15.5330,15.8170,16.1110,16.4154,16.7306,17.0572,17.3955,17.7461,18.1095,18.4861,18.8766,19.2815,19.7014,20.1369,20.5887,21.0573,21.5435,22.0480,22.5714,23.1145,40.4635,40.5839,40.7063,40.8310,40.9577,41.0866,41.2175,41.3505,41.4854,41.6222,41.7607,41.9010,42.0429,42.1863,42.3310,42.4769,42.6239,42.7717,42.8090,42.9613
45125.4166667,2.6779,6.1321,12.2900,14.4161,99.7869,20.7090,19.8902,9.1212,62.5286,18.8854,17.3811,16.0478,10.4042,14.7253,7.7319,13.1349,54.4620,15.5154,40.1503,5.3182,17.9026,11.0211,5.5395,14.2588,13.9161,77.8354,14.3185,10.9332,52.4172,12.3204,45.4652,20.4828,49.3710,50.8358,56.8335,47.7962,62.5846,22.4740,7.1169,70.6695,25.8385,20.0298,6.5059,9.0162,98.9420,51.0074,13.6809,13.2029,8.3562,16.4107,62.7100,55.7640,58.0391,66.1243,7.9448,33.4676,8.5175,63.6789,78.5525,19.6530,64.2793,16.4707,5.5731,5.8157,24.2952,4.3734,50.4222,48.3915,-24.3670,2.0458,40.6435,7.3525,29.2343,2.1746,11.1431,62.1991,13.1676,74.7288,12.2715,23.5718,115.8666,99.1814,23.8364,71.1168,8.0328,10.3800,14.0816,10.0512,80.1380,62.0947,76.8925,86.7176,88.2934,71.9560,42.1242,13.4034,16.5316,27.2815,18.8490,59.9155,17.9587,69.9369,15.8122,57.0808,71.8015,78.8152,66.3282,69.1471,28.8356,54.9562,29.1827,17.0568,13.1719,12.9022,55.5700,50.3859,8.8012,18.2678,57.6525,54.0176,2.6665,47.3093,7.6593,43.6417,7.6886,50.6057,45.5681,63.6365,45.5224,5.4590,33.4250,28.5315,35.1619,44.8202,62.5704,9.6426,9.3985,49.7018,38.9967,33.8310,5.1136,45.5522,36.7778,10.8511,51.3745,2.4577,25.2293,71.8798,53.4612,9.6817,36.1224,2.1676,4.4463,13.2789,7.8513,17.9959,64.3767,14.3000,62.0407,10.1838,82.1011,70.3331,69.1780,17.3666,54.0576,33.9043,31.2870,49.3089,38.0703,32.5813,4.1438,19.9584,6.6203,40.4793,37.8154,56.9578,11.2148,46.3220,12.0588,81.7619,70.1729,16.9802,56.6886,16.6504,13.1730,19.9232,18.3031,18.6645,19.0343,19.4142,19.8054,20.1735,20.5857,21.0105,21.4482,21.8983,22.3620,22.8401,23.3330,23.8413,24.3655,24.9061,25.4638,26.0390,26.6324,59.4094,59.5062,59.6050,59.7056,59.8082,59.9129,60.0195,60.1283,60.2391,60.3522,60.4673,60.5847,60.7042,60.8259,60.9498,61.0759,61.2041,61.3344,61.4667,61.6011,61.7374,61.8755,62.0153,62.1568,62.2998,62.4441,62.5897,62.7363,62.8838,62.9215,63.0735
45125.4583333,2.4876,7.9435,24.0858,103.4486,130.5446,28.2076,27.2944,12.8921,82.4707,88.4080,87.2617,21.9156,50.3922,70.6420,72.7304,17.7046,71.7871,20.6237,15.6891,6.6039,88.3256,21.6325,8.5618,10.1510,19.3870,101.0560,76.2639,14.5314,69.4301,13.3475,33.9355,9.5571,37.2553,26.7432,75.8986,64.1951,82.6263,81.1527,10.6670,92.1526,94.2889,26.2039,6.0486,11.6774,127.4879,67.1514,18.4680,30.5826,11.8395,9.6814,22.9236,73.7418,76.3065,25.3860,9.1839,22.9117,12.9170,84.7264,102.2352,86.4728,84.2046,22.3410,6.1012,7.7157,7.0746,16.3411,67.1497,64.5373,-5.1605,3.0252,16.2481,15.2105,13.5002,10.4742,16.2833,82.1834,65.3983,99.0923,17.4793,23.8687,149.4520,128.1315,106.7046,26.7015,7.4759,16.2210,105.1134,28.6551,105.2515,81.7454,101.1775,113.1976,114.6764,94.4298,15.0268,17.6328,22.1739,36.9210,24.7670,23.0371,76.8585,91.5945,69.6128,75.4096,93.4290,101.3498,85.8346,89.9069,38.6781,71.3159,38.8641,7.2169,76.3016,17.4289,73.4386,67.0456,12.2139,81.0079,76.5111,71.5539,3.6385,62.7488,44.5518,58.0495,31.9038,67.0925,60.1746,83.0085,60.6839,29.5462,45.5040,18.0620,7.0272,12.5814,10.9195,55.4375,53.1434,38.3848,14.7309,45.9051,39.5028,60.5197,49.6976,48.6994,67.9582,5.3540,34.9528,94.4267,15.8650,13.5549,11.0551,3.7670,5.6388,6.6682,11.4783,87.9164,84.1607,90.4790,22.1368,45.0108,106.5070,92.2600,27.4689,48.4843,61.3492,101.0040,96.7951,65.4896,50.7670,43.7482,4.1298,27.8589,8.8237,53.5736,50.0901,74.5894,14.3652,61.4036,16.1097,105.7912,27.6589,22.3581,20.2726,93.5209,21.8689,84.4170,75.9611,76.0325,76.1028,76.1733,76.2448,76.2848,76.3557,76.4277,76.5008,76.5742,76.6485,76.7241,76.8010,76.8793,76.9590,77.0401,77.1228,77.2070,77.2929,77.3804,77.4697,77.5607,77.6535,77.7481,77.8447,77.9432,78.0436,78.1460,78.2504,78.3569,78.4654,78.5760,78.6887,78.8034,78.9202,79.0389,79.1597,79.2824,79.4071,79.5335,79.6617,79.7916,79.9230,80.0559,80.1901,80.3255,80.4620,80.5993,80.6344,80.7760
45125.5000000,2.4668,18.9285,100.0789,119.1113,149.2730,119.1204,112.6676,16.0963,94.9374,101.6722,100.4920,88.0879,58.8555,81.6725,84.1526,75.3867,82.7642,78.9280,62.6889,49.9277,101.5521,15.5672,10.6375,18.2177,80.2088,115.5283,88.2350,6.2062,80.2002,10.2695,71.3436,13.9925,36.7490,78.5180,87.7859,74.5428,95.1429,93.4242,13.7078,105.5873,108.2427,104.6348,15.8251,13.3810,145.1173,77.4606,72.7302,90.5642,50.6373,15.8659,95.2987,85.0712,87.8377,99.7271,11.4146,16.9107,15.0139,97.7621,116.9515,99.3696,96.7099,87.5586,6.4948,9.8835,12.3089,30.8915,77.7275,74.7775,-30.8676,12.6696,63.2875,18.7598,17.1326,13.7549,19.9999,94.6607,75.7115,114.0369,21.8969,29.4938,169.9862,145.9622,122.1609,107.6059,13.4801,21.8978,120.3112,32.9263,120.7045,94.0554,116.1401,129.4911,130.9643,108.3772,66.0998,84.7702,92.8192,147.4010,105.0832,91.2967,88.4763,105.0893,80.3843,86.9415,106.9603,115.5098,98.1867,102.9459,45.3243,81.8383,45.4499,29.3469,87.9818,74.9989,84.7300,77.6120,14.8672,93.2239,88.3522,82.6579,18.5303,72.6653,52.3720,67.3791,93.1798,77.6404,69.6858,95.3315,70.4789,35.5567,53.4860,46.3005,13.0173,16.5191,95.8296,64.7084,62.0844,76.1218,61.2094,53.9135,46.8422,70.2452,58.1882,56.9340,78.6145,6.8331,41.5611,108.5204,19.3853,16.8535,13.5837,18.5948,29.9559,8.5719,14.1098,101.1535,96.6529,103.9814,94.0373,52.6666,121.7106,105.9390,104.1042,117.5172,148.7413,116.0242,110.9204,75.7984,59.0749,51.1621,17.5981,33.3412,44.6255,62.1321,58.1780,85.7980,17.2524,71.0862,63.4667,120.7785,104.7100,88.2500,86.6307,107.4235,95.7240,96.9533,87.4209,87.4913,87.5605,87.6299,87.7003,87.7394,87.8092,87.8801,87.9520,88.0242,88.0973,88.1717,88.2474,88.3244,88.4029,88.4828,88.5641,88.6471,88.7316,88.8178,88.9056,88.9953,89.0867,89.1799,89.2750,89.3720,89.4710,89.5720,89.6749,89.7799,89.8869,89.9959,90.1071,90.2202,90.3354,90.4527,90.5719,90.6930,90.8161,90.9410,91.0676,91.1959,91.3258,91.4571,91.5898,91.7236,91.8585,91.9943,92.0287,92.1687
45125.5416667,7.5411,45.0833,43.9045,49.6429,67.0941,53.1740,49.6507,30.3826,43.6121,46.2936,44.6844,39.4811,26.3528,36.8854,36.8170,34.2062,39.2856,37.1093,28.7915,22.2610,46.4977,10.6532,24.6285,14.4500,35.4855,56.4644,15.3851,4.3928,37.2225,7.1374,12.3728,6.2088,11.4766,35.0716,37.8897,32.3095,43.4199,43.1819,9.1548,51.0053,49.8627,49.4195,15.9800,20.0113,71.9752,37.5954,33.4055,40.2413,22.6061,14.2190,43.5494,39.3503,41.8034,46.7202,9.2972,10.8645,11.6167,17.2551,56.2198,46.3967,46.1596,39.7346,10.2035,8.0138,11.1037,32.2253,35.1569,33.8548,-12.8843,6.1708,29.3282,35.8605,33.4982,6.6868,15.7940,43.0557,34.6517,20.2788,15.4112,21.9739,82.3521,71.2603,57.0121,48.8170,16.9936,41.5711,56.7095,47.5761,54.6391,43.8823,52.2931,60.3034,62.8306,50.2548,29.1827,37.6315,42.2141,66.0468,48.3951,41.8426,42.1049,49.7169,37.6546,40.4567,52.4369,59.9849,50.4920,51.0856,23.5562,43.0201,24.6224,14.0856,41.0509,34.8816,39.8716,35.8006,12.7717,44.2491,18.1796,38.6385,8.7385,34.8630,23.5319,32.4811,15.6731,36.7200,34.7080,47.4159,33.0873,15.4645,10.8377,21.2625,11.0002,13.4040,42.8929,29.2143,12.9280,36.4650,28.3927,24.6608,19.9563,33.4187,26.4859,27.1112,37.2396,13.3443,18.7012,50.0997,15.8370,12.8003,25.6175,8.7503,14.3568,5.9170,11.5261,46.4233,46.8657,48.2391,43.9053,25.2155,59.4608,49.4579,48.9953,56.9897,70.6274,51.8398,52.8995,35.1946,28.7038,25.0604,8.1008,15.9879,20.2160,31.0214,29.4628,42.0883,31.8887,33.8994,29.6808,59.9338,51.0849,41.5596,39.6515,49.2824,42.5733,46.4546,42.0896,42.2173,42.3429,42.4689,42.5965,42.6698,42.7965,42.9250,43.0555,43.1864,43.3190,43.4537,43.5907,43.7300,43.8718,44.0161,44.1631,44.3127,44.4651,44.6203,44.7786,44.9398,45.1041,45.2717,45.4424,45.6165,45.7940,45.9749,46.1592,46.3471,46.5385,46.7335,46.9320,47.1340,47.3396,47.5487,47.7613,47.9772,48.1964,48.4187,48.6441,48.8724,49.1034,49.3369,49.5727,49.8105,50.0502,50.2914,50.3557,50.6043
45125.5833333,10.7764,114.8815,102.6658,21.7210,152.9087,122.1082,115.5262,16.9359,97.3780,104.2649,103.0777,90.3980,60.5313,83.8385,86.3928,77.4138,84.9209,81.0094,64.4354,51.4111,104.1378,15.7849,12.0206,82.7870,82.3558,118.3537,11.3989,2.8472,82.3170,10.8905,16.7811,12.4362,16.9749,35.9620,40.0142,76.5777,97.5929,95.8277,14.3785,108.2140,110.9674,107.2609,46.3237,108.4661,148.5465,79.4902,74.6928,92.9343,52.1355,88.0622,97.7511,87.2947,90.1003,102.2551,11.0208,16.7193,14.9445,12.2202,119.8230,101.8927,99.1587,89.8488,16.0375,12.0764,7.6323,13.0458,79.8070,76.7926,-31.1582,13.3329,65.0424,17.6273,15.1117,14.4415,90.8278,97.1032,77.7409,26.4934,22.7610,153.4375,173.9698,149.4295,125.1731,110.3308,117.8528,94.9887,123.2744,108.1281,123.7154,96.4668,119.0573,132.6635,134.1366,111.1016,15.3507,87.0176,95.2249,151.0038,107.7440,93.6647,90.7570,107.7287,82.5029,89.2054,109.6077,118.2794,100.6106,105.5005,46.6585,83.9165,46.7780,30.3866,90.2845,77.0276,86.9613,79.7055,65.6160,95.6365,21.8538,21.3417,19.3702,74.6519,53.9612,69.2636,95.7117,79.7751,71.6386,97.8321,72.5041,8.5340,55.1819,11.8111,7.9068,9.5982,98.4878,66.7028,64.0322,78.3624,63.1614,55.7276,48.5375,18.6467,14.7503,58.8397,80.9867,4.8117,7.4809,111.5638,20.2049,17.7956,59.3473,19.7281,31.3233,9.0576,62.9006,104.0440,99.4034,106.9187,96.7410,54.4735,124.9510,50.8131,106.9850,120.6528,152.5569,119.1939,113.9199,19.7363,60.9424,52.8441,18.5788,34.6187,46.1435,63.9675,59.9099,88.1181,69.5673,73.1030,65.3265,123.8013,107.4088,90.6253,88.9878,110.2238,98.2935,99.4906,89.7505,89.8183,89.8851,89.9521,90.0203,90.0573,90.1250,90.1940,90.2641,90.3345,90.4060,90.4789,90.5531,90.6287,90.7058,90.7845,90.8647,90.9465,91.0300,91.1152,91.2022,91.2910,91.3815,91.4740,91.5684,91.6647,91.7630,91.8633,91.9657,92.0700,92.1765,92.2850,92.3956,92.5082,92.6229,92.7396,92.8583,92.9789,93.1015,93.2258,93.3520,93.4797,93.6091,93.7399,93.8720,94.0053,94.1396,94.2748,94.3086,94.4481
45125.6250000,8.6781,23.3491,22.8951,18.3412,137.5707,30.3542,103.4933,14.1464,25.3926,27.8086,92.2051,80.6970,15.6965,22.0202,18.4472,68.9163,75.8712,72.2806,57.1308,13.0167,93.2648,13.0521,10.0371,73.7031,15.1589,106.4597,14.0754,2.2408,29.9196,8.9909,14.0842,6.3981,14.1040,25.4817,28.1176,68.0475,24.7437,25.0052,11.9129,30.1632,99.5030,27.1221,48.8771,97.0599,134.0835,70.9809,66.4693,82.9788,45.8874,32.1532,87.4449,77.9615,80.6001,91.6265,9.2445,8.1084,12.4993,11.5932,107.7332,91.2852,88.8666,80.2324,13.1444,9.8345,9.0099,12.9796,16.6689,68.3460,-29.7999,3.3344,16.2066,14.8881,12.6574,3.5799,21.6974,20.7969,69.2356,22.4608,18.9738,137.6552,157.1525,134.8082,33.2136,29.2462,105.4514,24.5738,110.7996,96.8460,111.0397,86.3404,106.7814,119.3023,120.7758,99.6484,13.0104,19.0001,23.4879,39.0973,27.9675,83.7342,81.1989,96.6475,73.6323,31.0415,98.4915,106.6454,90.4506,94.7880,41.1457,75.2562,41.3269,26.1800,24.0738,19.8048,77.7070,17.4724,16.3678,85.6388,18.7343,18.3876,4.2200,66.5403,10.8210,18.3975,85.3485,71.1747,63.8867,87.7987,64.5333,8.0505,8.1318,19.9080,6.5483,13.0356,88.0604,59.1722,56.7701,69.9365,15.9695,12.2606,19.8658,16.0872,12.5514,52.1462,72.3225,4.0477,6.4046,100.1054,17.1888,14.9398,12.0498,16.5275,27.1218,19.1843,15.9527,26.2720,89.2516,95.9503,86.6999,14.9391,112.5943,36.7037,96.0681,108.6457,137.6376,106.9951,102.4441,16.9797,54.1996,46.8316,15.5339,30.1711,40.5885,57.0148,53.3373,79.0078,61.9856,65.2319,17.3426,111.6108,96.5809,81.1590,21.6670,29.3834,23.6134,89.2872,80.4202,80.4868,80.5522,80.6179,80.6846,80.7200,80.7862,80.8536,80.9222,80.9911,81.0610,81.1323,81.2049,81.2790,81.3545,81.4317,81.5104,81.5907,81.6728,81.7566,81.8422,81.9296,82.0190,82.1102,82.2034,82.2987,82.3959,82.4953,82.5967,82.7002,82.8059,82.9137,83.0236,83.1357,83.2498,83.3661,83.4844,83.6048,83.7271,83.8512,83.9772,84.1050,84.2343,84.3652,84.4974,84.6308,84.7654,84.9009,84.9347,85.0745
45125.6666667,3.7454,9.9794,15.7762,13.8649,22.4345,20.5134,19.1620,8.1137,40.8186,18.8718,15.7642,15.7222,10.1355,14.7717,12.8723,13.7979,16.9579,15.7870,11.6135,8.3338,15.1113,6.5756,7.1630,11.7227,9.8913,52.7979,9.8110,3.3868,13.2432,4.3892,13.1830,6.8304,8.4557,15.1495,24.5289,12.8114,40.6742,40.3604,11.2184,22.5340,18.3698,20.4865,13.9561,17.9366,67.5809,34.6706,13.7130,37.7466,8.3812,12.8152,16.9914,36.6365,38.8429,19.5239,11.5316,7.8295,9.1456,13.3485,52.6941,19.7347,20.2256,16.1755,11.4709,9.7031,29.7987,11.3963,32.6847,31.4116,-5.2112,2.3190,10.5493,33.6930,9.1833,2.5314,13.8234,40.3411,14.0639,15.6525,22.4081,59.5122,77.8178,67.0498,23.9254,19.6646,46.1816,16.4845,53.3265,44.7973,51.6514,18.6054,19.0479,56.9114,59.0899,47.2008,9.8154,13.5165,16.6020,26.3451,19.8684,17.0743,18.3262,46.5331,15.8986,37.6745,48.8977,55.6900,46.6968,47.5116,20.9248,39.4332,21.8115,5.7449,14.5645,14.0748,16.6367,17.0134,9.6861,19.0536,14.6298,13.3808,3.1636,32.1040,8.2072,29.7856,18.3235,33.9788,31.7835,43.9935,30.5096,5.3557,7.3964,19.1365,10.2497,10.6331,40.3244,26.9491,26.0875,33.7079,26.0513,22.4875,6.1721,30.8223,9.5708,24.7349,15.8797,3.1183,8.9814,47.1889,10.7848,8.2136,8.9199,4.0280,5.8916,6.9779,24.8905,43.7101,43.7785,16.7523,18.0676,22.9611,55.8565,46.5415,46.0352,53.5355,66.8855,18.5235,49.7197,15.3966,26.2791,22.7447,2.7439,14.0482,8.0305,28.3857,26.8324,39.0995,29.4586,31.3494,12.3769,56.1649,47.7832,38.8160,37.1297,46.4716,16.5956,43.4335,39.1905,39.2987,39.4052,39.5118,39.6199,39.6809,39.7881,39.8968,40.0072,40.1178,40.2299,40.3438,40.4597,40.5775,40.6975,40.8196,40.9440,41.0707,41.1997,41.3313,41.4654,41.6021,41.7415,41.8837,42.0286,42.1765,42.3272,42.4810,42.6377,42.7976,42.9604,43.1264,43.2955,43.4677,43.6429,43.8212,44.0025,44.1868,44.3739,44.5638,44.7563,44.9514,45.1489,45.3485,45.5502,45.7537,45.9588,46.1652,46.2191,46.4321
45125.7083333,2.4130,5.6553,7.8671,7.0354,12.6858,10.4112,9.4901,4.5881,11.3703,9.5660,8.3758,7.8465,5.1044,7.4340,8.0310,6.9577,8.8312,8.1703,5.9506,3.8604,8.9918,3.8468,3.7645,5.8832,6.0829,20.7322,6.4450,2.1808,7.5517,2.7360,5.0113,3.5501,4.5590,6.6781,7.1450,5.4460,10.3204,15.0713,4.8621,11.9093,10.1361,10.3627,6.6453,8.7969,26.9013,13.4703,6.9808,13.5803,4.0598,6.1106,8.8806,9.4450,14.8691,9.6345,3.8870,4.6231,5.3620,7.4440,13.0359,10.1515,10.5525,8.1435,4.1358,4.5566,5.2077,5.3300,11.9255,8.5191,-2.4552,1.2386,5.9634,6.7721,4.7781,1.3562,6.7783,9.2577,7.1751,8.5467,6.5131,20.0349,21.7064,19.1013,12.4384,9.9962,15.8420,8.2907,20.3253,16.3939,12.9048,9.5739,10.1850,21.4827,16.3544,11.3714,5.2710,7.0627,8.5795,13.2472,10.2330,8.7373,9.5511,17.7645,8.2306,10.5877,12.0562,22.9203,19.0531,18.8649,8.5140,16.3264,9.1609,3.0529,8.5099,7.3979,8.7430,8.7436,5.2797,9.4126,7.9097,8.0398,1.7130,12.3338,4.4137,11.4731,8.4789,12.9039,12.5856,17.4750,11.4860,2.6155,4.4473,6.9730,5.3998,5.7941,14.6084,9.7575,9.5464,12.9276,9.6605,5.5460,3.4632,7.3037,5.1586,9.3742,8.2952,2.0048,3.2719,10.9766,6.9470,4.8303,4.7508,1.9580,3.1126,2.3422,8.8112,10.4818,10.7072,9.5434,8.9147,8.7372,21.9257,11.5232,13.3494,20.8838,25.6957,9.7549,19.1167,9.0205,10.1674,8.8353,1.7450,5.2829,4.0348,8.9913,10.7551,15.3586,11.1485,11.9919,6.4346,22.3476,18.7311,14.7381,13.7389,17.2854,8.3213,16.7604,15.1662,15.2373,15.3072,15.3772,15.4482,15.4888,15.5592,15.6305,15.7029,15.7755,15.8490,15.9236,15.9995,16.0767,16.1552,16.2351,16.3164,16.3992,16.4835,16.5694,16.6569,16.7460,16.8369,16.9294,17.0238,17.1200,17.2180,17.3180,17.4198,17.5235,17.6293,17.7369,17.8465,17.9581,18.0716,18.1871,18.3044,18.4236,18.5446,18.6674,18.7918,18.9178,19.0453,19.1742,19.3044,19.4357,19.5680,19.7012,19.7361,19.8734
45125.7500000,2.4358,6.0899,7.9642,7.1035,12.7685,10.7643,9.8842,5.5815,9.4698,9.9563,8.8498,8.1414,4.6736,7.7179,7.0786,7.2277,9.1177,8.3839,5.8729,4.0850,10.0339,4.1927,3.5592,5.8536,6.1455,13.6618,5.8878,2.2037,7.6914,3.5563,6.8335,3.1098,6.0344,8.6000,11.2184,6.6560,8.5230,26.8088,3.8639,12.3086,9.7257,11.1065,6.9712,9.0488,45.7896,9.9723,7.2388,10.1165,4.1039,6.4423,9.1061,9.5974,25.6492,10.3127,3.6860,7.0124,5.1112,9.2915,13.9266,10.5483,10.9431,8.4790,4.7306,2.9463,5.7661,3.9702,21.4146,14.7150,-2.6792,1.2103,5.8314,5.7594,4.7268,1.3381,6.1241,8.1187,6.6051,10.8316,6.4963,15.7747,22.1739,19.5568,12.7456,10.4320,10.5600,8.4842,15.5300,12.0937,19.0957,9.9502,12.6923,18.4994,15.7878,11.3138,5.2373,8.7698,8.8237,13.7420,10.7263,9.0340,9.0378,31.1109,8.2071,18.0528,12.4938,37.2374,30.9574,31.6448,12.8416,25.7981,13.4023,3.1034,8.7383,7.6617,9.0518,12.6497,5.4170,10.0624,7.9857,8.7233,1.7157,8.1548,4.4407,8.6011,14.1570,8.3585,8.4486,29.1620,8.5113,2.9407,5.1126,4.1241,5.5157,7.9281,26.8822,17.3453,16.7088,22.0075,16.6555,5.6387,4.6394,8.4859,5.2330,15.6759,8.0129,2.0327,3.3120,9.8644,6.5173,6.3680,4.8333,1.8248,3.1899,2.3340,8.5758,10.0425,10.4369,10.3974,8.9836,6.8491,37.5986,11.9972,17.4057,16.3396,19.8460,10.3813,33.3532,10.3587,8.4938,14.2369,1.5541,4.1693,4.1767,11.0935,8.7426,25.7862,19.0684,20.3846,6.6542,17.7893,31.9377,11.0948,13.5674,13.1223,8.6677,13.3898,12.3208,12.5765,12.8416,13.1180,13.4073,13.6785,13.9930,14.3227,14.6683,15.0299,15.4090,15.8069,26.7583,26.8364,26.9157,26.9965,27.0787,27.1623,27.2475,27.3343,27.4227,27.5128,27.6046,27.6982,27.7935,27.8907,27.9897,28.0906,28.1935,28.2983,28.4050,28.5137,28.6244,28.7370,28.8516,28.9681,29.0865,29.2067,29.3288,29.4526,29.5781,29.7051,29.8337,29.9636,30.0948,30.2271,30.3603,30.4944,30.5287,30.6670
45125.7916667,1.6577,4.1118,5.1876,4.8335,8.3743,6.6323,5.8851,3.3122,6.0027,5.9994,5.3858,4.8733,3.1797,4.6086,4.1961,4.3573,5.6051,5.1423,3.7515,2.7040,6.4268,2.5273,2.4211,3.9559,4.1801,8.6773,4.0044,1.4987,5.1042,1.6501,3.8300,2.1149,2.7428,4.2476,4.1450,3.5647,5.6058,5.7582,2.2005,7.6105,6.6131,6.9880,4.0516,5.4088,12.1623,5.6495,4.3953,4.9502,2.7186,3.7081,5.6753,5.3654,6.3509,6.5171,2.5057,2.8779,3.0121,4.6459,8.5023,6.3550,6.6522,5.0474,2.2225,2.0029,3.2442,2.6982,8.3242,6.5490,-1.4316,0.8202,3.9500,3.8824,3.1373,0.8972,4.1616,5.5171,4.4885,5.2949,3.6952,5.8423,12.3713,10.8616,7.8800,6.2924,4.9506,5.1665,8.0670,5.9842,7.1155,6.0256,7.4947,8.2570,9.3750,6.7905,3.5046,4.4984,5.4451,8.2699,6.4869,5.5128,6.0506,12.5632,5.1958,5.8977,8.4819,16.1629,8.4685,8.0167,3.9585,7.4758,6.1152,1.9777,5.7517,4.7427,5.5970,6.3272,3.6763,6.3447,5.2242,5.5922,1.1242,5.0711,2.8709,4.8018,3.9520,5.6149,5.4721,7.4665,4.6108,1.7950,3.2253,2.8288,3.5099,4.3772,5.2597,3.6232,6.5523,8.9885,6.6209,3.1660,2.0220,5.1971,3.4036,6.3836,5.2672,1.3796,2.2477,6.6943,4.4130,3.3285,3.0664,1.1132,2.0134,1.5104,3.7746,6.3213,7.0269,6.7927,6.1135,3.6799,10.0504,6.8725,8.9587,8.7351,10.3476,6.7075,7.9858,5.7250,5.0981,5.9626,0.9872,2.3045,2.5406,5.3233,4.8274,10.7432,4.7069,5.1328,4.1044,9.6480,13.2255,5.9367,5.3900,6.6668,5.2165,6.9598,6.3726,6.4376,6.5034,6.5711,6.6414,6.6930,7.1546,6.8203,6.8975,6.9776,7.0611,7.1486,7.2405,7.3370,7.4387,7.5459,7.6591,7.7645,7.8887,8.0204,8.1600,8.3084,8.4662,8.6343,8.8136,9.0050,9.2096,12.1279,12.1987,12.2707,12.3441,12.4189,12.4950,12.5725,12.6513,12.7314,12.8128,12.8955,12.9794,13.0646,13.1509,13.2382,13.3266,13.4159,13.5061,13.5970,13.6887,13.7808,13.8052,13.9002
45125.8333333,0.3788,0.8672,1.1578,1.1043,1.9129,1.4815,1.3310,0.6639,1.3068,1.3575,1.2326,1.1053,0.7262,1.0526,0.9584,0.9865,1.2709,1.1727,0.8526,0.6017,1.3835,0.5771,0.5528,0.9032,0.9543,1.9592,0.9141,0.3421,1.1403,0.3766,0.7289,0.4827,0.6260,0.9694,0.9460,0.8135,1.2793,1.3140,0.4663,1.7241,1.5090,1.5880,0.9168,1.2260,2.5804,1.2762,0.9947,1.1008,0.6139,0.8427,1.2878,1.1972,1.3625,1.4721,0.5715,0.5690,0.6870,1.0596,1.8833,1.4494,1.5172,1.1512,0.5069,0.4568,0.7046,0.6151,1.0065,0.9706,-0.3241,0.1874,0.8893,0.8627,0.7152,0.2045,0.9486,1.2575,1.0231,1.2069,0.8422,1.3314,2.8185,2.4746,1.7858,1.4200,1.1276,1.1719,1.8183,1.3631,1.5835,1.3671,1.4926,1.8809,2.0992,1.5465,0.7754,1.0245,1.2322,1.8709,1.4641,1.2458,1.3724,1.6041,1.1804,1.2502,1.8290,2.3357,1.9281,1.8251,0.9012,1.7020,1.0104,0.4486,1.2785,1.0722,1.2652,1.0789,0.8181,1.4347,1.1701,1.2051,0.2555,1.1512,0.6512,1.1272,0.9002,1.1749,1.2379,1.6975,1.0368,0.3764,0.6881,0.6195,0.6958,0.8232,1.1964,0.8242,0.8265,1.1990,0.8585,0.7152,0.4599,1.0828,0.7628,0.8715,1.1948,0.3137,0.5112,1.5223,0.9790,0.7405,0.6973,0.2531,0.4557,0.3142,0.7147,1.3904,1.5961,1.5079,1.3712,0.8285,2.0656,1.5487,1.6446,1.9512,2.3158,1.5442,1.7431,1.0810,0.9742,0.8626,0.2240,0.5170,0.5731,1.1169,1.0894,1.4709,1.0172,1.1107,0.9265,2.1534,1.7703,1.3283,1.1807,1.4819,1.1742,1.5471,1.4146,1.4258,1.4369,1.4480,1.4593,1.4658,1.4769,1.4882,1.4997,1.5113,1.5229,1.5348,1.5468,1.5591,1.5716,1.5842,1.5972,1.6103,1.6237,1.6373,1.6512,1.6654,1.6798,1.6945,1.7095,1.7248,1.7404,1.7562,1.7724,1.7889,1.8057,1.8228,1.8402,1.8579,1.8759,1.8942,1.9128,1.9318,1.9509,1.9704,1.9902,2.0101,2.0304,2.0508,2.0714,2.0922,2.1132,2.1343,2.1400,2.1617
45125.8750000,0.0000,0.0000,0.0000,0.0000,0.0000,0.0000,0.0000,0.0000,0.0000,0.0000,0.0000,0.0000,0.0000,0.0000,0.0000,0.0000,0.0000,0.0000,0.0000,0.0000,0.0000,0.0000,0.0000,0.0000,0.0000,0.0000,0.0000,0.0000,0.0000,0.0000,0.0000,0.0000,0.0000,0.0000,0.0000,0.0000,0.0000,0.0000,0.0000,0.0000,0.0000,0.0000,0.0000,0.0000,0.0000,0.0000,0.0000,0.0000,0.0000,0.0000,0.0000,0.0000,0.0000,0.0000,0.0000,0.0000,0.0000,0.0000,0.0000,0.0000,0.0000,0.0000,0.0000,0.0000,0.0000,0.0000,0.0000,0.0000,0.0000,0.0000,0.0000,0.0000,0.0000,0.0000,0.0000,0.0000,0.0000,0.0000,0.0000,0.0000,0.0000,0.0000,0.0000,0.0000,0.0000,0.0000,0.0000,0.0000,0.0000,0.0000,0.0000,0.0000,0.0000,0.0000,0.0000,0.0000,0.0000,0.0000,0.0000,0.0000,0.0000,0.0000,0.0000,0.0000,0.0000,0.0000,0.0000,0.0000,0.0000,0.0000,0.0000,0.0000,0.0000,0.0000,0.0000,0.0000,0.0000,0.0000,0.0000,0.0000,0.0000,0.0000,0.0000,0.0000,0.0000,0.0000,0.0000,0.0000,0.0000,0.0000,0.0000,0.0000,0.0000,0.0000,0.0000,0.0000,0.0000,0.0000,0.0000,0.0000,0.0000,0.0000,0.0000,0.0000,0.0000,0.0000,0.0000,0.0000,0.0000,0.0000,0.0000,0.0000,0.0000,0.0000,0.0000,0.0000,0.0000,0.0000,0.0000,0.0000,0.0000,0.0000,0.0000,0.0000,0.0000,0.0000,0.0000,0.0000,0.0000,0.0000,0.0000,0.0000,0.0000,0.0000,0.0000,0.0000,0.0000,0.0000,0.0000,0.0000,0.0000,0.0000,0.0000,0.0000,0.0000,0.0000,0.0000,0.0000,0.0000,0.0000,0.0000,0.0000,0.0000,0.0000,0.0000,0.0000,0.0000,0.0000,0.0000,0.0000,0.0000,0.0000,0.0000,0.0000,0.0000,0.0000,0.0000,0.0000,0.0000,0.0000,0.0000,0.0000,0.0000,0.0000,0.0000,0.0000,0.0000,0.0000,0.0000,0.0000,0.0000,0.0000,0.0000,0.0000,0.0000,0.0000,0.0000,0.0000,0.0000,0.0000,0.0000,0.0000,0.0000,0.0000,0.0000,0.0000
45125.9166667,0.0000,0.0000,0.0000,0.0000,0.0000,0.0000,0.0000,0.0000,0.0000,0.0000,0.0000,0.0000,0.0000,0.0000,0.0000,0.0000,0.0000,0.0000,0.0000,0.0000,0.0000,0.0000,0.0000,0.0000,0.0000,0.0000,0.0000,0.0000,0.0000,0.0000,0.0000,0.0000,0.0000,0.0000,0.0000,0.0000,0.0000,0.0000,0.0000,0.0000,0.0000,0.0000,0.0000,0.0000,0.0000,0.0000,0.0000,0.0000,0.0000,0.0000,0.0000,0.0000,0.0000,0.0000,0.0000,0.0000,0.0000,0.0000,0.0000,0.0000,0.0000,0.0000,0.0000,0.0000,0.0000,0.0000,0.0000,0.0000,0.0000,0.0000,0.0000,0.0000,0.0000,0.0000,0.0000,0.0000,0.0000,0.0000,0.0000,0.0000,0.0000,0.0000,0.0000,0.0000,0.0000,0.0000,0.0000,0.0000,0.0000,0.0000,0.0000,0.0000,0.0000,0.0000,0.0000,0.0000,0.0000,0.0000,0.0000,0.0000,0.0000,0.0000,0.0000,0.0000,0.0000,0.0000,0.0000,0.0000,0.0000,0.0000,0.0000,0.0000,0.0000,0.0000,0.0000,0.0000,0.0000,0.0000,0.0000,0.0000,0.0000,0.0000,0.0000,0.0000,0.0000,0.0000,0.0000,0.0000,0.0000,0.0000,0.0000,0.0000,0.0000,0.0000,0.0000,0.0000,0.0000,0.0000,0.0000,0.0000,0.0000,0.0000,0.0000,0.0000,0.0000,0.0000,0.0000,0.0000,0.0000,0.0000,0.0000,0.0000,0.0000,0.0000,0.0000,0.0000,0.0000,0.0000,0.0000,0.0000,0.0000,0.0000,0.0000,0.0000,0.0000,0.0000,0.0000,0.0000,0.0000,0.0000,0.0000,0.0000,0.0000,0.0000,0.0000,0.0000,0.0000,0.0000,0.0000,0.0000,0.0000,0.0000,0.0000,0.0000,0.0000,0.0000,0.0000,0.0000,0.0000,0.0000,0.0000,0.0000,0.0000,0.0000,0.0000,0.0000,0.0000,0.0000,0.0000,0.0000,0.0000,0.0000,0.0000,0.0000,0.0000,0.0000,0.0000,0.0000,0.0000,0.0000,0.0000,0.0000,0.0000,0.0000,0.0000,0.0000,0.0000,0.0000,0.0000,0.0000,0.0000,0.0000,0.0000,0.0000,0.0000,0.0000,0.0000,0.0000,0.0000,0.0000,0.0000,0.0000,0.0000,0.0000,0.0000,0.0000
45125.9583333,0.0000,0.0000,0.0000,0.0000,0.0000,0.0000,0.0000,0.0000,0.0000,0.0000,0.0000,0.0000,0.0000,0.0000,0.0000,0.0000,0.0000,0.0000,0.0000,0.0000,0.0000,0.0000,0.0000,0.0000,0.0000,0.0000,0.0000,0.0000,0.0000,0.0000,0.0000,0.0000,0.0000,0.0000,0.0000,0.0000,0.0000,0.0000,0.0000,0.0000,0.0000,0.0000,0.0000,0.0000,0.0000,0.0000,0.0000,0.0000,0.0000,0.0000,0.0000,0.0000,0.0000,0.0000,0.0000,0.0000,0.0000,0.0000,0.0000,0.0000,0.0000,0.0000,0.0000,0.0000,0.0000,0.0000,0.0000,0.0000,0.0000,0.0000,0.0000,0.0000,0.0000,0.0000,0.0000,0.0000,0.0000,0.0000,0.0000,0.0000,0.0000,0.0000,0.0000,0.0000,0.0000,0.0000,0.0000,0.0000,0.0000,0.0000,0.0000,0.0000,0.0000,0.0000,0.0000,0.0000,0.0000,0.0000,0.0000,0.0000,0.0000,0.0000,0.0000,0.0000,0.0000,0.0000,0.0000,0.0000,0.0000,0.0000,0.0000,0.0000,0.0000,0.0000,0.0000,0.0000,0.0000,0.0000,0.0000,0.0000,0.0000,0.0000,0.0000,0.0000,0.0000,0.0000,0.0000,0.0000,0.0000,0.0000,0.0000,0.0000,0.0000,0.0000,0.0000,0.0000,0.0000,0.0000,0.0000,0.0000,0.0000,0.0000,0.0000,0.0000,0.0000,0.0000,0.0000,0.0000,0.0000,0.0000,0.0000,0.0000,0.0000,0.0000,0.0000,0.0000,0.0000,0.0000,0.0000,0.0000,0.0000,0.0000,0.0000,0.0000,0.0000,0.0000,0.0000,0.0000,0.0000,0.0000,0.0000,0.0000,0.0000,0.0000,0.0000,0.0000,0.0000,0.0000,0.0000,0.0000,0.0000,0.0000,0.0000,0.0000,0.0000,0.0000,0.0000,0.0000,0.0000,0.0000,0.0000,0.0000,0.0000,0.0000,0.0000,0.0000,0.0000,0.0000,0.0000,0.0000,0.0000,0.0000,0.0000,0.0000,0.0000,0.0000,0.0000,0.0000,0.0000,0.0000,0.0000,0.0000,0.0000,0.0000,0.0000,0.0000,0.0000,0.0000,0.0000,0.0000,0.0000,0.0000,0.0000,0.0000,0.0000,0.0000,0.0000,0.0000,0.0000,0.0000,0.0000,0.0000,0.0000,0.0000,0.0000,0.0000
45126.0000000,0.0000,0.0000,0.0000,0.0000,0.0000,0.0000,0.0000,0.0000,0.0000,0.0000,0.0000,0.0000,0.0000,0.0000,0.0000,0.0000,0.0000,0.0000,0.0000,0.0000,0.0000,0.0000,0.0000,0.0000,0.0000,0.0000,0.0000,0.0000,0.0000,0.0000,0.0000,0.0000,0.0000,0.0000,0.0000,0.0000,0.0000,0.0000,0.0000,0.0000,0.0000,0.0000,0.0000,0.0000,0.0000,0.0000,0.0000,0.0000,0.0000,0.0000,0.0000,0.0000,0.0000,0.0000,0.0000,0.0000,0.0000,0.0000,0.0000,0.0000,0.0000,0.0000,0.0000,0.0000,0.0000,0.0000,0.0000,0.0000,0.0000,0.0000,0.0000,0.0000,0.0000,0.0000,0.0000,0.0000,0.0000,0.0000,0.0000,0.0000,0.0000,0.0000,0.0000,0.0000,0.0000,0.0000,0.0000,0.0000,0.0000,0.0000,0.0000,0.0000,0.0000,0.0000,0.0000,0.0000,0.0000,0.0000,0.0000,0.0000,0.0000,0.0000,0.0000,0.0000,0.0000,0.0000,0.0000,0.0000,0.0000,0.0000,0.0000,0.0000,0.0000,0.0000,0.0000,0.0000,0.0000,0.0000,0.0000,0.0000,0.0000,0.0000,0.0000,0.0000,0.0000,0.0000,0.0000,0.0000,0.0000,0.0000,0.0000,0.0000,0.0000,0.0000,0.0000,0.0000,0.0000,0.0000,0.0000,0.0000,0.0000,0.0000,0.0000,0.0000,0.0000,0.0000,0.0000,0.0000,0.0000,0.0000,0.0000,0.0000,0.0000,0.0000,0.0000,0.0000,0.0000,0.0000,0.0000,0.0000,0.0000,0.0000,0.0000,0.0000,0.0000,0.0000,0.0000,0.0000,0.0000,0.0000,0.0000,0.0000,0.0000,0.0000,0.0000,0.0000,0.0000,0.0000,0.0000,0.0000,0.0000,0.0000,0.0000,0.0000,0.0000,0.0000,0.0000,0.0000,0.0000,0.0000,0.0000,0.0000,0.0000,0.0000,0.0000,0.0000,0.0000,0.0000,0.0000,0.0000,0.0000,0.0000,0.0000,0.0000,0.0000,0.0000,0.0000,0.0000,0.0000,0.0000,0.0000,0.0000,0.0000,0.0000,0.0000,0.0000,0.0000,0.0000,0.0000,0.0000,0.0000,0.0000,0.0000,0.0000,0.0000,0.0000,0.0000,0.0000,0.0000,0.0000,0.0000,0.0000,0.0000,0.0000,0.0000,0.0000
45126.0416667,0.0000,0.0000,0.0000,0.0000,0.0000,0.0000,0.0000,0.0000,0.0000,0.0000,0.0000,0.0000,0.0000,0.0000,0.0000,0.0000,0.0000,0.0000,0.0000,0.0000,0.0000,0.0000,0.0000,0.0000,0.0000,0.0000,0.0000,0.0000,0.0000,0.0000,0.0000,0.0000,0.0000,0.0000,0.0000,0.0000,0.0000,0.0000,0.0000,0.0000,0.0000,0.0000,0.0000,0.0000,0.0000,0.0000,0.0000,0.0000,0.0000,0.0000,0.0000,0.0000,0.0000,0.0000,0.0000,0.0000,0.0000,0.0000,0.0000,0.0000,0.0000,0.0000,0.0000,0.0000,0.0000,0.0000,0.0000,0.0000,0.0000,0.0000,0.0000,0.0000,0.0000,0.0000,0.0000,0.0000,0.0000,0.0000,0.0000,0.0000,0.0000,0.0000,0.0000,0.0000,0.0000,0.0000,0.0000,0.0000,0.0000,0.0000,0.0000,0.0000,0.0000,0.0000,0.0000,0.0000,0.0000,0.0000,0.0000,0.0000,0.0000,0.0000,0.0000,0.0000,0.0000,0.0000,0.0000,0.0000,0.0000,0.0000,0.0000,0.0000,0.0000,0.0000,0.0000,0.0000,0.0000,0.0000,0.0000,0.0000,0.0000,0.0000,0.0000,0.0000,0.0000,0.0000,0.0000,0.0000,0.0000,0.0000,0.0000,0.0000,0.0000,0.0000,0.0000,0.0000,0.0000,0.0000,0.0000,0.0000,0.0000,0.0000,0.0000,0.0000,0.0000,0.0000,0.0000,0.0000,0.0000,0.0000,0.0000,0.0000,0.0000,0.0000,0.0000,0.0000,0.0000,0.0000,0.0000,0.0000,0.0000,0.0000,0.0000,0.0000,0.0000,0.0000,0.0000,0.0000,0.0000,0.0000,0.0000,0.0000,0.0000,0.0000,0.0000,0.0000,0.0000,0.0000,0.0000,0.0000,0.0000,0.0000,0.0000,0.0000,0.0000,0.0000,0.0000,0.0000,0.0000,0.0000,0.0000,0.0000,0.0000,0.0000,0.0000,0.0000,0.0000,0.0000,0.0000,0.0000,0.0000,0.0000,0.0000,0.0000,0.0000,0.0000,0.0000,0.0000,0.0000,0.0000,0.0000,0.0000,0.0000,0.0000,0.0000,0.0000,0.0000,0.0000,0.0000,0.0000,0.0000,0.0000,0.0000,0.0000,0.0000,0.0000,0.0000,0.0000,0.0000,0.0000,0.0000,0.0000,0.0000,0.0000,0.0000,0.0000
45126.0833333,0.0000,0.0000,0.0000,0.0000,0.0000,0.0000,0.0000,0.0000,0.0000,0.0000,0.0000,0.0000,0.0000,0.0000,0.0000,0.0000,0.0000,0.0000,0.0000,0.0000,0.0000,0.0000,0.0000,0.0000,0.0000,0.0000,0.0000,0.0000,0.0000,0.0000,0.0000,0.0000,0.0000,0.0000,0.0000,0.0000,0.0000,0.0000,0.0000,0.0000,0.0000,0.0000,0.0000,0.0000,0.0000,0.0000,0.0000,0.0000,0.0000,0.0000,0.0000,0.0000,0.0000,0.0000,0.0000,0.0000,0.0000,0.0000,0.0000,0.0000,0.0000,0.0000,0.0000,0.0000,0.0000,0.0000,0.0000,0.0000,0.0000,0.0000,0.0000,0.0000,0.0000,0.0000,0.0000,0.0000,0.0000,0.0000,0.0000,0.0000,0.0000,0.0000,0.0000,0.0000,0.0000,0.0000,0.0000,0.0000,0.0000,0.0000,0.0000,0.0000,0.0000,0.0000,0.0000,0.0000,0.0000,0.0000,0.0000,0.0000,0.0000,0.0000,0.0000,0.0000,0.0000,0.0000,0.0000,0.0000,0.0000,0.0000,0.0000,0.0000,0.0000,0.0000,0.0000,0.0000,0.0000,0.0000,0.0000,0.0000,0.0000,0.0000,0.0000,0.0000,0.0000,0.0000,0.0000,0.0000,0.0000,0.0000,0.0000,0.0000,0.0000,0.0000,0.0000,0.0000,0.0000,0.0000,0.0000,0.0000,0.0000,0.0000,0.0000,0.0000,0.0000,0.0000,0.0000,0.0000,0.0000,0.0000,0.0000,0.0000,0.0000,0.0000,0.0000,0.0000,0.0000,0.0000,0.0000,0.0000,0.0000,0.0000,0.0000,0.0000,0.0000,0.0000,0.0000,0.0000,0.0000,0.0000,0.0000,0.0000,0.0000,0.0000,0.0000,0.0000,0.0000,0.0000,0.0000,0.0000,0.0000,0.0000,0.0000,0.0000,0.0000,0.0000,0.0000,0.0000,0.0000,0.0000,0.0000,0.0000,0.0000,0.0000,0.0000,0.0000,0.0000,0.0000,0.0000,0.0000,0.0000,0.0000,0.0000,0.0000,0.0000,0.0000,0.0000,0.0000,0.0000,0.0000,0.0000,0.0000,0.0000,0.0000,0.0000,0.0000,0.0000,0.0000,0.0000,0.0000,0.0000,0.0000,0.0000,0.0000,0.0000,0.0000,0.0000,0.0000,0.0000,0.0000,0.0000,0.0000,0.0000,0.0000,0.0000,0.0000
45126.1250000,0.0000,0.0000,0.0000,0.0000,0.0000,0.0000,0.0000,0.0000,0.0000,0.0000,0.0000,0.0000,0.0000,0.0000,0.0000,0.0000,0.0000,0.0000,0.0000,0.0000,0.0000,0.0000,0.0000,0.0000,0.0000,0.0000,0.0000,0.0000,0.0000,0.0000,0.0000,0.0000,0.0000,0.0000,0.0000,0.0000,0.0000,0.0000,0.0000,0.0000,0.0000,0.0000,0.0000,0.0000,0.0000,0.0000,0.0000,0.0000,0.0000,0.0000,0.0000,0.0000,0.0000,0.0000,0.0000,0.0000,0.0000,0.0000,0.0000,0.0000,0.0000,0.0000,0.0000,0.0000,0.0000,0.0000,0.0000,0.0000,0.0000,0.0000,0.0000,0.0000,0.0000,0.0000,0.0000,0.0000,0.0000,0.0000,0.0000,0.0000,0.0000,0.0000,0.0000,0.0000,0.0000,0.0000,0.0000,0.0000,0.0000,0.0000,0.0000,0.0000,0.0000,0.0000,0.0000,0.0000,0.0000,0.0000,0.0000,0.0000,0.0000,0.0000,0.0000,0.0000,0.0000,0.0000,0.0000,0.0000,0.0000,0.0000,0.0000,0.0000,0.0000,0.0000,0.0000,0.0000,0.0000,0.0000,0.0000,0.0000,0.0000,0.0000,0.0000,0.0000,0.0000,0.0000,0.0000,0.0000,0.0000,0.0000,0.0000,0.0000,0.0000,0.0000,0.0000,0.0000,0.0000,0.0000,0.0000,0.0000,0.0000,0.0000,0.0000,0.0000,0.0000,0.0000,0.0000,0.0000,0.0000,0.0000,0.0000,0.0000,0.0000,0.0000,0.0000,0.0000,0.0000,0.0000,0.0000,0.0000,0.0000,0.0000,0.0000,0.0000,0.0000,0.0000,0.0000,0.0000,0.0000,0.0000,0.0000,0.0000,0.0000,0.0000,0.0000,0.0000,0.0000,0.0000,0.0000,0.0000,0.0000,0.0000,0.0000,0.0000,0.0000,0.0000,0.0000,0.0000,0.0000,0.0000,0.0000,0.0000,0.0000,0.0000,0.0000,0.0000,0.0000,0.0000,0.0000,0.0000,0.0000,0.0000,0.0000,0.0000,0.0000,0.0000,0.0000,0.0000,0.0000,0.0000,0.0000,0.0000,0.0000,0.0000,0.0000,0.0000,0.0000,0.0000,0.0000,0.0000,0.0000,0.0000,0.0000,0.0000,0.0000,0.0000,0.0000,0.0000,0.0000,0.0000,0.0000,0.0000,0.0000,0.0000,0.0000,0.0000
45126.1666667,0.0000,0.0000,0.0000,0.0000,0.0000,0.0000,0.0000,0.0000,0.0000,0.0000,0.0000,0.0000,0.0000,0.0000,0.0000,0.0000,0.0000,0.0000,0.0000,0.0000,0.0000,0.0000,0.0000,0.0000,0.0000,0.0000,0.0000,0.0000,0.0000,0.0000,0.0000,0.0000,0.0000,0.0000,0.0000,0.0000,0.0000,0.0000,0.0000,0.0000,0.0000,0.0000,0.0000,0.0000,0.0000,0.0000,0.0000,0.0000,0.0000,0.0000,0.0000,0.0000,0.0000,0.0000,0.0000,0.0000,0.0000,0.0000,0.0000,0.0000,0.0000,0.0000,0.0000,0.0000,0.0000,0.0000,0.0000,0.0000,0.0000,0.0000,0.0000,0.0000,0.0000,0.0000,0.0000,0.0000,0.0000,0.0000,0.0000,0.0000,0.0000,0.0000,0.0000,0.0000,0.0000,0.0000,0.0000,0.0000,0.0000,0.0000,0.0000,0.0000,0.0000,0.0000,0.0000,0.0000,0.0000,0.0000,0.0000,0.0000,0.0000,0.0000,0.0000,0.0000,0.0000,0.0000,0.0000,0.0000,0.0000,0.0000,0.0000,0.0000,0.0000,0.0000,0.0000,0.0000,0.0000,0.0000,0.0000,0.0000,0.0000,0.0000,0.0000,0.0000,0.0000,0.0000,0.0000,0.0000,0.0000,0.0000,0.0000,0.0000,0.0000,0.0000,0.0000,0.0000,0.0000,0.0000,0.0000,0.0000,0.0000,0.0000,0.0000,0.0000,0.0000,0.0000,0.0000,0.0000,0.0000,0.0000,0.0000,0.0000,0.0000,0.0000,0.0000,0.0000,0.0000,0.0000,0.0000,0.0000,0.0000,0.0000,0.0000,0.0000,0.0000,0.0000,0.0000,0.0000,0.0000,0.0000,0.0000,0.0000,0.0000,0.0000,0.0000,0.0000,0.0000,0.0000,0.0000,0.0000,0.0000,0.0000,0.0000,0.0000,0.0000,0.0000,0.0000,0.0000,0.0000,0.0000,0.0000,0.0000,0.0000,0.0000,0.0000,0.0000,0.0000,0.0000,0.0000,0.0000,0.0000,0.0000,0.0000,0.0000,0.0000,0.0000,0.0000,0.0000,0.0000,0.0000,0.0000,0.0000,0.0000,0.0000,0.0000,0.0000,0.0000,0.0000,0.0000,0.0000,0.0000,0.0000,0.0000,0.0000,0.0000,0.0000,0.0000,0.0000,0.0000,0.0000,0.0000,0.0000,0.0000,0.0000,0.0000,0.0000
45126.2083333,0.0000,0.0000,0.0000,0.0000,0.0000,0.0000,0.0000,0.0000,0.0000,0.0000,0.0000,0.0000,0.0000,0.0000,0.0000,0.0000,0.0000,0.0000,0.0000,0.0000,0.0000,0.0000,0.0000,0.0000,0.0000,0.0000,0.0000,0.0000,0.0000,0.0000,0.0000,0.0000,0.0000,0.0000,0.0000,0.0000,0.0000,0.0000,0.0000,0.0000,0.0000,0.0000,0.0000,0.0000,0.0000,0.0000,0.0000,0.0000,0.0000,0.0000,0.0000,0.0000,0.0000,0.0000,0.0000,0.0000,0.0000,0.0000,0.0000,0.0000,0.0000,0.0000,0.0000,0.0000,0.0000,0.0000,0.0000,0.0000,0.0000,0.0000,0.0000,0.0000,0.0000,0.0000,0.0000,0.0000,0.0000,0.0000,0.0000,0.0000,0.0000,0.0000,0.0000,0.0000,0.0000,0.0000,0.0000,0.0000,0.0000,0.0000,0.0000,0.0000,0.0000,0.0000,0.0000,0.0000,0.0000,0.0000,0.0000,0.0000,0.0000,0.0000,0.0000,0.0000,0.0000,0.0000,0.0000,0.0000,0.0000,0.0000,0.0000,0.0000,0.0000,0.0000,0.0000,0.0000,0.0000,0.0000,0.0000,0.0000,0.0000,0.0000,0.0000,0.0000,0.0000,0.0000,0.0000,0.0000,0.0000,0.0000,0.0000,0.0000,0.0000,0.0000,0.0000,0.0000,0.0000,0.0000,0.0000,0.0000,0.0000,0.0000,0.0000,0.0000,0.0000,0.0000,0.0000,0.0000,0.0000,0.0000,0.0000,0.0000,0.0000,0.0000,0.0000,0.0000,0.0000,0.0000,0.0000,0.0000,0.0000,0.0000,0.0000,0.0000,0.0000,0.0000,0.0000,0.0000,0.0000,0.0000,0.0000,0.0000,0.0000,0.0000,0.0000,0.0000,0.0000,0.0000,0.0000,0.0000,0.0000,0.0000,0.0000,0.0000,0.0000,0.0000,0.0000,0.0000,0.0000,0.0000,0.0000,0.0000,0.0000,0.0000,0.0000,0.0000,0.0000,0.0000,0.0000,0.0000,0.0000,0.0000,0.0000,0.0000,0.0000,0.0000,0.0000,0.0000,0.0000,0.0000,0.0000,0.0000,0.0000,0.0000,0.0000,0.0000,0.0000,0.0000,0.0000,0.0000,0.0000,0.0000,0.0000,0.0000,0.0000,0.0000,0.0000,0.0000,0.0000,0.0000,0.0000,0.0000,0.0000,0.0000,0.0000,0.0000
45126.2500000,0.2613,0.5978,0.7985,0.7611,1.3177,1.0211,0.9175,0.4583,0.9013,0.9360,0.8459,0.7625,0.5020,0.7263,0.6612,0.6809,0.8770,0.8093,0.5891,0.4162,0.9539,0.3982,0.3820,0.6232,0.6585,1.3502,0.6304,0.2364,0.7867,0.2604,0.5030,0.3329,0.4318,0.6688,0.6523,0.5613,0.8819,0.9059,0.3219,1.1882,1.0398,1.0944,0.6318,0.8448,1.7768,0.8803,0.6859,0.7584,0.4244,0.5806,0.8876,0.8255,0.9393,1.0140,0.3946,0.3922,0.4737,0.7301,1.2971,0.9987,1.0454,0.7934,0.3493,0.3148,0.4857,0.4238,0.6935,0.6687,-0.2212,0.1299,0.6120,0.5933,0.4918,0.1412,0.6521,0.8644,0.7033,0.8294,0.5788,0.9147,1.9363,1.7001,1.2270,0.9757,0.7747,0.8052,1.2491,0.9365,1.0878,0.9393,1.0254,1.2921,1.4419,1.0624,0.5329,0.7038,0.8465,1.2828,1.0050,0.8558,0.9428,1.1018,0.8117,0.8596,1.2573,1.6055,1.3256,1.2547,0.6206,1.1705,0.6958,0.3093,0.8778,0.7373,0.8694,0.7418,0.5627,0.9862,0.8043,0.8285,0.1765,0.7916,0.4480,0.7437,0.6178,0.8076,0.8511,1.1666,0.7128,0.2592,0.4733,0.4262,0.4785,0.5659,0.8221,0.5666,0.5683,0.8241,0.5903,0.4918,0.3164,0.7419,0.5230,0.5993,0.8211,0.2161,0.3517,1.0458,0.6727,0.5088,0.4794,0.1746,0.3138,0.2161,0.4913,0.9551,1.0965,1.0207,0.9421,0.5662,1.4188,1.0640,1.0743,1.3387,1.5882,0.9962,1.1973,0.7428,0.6697,0.5931,0.1545,0.3559,0.3941,0.7676,0.7488,1.0104,0.6989,0.7631,0.6366,1.4787,1.2157,0.9123,0.8109,1.0175,0.8063,1.0623,0.9714,0.9791,0.9867,0.9943,1.0020,1.0065,1.0141,1.0219,1.0298,1.0377,1.0457,1.0538,1.0621,1.0705,1.0790,1.0877,1.0966,1.1056,1.1148,1.1242,1.1337,1.1434,1.1533,1.1634,1.1737,1.1842,1.1949,1.2058,1.2169,1.2282,1.2397,1.2515,1.2634,1.2756,1.2880,1.3006,1.3134,1.3264,1.3396,1.3529,1.3665,1.3802,1.3941,1.4082,1.4224,1.4367,1.4511,1.4656,1.4695,1.4845
45126.2916667,1.3934,3.1880,4.2583,4.0594,7.0292,5.4476,4.8948,2.4450,4.8086,5.0267,4.5459,4.0958,2.7203,3.9006,3.5279,3.6331,4.6986,4.3421,3.1432,2.2210,5.0904,2.1251,2.0390,3.3263,3.6737,7.3451,3.3820,1.2624,4.2630,1.4315,2.7036,1.8244,3.3531,4.1407,3.4839,2.9980,4.7876,4.9478,2.0502,6.4321,5.5550,5.8803,3.3759,4.5144,9.4954,4.7047,3.6658,4.0530,2.2679,3.1031,4.9409,4.5826,5.4673,5.5009,2.1096,2.0969,2.5323,3.9845,6.9948,5.4193,5.7858,4.2695,1.8678,1.6831,3.8096,2.2680,3.7116,3.5798,-1.1783,0.6996,3.2784,3.2523,2.7376,0.7570,3.6184,4.7050,3.8244,4.5340,3.3107,4.8974,10.5421,9.2277,6.6736,7.0081,4.1505,4.3144,6.6918,5.0169,5.8270,5.0318,5.4925,6.9202,7.7249,5.6913,2.8544,3.7707,4.5350,6.8736,5.3857,4.7712,5.0520,5.9041,4.3497,5.0494,6.9549,12.4610,8.3865,10.1640,4.4270,8.7915,4.8032,1.6755,4.8362,3.9521,4.8277,4.3629,3.0516,5.3295,4.3833,4.5067,0.9467,4.5933,2.4261,3.9889,3.3135,4.6407,4.6150,6.3312,3.8236,1.3979,2.5754,2.3608,2.8213,5.2986,4.5041,3.3175,3.0533,5.5620,5.0102,2.6386,1.6975,4.0790,2.8062,3.2157,4.4063,1.1595,1.8875,5.6124,3.6895,2.7724,2.6101,0.9374,1.6872,1.2282,2.6972,5.1590,5.9618,5.4790,5.0572,3.0394,7.6158,5.7111,6.7101,7.2406,8.9871,5.4662,6.6188,4.1050,3.7205,3.7320,0.8308,2.6039,2.1235,4.2321,4.0605,6.5167,3.8348,4.1510,3.4648,8.0387,6.6127,4.9272,4.4430,5.5532,4.3592,5.7367,5.2450,5.2714,5.3135,5.3559,5.3991,5.4249,5.4681,5.5122,5.5572,5.6419,5.6465,5.6935,5.7416,5.7909,5.8414,5.8933,5.9466,6.0014,6.0613,6.1200,6.1806,6.2433,6.3082,6.3755,6.4453,6.5179,6.8578,6.6488,6.7277,6.8098,6.8956,6.9851,7.0788,7.1769,7.2798,7.1440,7.5476,7.6736,7.8072,7.9489,8.0995,8.2599,8.4311,8.6141,8.8102,10.5788,10.6561,10.7338,10.7547,10.8349
45126.3333333,1.8268,4.1794,5.6701,5.3216,9.2146,7.3033,6.4164,3.2051,6.6730,6.7266,6.0693,5.4927,3.6148,5.1845,4.6244,4.8273,9.9453,5.8012,4.9093,2.9526,7.0088,2.8590,2.6725,5.5168,5.1238,9.5245,4.5282,1.6545,5.7955,2.0391,3.9577,2.7354,6.7819,6.6542,4.9643,3.9440,6.2552,7.2429,2.6723,8.7832,7.2796,7.8538,4.4238,5.9156,12.8788,6.1648,4.8035,5.3108,2.9717,4.5220,7.3101,6.7660,10.6565,7.5820,2.8546,3.4433,3.8116,5.5651,9.5830,7.1927,8.7136,5.7313,2.4474,2.2053,5.0351,2.9715,8.4634,5.4037,-2.2938,0.9192,4.5865,4.3932,4.0977,1.0013,4.8103,6.5620,5.0256,6.0011,4.3081,6.9695,13.9971,12.7383,8.8535,8.9736,5.4403,5.9669,8.7713,6.5765,7.6375,6.5967,7.1992,9.0697,11.0911,8.9427,3.9807,5.0718,6.0851,9.3110,7.1885,7.2512,6.6657,8.5182,5.8480,10.0862,10.0916,16.6251,13.7686,13.6021,6.0129,11.7740,6.5039,2.3924,6.5732,5.2546,6.9973,8.7585,4.0229,6.9492,6.0150,6.0915,1.2419,8.7789,3.1711,5.5419,4.4630,6.0560,6.3122,8.5497,5.3554,1.8605,3.5246,3.4459,5.7619,7.1898,5.8608,4.3317,4.0412,9.2105,6.7983,3.5673,2.2226,5.3275,3.6928,4.3004,5.9437,1.5182,2.6355,7.4327,4.8987,3.9124,3.3934,1.2290,2.2194,1.6027,3.6414,6.8611,8.2000,7.2267,6.9687,4.0520,15.8296,7.7797,8.6271,9.4494,12.6338,7.6357,8.6394,6.2588,5.4578,6.2212,1.1005,3.6090,2.8246,6.1992,5.5289,11.0178,5.0118,5.7036,4.5832,10.9255,9.0853,6.5641,5.7258,7.2368,5.6798,7.6567,7.0067,7.0720,7.1371,7.1979,7.2646,7.3092,7.3771,7.4465,7.5177,7.5900,7.6640,7.7400,7.8181,7.8984,7.9810,8.0660,8.1535,8.2437,8.3367,8.4326,8.5533,8.6574,8.7651,8.8764,8.9916,9.1109,9.2343,9.3622,9.4948,9.6322,9.7746,9.9224,10.0757,10.2348,10.3999,10.5713,10.7493,10.9342,13.4455,13.5392,13.6341,13.7302,13.8275,13.9259,14.0252,14.1254,14.2263,14.3279,14.3551,14.4598
45126.3750000,2.5875,5.9198,8.1607,7.5378,16.7596,11.1758,9.0886,6.3389,11.3898,10.2762,9.2424,8.4098,5.5263,7.9051,6.8004,7.1515,16.5031,8.7718,11.6004,4.4965,12.7510,4.3539,3.7856,8.2570,7.2351,16.6093,7.0305,2.3437,9.6862,4.4422,5.9128,6.7157,11.9967,14.1707,15.1208,12.7558,10.5374,10.0289,3.8924,14.7575,10.5429,11.8703,6.2668,8.7188,19.0468,10.8979,7.4963,7.5234,4.6269,6.2798,18.0785,16.3240,17.6522,12.9238,4.4319,9.3620,5.0593,9.9911,15.6235,10.9318,19.6354,8.7753,3.4672,3.1242,7.8978,4.2097,14.2988,13.7338,-6.5651,1.3173,7.9111,6.2226,9.4616,1.4597,8.3491,11.4858,7.5286,11.6728,6.3020,10.3256,24.4646,21.3259,13.4193,20.3202,7.7118,8.4925,12.6801,9.3236,10.8271,18.4000,13.8972,15.4162,18.9942,21.1705,6.8730,7.6252,9.2242,14.3019,10.8889,17.3306,9.6942,21.1253,8.8705,16.8480,22.7154,26.7937,22.2817,22.2166,9.8301,18.9817,10.5049,5.1954,9.3105,7.8658,16.6647,14.7002,6.0258,10.6293,10.4318,10.0713,1.7737,14.5557,4.5626,9.3150,6.6626,8.7911,10.4614,14.4133,9.1651,2.8325,6.0118,8.2348,9.8523,12.2995,10.0553,5.9763,5.9917,15.2709,11.4519,5.0939,3.3070,7.9142,6.8755,6.4693,9.4975,2.2448,4.5653,12.4564,9.0781,5.4859,6.0006,1.7652,3.1503,2.8540,5.1613,10.3590,13.8114,10.2316,11.6301,6.0628,25.9212,12.3482,15.2732,13.7741,18.1964,14.7107,13.5174,14.5439,11.9287,10.3216,1.6675,6.1272,4.1653,13.1558,9.0623,18.0888,7.7560,9.6316,6.9275,17.8670,15.3248,9.9011,8.3000,10.7243,8.4621,11.5461,10.5717,10.6992,10.8156,10.9340,11.0553,11.1459,11.2705,11.3982,11.5292,11.6628,11.7996,11.9403,12.0848,12.2335,12.3864,12.5437,12.7056,12.8723,13.0440,13.2208,13.4030,13.5908,13.7843,13.9838,14.1895,14.4017,14.6205,14.8462,15.0791,15.3193,20.6051,20.7217,20.8404,20.9611,21.0840,21.2090,21.3360,21.4650,21.5959,21.7287,21.8634,21.9997,22.1376,22.2770,22.4177,22.5597,22.7027,22.8467,22.8851,23.0334
45126.4166667,2.8027,6.4129,12.4590,14.4811,96.9947,20.7476,19.8734,9.1569,60.9187,18.9350,17.4114,16.0676,10.4443,14.7713,7.9996,13.2089,53.1677,15.6067,39.2000,5.4810,18.0070,10.9103,5.6576,14.2137,13.9341,75.9838,14.2883,10.7695,51.1227,12.1338,44.2026,20.0311,47.8786,49.4982,55.2289,46.4884,60.9464,22.3011,7.1136,68.9693,25.6098,20.1706,6.8039,9.3912,96.5849,49.8526,13.7390,13.3303,8.4113,16.3251,61.0710,54.3593,56.6413,64.4540,7.9797,32.5615,8.5865,61.8543,76.6137,19.7264,62.7131,16.4989,5.6522,5.8495,23.6356,4.5758,49.1166,47.1489,-23.3407,2.1275,39.6788,7.5752,28.5846,2.2590,11.2724,60.5605,13.2606,72.5325,12.2667,23.3429,112.9447,96.7461,23.9297,69.2081,8.3950,10.6444,14.6060,10.4735,77.9549,60.5373,74.7916,84.4451,86.0920,70.1000,41.0466,13.4839,16.6091,27.2718,18.9664,58.3939,18.0738,68.2231,15.9017,55.6862,70.1530,77.1928,64.9831,67.6211,28.4490,53.9800,28.8847,16.9186,13.4061,13.0640,54.3264,49.2495,8.9548,18.4306,56.2782,52.8265,2.7884,46.3874,7.7954,42.8442,7.9333,49.5883,44.8222,62.4229,44.6595,5.5477,32.8638,28.1400,34.5362,43.8667,61.1046,9.8130,9.5846,48.7994,38.3330,33.2944,5.2383,44.7588,36.1525,11.0357,50.4103,2.5934,24.9420,70.2553,52.2677,9.7837,35.4859,2.3071,4.6326,13.1707,8.0301,18.1683,63.1298,14.6674,60.7380,10.3714,80.3919,68.7882,67.6825,17.8629,53.5014,33.6069,31.0843,48.3485,37.5216,32.1989,4.3101,19.8796,6.7720,39.9118,37.3469,55.9170,11.4475,45.5028,12.2163,80.1051,68.7643,17.1658,55.4733,16.9149,13.3915,20.1218,18.4966,18.8521,19.2156,19.5889,19.9733,20.3325,20.7371,21.1539,21.5834,22.0249,22.4796,22.9483,23.4315,23.9298,24.4435,24.9733,25.5196,26.0831,26.6644,27.2640,58.4842,58.5882,58.6943,58.8024,58.9127,59.0251,59.1397,59.2565,59.3755,59.4969,59.6206,59.7465,59.8748,60.0054,60.1383,60.2734,60.4108,60.5503,60.6920,60.8358,60.9814,61.1290,61.2783,61.4292,61.5816,61.7354,61.8902,62.0461,62.0867,62.2474
45126.4583333,2.4754,7.8804,24.0509,103.6450,130.7018,28.1465,27.2434,12.8806,82.6626,88.5985,87.4556,21.8913,50.6263,70.8483,72.9360,17.6901,71.9834,20.6050,15.6937,6.5890,88.5099,21.7617,8.5574,10.0914,19.3715,101.2123,76.4671,14.6478,69.6258,8.2684,33.8047,9.4831,21.6835,26.6638,76.0938,64.3999,82.8077,81.3331,10.6625,92.3162,94.4587,26.1463,6.0160,11.5935,127.6061,67.3378,18.4561,30.4752,11.8543,9.6482,22.8819,73.9274,76.4847,25.3356,9.1780,23.0408,12.8960,84.9098,102.3808,86.6402,84.3711,22.3113,6.0526,7.6923,10.0362,16.2638,67.3364,64.7265,-5.0558,3.0862,16.2455,15.1811,13.4762,10.7226,16.2496,82.3569,65.5868,99.2582,17.4350,23.7832,149.5419,128.2404,106.8477,26.6451,7.4320,16.1740,105.2549,28.4749,105.4022,81.9148,101.3335,113.3329,114.8035,94.5846,15.0208,17.6005,22.1336,36.8214,24.7092,23.0008,77.0354,91.7562,69.8050,75.5982,93.5916,101.4935,86.0021,90.0774,38.9152,71.5138,39.1177,7.2690,76.5263,17.4203,73.6726,67.2935,12.2143,81.2436,76.7604,71.8108,3.7007,63.0304,44.8623,58.3506,31.8090,67.4090,60.5157,83.3353,61.0509,29.9662,45.9102,18.1415,7.0264,12.6057,10.8848,55.8709,53.5914,38.3779,14.8018,46.3901,39.9996,61.0044,50.2021,49.2138,68.4500,5.4418,35.4980,94.9033,15.9025,13.5964,11.1218,3.8893,5.7340,6.7464,11.5448,88.4279,84.6728,90.9897,22.1789,45.5610,106.9824,92.7503,27.5074,48.4034,61.1748,101.4790,97.2673,65.9977,51.2899,44.2843,4.2801,28.4014,8.9011,54.0817,50.6055,75.0773,14.4217,61.9099,16.1968,106.2458,27.6890,22.4117,20.3217,93.9959,21.9086,84.9004,76.4560,76.5279,76.5986,76.6696,76.7415,76.7820,76.8533,76.9257,76.9993,77.0730,77.1477,77.2237,77.3010,77.3796,77.4597,77.5412,77.6242,77.7088,77.7949,77.8828,77.9723,78.0636,78.1567,78.2516,78.3484,78.4471,78.5478,78.6505,78.7551,78.8618,78.9705,79.0813,79.1942,79.3091,79.4260,79.5450,79.6659,79.7888,79.9136,80.0402,80.1686,80.2986,80.4302,80.5633,80.6976,80.8332,80.9698,81.1073,81.1426,81.2844
45126.5000000,2.4514,18.8921,100.3646,119.4057,149.5366,119.3972,112.9445,16.0977,95.2094,101.9466,100.7706,88.3684,59.1563,81.9539,84.4359,75.6675,83.0332,79.1999,62.9783,50.2258,101.8192,15.5640,10.6413,18.2034,80.4895,115.7684,88.5187,6.2058,80.4681,10.2919,71.6245,13.9994,37.0112,78.7896,88.0600,74.8201,95.4034,93.6822,13.7170,105.8309,108.4969,104.8853,15.7865,13.2908,145.3293,77.7150,72.9974,90.8323,50.9205,15.8421,95.5579,85.3304,88.0889,99.9754,11.4174,16.9030,15.0007,98.0283,117.1812,99.6157,96.9526,87.8159,12.1659,9.8647,12.2894,30.6948,77.9847,75.0359,-30.5442,12.9600,63.5487,18.7409,17.1202,14.0453,19.9766,94.9109,75.9677,114.2912,21.8644,29.4173,170.1788,146.1629,122.3895,107.8496,13.4191,21.8609,120.5358,32.7548,120.9408,94.2966,116.3794,129.7123,131.1749,108.6076,66.3607,85.0202,93.0617,147.6328,105.3195,91.5407,88.7142,105.3178,80.6374,87.1932,107.1899,115.7175,98.4111,103.1767,45.5938,82.0741,45.7215,29.6396,88.2421,75.2687,84.9930,77.8854,14.8664,93.4843,88.6248,82.9302,18.8522,72.9469,52.6738,67.6691,93.4850,77.9409,69.9969,95.6351,70.8148,35.9307,53.8519,46.6776,13.0477,16.5386,96.2064,65.1074,62.4975,76.5381,61.6497,54.3699,47.3161,70.7144,58.6792,57.4355,79.1085,6.9238,42.1059,109.0286,19.4262,16.9019,13.6560,19.1947,30.5610,8.6662,14.1898,101.7398,97.2363,104.5719,94.6197,53.2785,122.2761,106.5185,104.6717,118.0750,149.2892,116.5999,111.4869,76.3896,59.6741,51.7734,18.2561,33.9549,45.2223,62.7212,58.7729,86.3782,17.3270,71.6812,64.0696,121.3390,105.2851,88.8419,87.2253,108.0056,96.3183,97.5365,88.0117,88.0826,88.1523,88.2221,88.2930,88.3327,88.4030,88.4743,88.5467,88.6194,88.6930,88.7679,88.8440,88.9215,89.0004,89.0807,89.1625,89.2459,89.3309,89.4175,89.5058,89.5958,89.6876,89.7812,89.8767,89.9741,90.0734,90.1747,90.2780,90.3833,90.4906,90.6000,90.7114,90.8248,90.9403,91.0578,91.1772,91.2986,91.4219,91.5469,91.6738,91.8022,91.9323,92.0637,92.1965,92.3305,92.4655,92.6014,92.6361,92.7762
45126.5416667,12.6782,118.5047,105.8988,125.9221,157.2999,125.7833,119.0559,77.5552,100.4314,107.4921,106.3016,93.3135,62.7531,86.5925,89.2326,80.0106,87.6511,83.6576,66.7251,53.4135,107.3494,16.6420,62.4870,18.9063,85.0879,121.8064,21.5707,3.6815,85.0011,11.4806,17.5479,5.1950,17.7952,83.2967,93.0446,79.1800,100.6449,98.8244,15.2138,111.4468,114.3221,110.5003,23.3829,26.9052,152.6501,82.0616,77.2026,95.9042,54.1390,20.0136,100.8043,90.0900,92.9312,105.3821,12.4661,9.0733,16.3809,23.1237,123.3171,105.0118,102.1903,92.7174,17.3223,11.8110,14.1948,84.9433,82.4383,79.3525,-31.1282,14.4029,67.3115,89.0694,85.9810,15.5373,21.8177,100.1352,80.3134,28.3267,23.8106,29.9493,178.6766,153.5629,128.8234,113.6735,20.1816,97.9798,126.8646,111.4218,127.3716,99.4522,122.6106,136.4846,137.9459,114.4265,70.3062,89.8249,98.2021,155.3185,111.0010,96.5994,93.5858,110.9508,85.1661,92.0301,112.8396,121.6240,103.5819,108.6250,48.4442,86.4970,48.5426,31.8419,93.1276,79.5681,89.7190,82.3160,16.0965,98.5834,22.7111,87.5753,20.5811,77.1074,55.9815,71.5891,22.9299,82.3539,73.9890,100.7697,74.9225,38.5020,13.8777,49.7127,14.1670,17.9918,101.5560,69.0126,16.3871,80.8977,65.3743,57.7766,50.4545,74.8256,62.2914,60.9474,83.6061,33.7668,44.9657,114.9282,21.1278,18.6386,61.5269,20.9789,32.8478,9.5808,15.4225,107.3040,102.4998,110.2445,99.8250,56.5769,128.6395,112.2605,110.3132,124.2615,156.9313,122.8832,117.4085,80.7605,63.2318,54.9669,19.9713,36.3610,48.1784,66.3743,62.2342,91.1061,72.1748,75.7884,67.8545,127.6012,110.8662,93.7426,92.0952,113.8244,101.6514,102.8017,92.8399,92.9104,92.9797,93.0492,93.1196,93.1590,93.2289,93.2999,93.3720,93.4443,93.5176,93.5921,93.6679,93.7450,93.8235,93.9035,93.9850,94.0680,94.1526,94.2388,94.3267,94.4163,94.5078,94.6010,94.6961,94.7931,94.8920,94.9928,95.0957,95.2005,95.3074,95.4163,95.5273,95.6402,95.7552,95.8722,95.9912,96.1120,96.2348,96.3594,96.4857,96.6136,96.7431,96.8741,97.0063,97.1398,97.2742,97.4096,97.4439,97.5835
45126.5833333,9.3978,78.8189,73.0583,21.2397,109.9754,87.5582,82.3680,15.2529,70.7187,75.4223,73.7831,64.9342,43.4695,60.4262,61.4002,55.9105,62.5919,59.4496,46.7941,36.8481,75.5139,13.9269,11.3919,58.7416,17.7654,88.4119,13.3839,4.1308,60.0515,9.5237,15.5963,11.1658,15.0138,29.2920,31.6751,54.1961,70.6558,69.7747,12.3489,80.3963,80.6779,78.8697,35.7581,77.1745,111.7238,59.1808,54.2297,66.4905,37.3770,61.6576,70.8117,63.5803,66.4770,74.9063,10.8816,14.4590,14.1384,14.9081,88.8140,74.5249,73.2560,64.8799,13.6043,10.7503,9.6099,12.4445,57.5392,55.3889,-21.6808,9.9282,47.4045,17.0293,14.4339,10.7466,64.1221,70.1867,56.3447,24.9643,20.1286,106.3330,129.4099,111.5487,91.5283,79.6549,82.4270,68.2621,90.5452,77.8720,89.2297,70.5237,85.6657,96.9076,99.3209,80.9950,15.0096,62.2128,68.8165,108.4228,78.3058,67.9231,66.9450,79.2518,60.4246,65.1385,81.9773,90.9053,76.9617,79.3533,35.8670,64.8677,36.6889,22.4903,65.9996,56.2246,63.8143,57.9637,47.2769,70.4568,21.7992,21.7185,14.2089,55.2581,38.7676,51.3750,66.8576,58.6551,53.9418,73.6314,53.1201,13.3867,39.7949,11.7288,9.7415,15.3218,70.6403,48.0056,46.3351,57.9348,46.0071,40.3312,34.0451,19.1702,14.5431,43.3763,59.5812,5.2129,8.2459,81.1545,19.4661,16.3206,42.5250,14.4602,23.1821,7.9145,44.9253,75.5432,74.0107,78.0179,70.8009,40.3521,93.3712,42.6072,78.5959,89.8616,112.5148,85.5526,84.2100,19.8838,45.4915,39.6232,13.6241,25.7563,33.4226,48.4084,45.6651,66.0991,51.2857,54.1603,47.9922,93.3166,80.3478,66.7304,64.6904,80.1682,70.5327,73.8277,66.7702,66.8913,67.0104,67.1299,67.2510,67.3201,67.4403,67.5623,67.6861,67.8103,67.9362,68.0641,68.1942,68.3265,68.4613,68.5984,68.7380,68.8802,69.0251,69.1728,69.3233,69.4766,69.6330,69.7924,69.9549,70.1206,70.2895,70.4618,70.6373,70.8162,70.9985,71.1842,71.3733,71.5658,71.7617,71.9609,72.1635,72.3692,72.5781,72.7900,73.0049,73.2225,73.4426,73.6652,73.8900,74.1168,74.3452,74.5752,74.6359,74.8730
45126.6250000,8.6645,23.3065,22.8779,18.3181,137.3691,30.3175,103.4044,14.1468,25.3826,27.7897,26.9622,23.7768,15.7220,22.0204,18.4433,20.5143,75.8968,72.3158,57.2208,13.0490,93.2191,13.0433,10.0510,73.7154,15.1635,106.3844,14.1604,2.2559,12.5056,9.0065,14.0645,6.3680,14.0949,25.4133,28.0214,68.0718,24.7299,24.9944,11.9114,30.1483,99.4288,27.1080,48.9564,96.9819,133.9151,71.0160,66.5095,82.9537,46.0000,32.0144,87.4094,77.9609,80.5963,91.5796,9.2567,8.0763,12.4945,11.5719,107.6349,91.2357,88.8318,80.2151,13.1245,9.8190,9.0191,12.9686,16.6721,68.3668,-29.3925,3.4049,16.2237,14.8817,12.6508,3.6486,21.6797,20.7873,69.2551,22.4277,18.9382,137.3973,156.8822,134.6150,33.1720,29.2124,105.3168,24.5541,110.6752,96.7582,110.9020,86.3001,106.6570,119.1411,120.6192,99.5534,13.0187,18.9906,23.4711,39.0199,27.9394,83.6950,81.1779,96.5687,73.6418,30.9305,98.4272,106.5721,90.4275,94.7401,41.2903,75.2872,41.4779,26.3621,24.0657,19.8102,77.7002,17.3812,16.3795,85.6052,18.7298,18.3912,4.2749,66.5752,10.8414,18.4141,85.2830,71.1853,63.9349,87.7663,64.5671,8.0786,8.1384,20.0205,6.5590,13.0413,87.9991,59.2156,56.8255,69.9557,15.9860,12.2815,19.8133,16.1022,12.5695,52.2343,72.3380,4.0736,6.4316,100.0217,17.1854,14.9343,12.0680,16.7540,27.3187,19.3067,15.9738,26.2597,89.2515,95.9179,86.7031,14.9845,112.5295,36.5957,96.0464,108.5935,137.4811,106.9263,102.4136,17.0020,54.3544,15.0211,15.8522,30.4391,40.8139,57.2176,53.5705,79.1534,62.1870,65.4299,17.4075,111.6729,96.6920,81.3171,21.7072,29.4043,23.6401,89.4325,80.6030,80.6739,80.7436,80.8136,80.8845,80.9239,80.9943,81.0658,81.1384,81.2113,81.2852,81.3603,81.4368,81.5147,81.5941,81.6749,81.7572,81.8412,81.9268,82.0140,82.1030,82.1938,82.2865,82.3810,82.4774,82.5757,82.6761,82.7784,82.8828,82.9893,83.0978,83.2084,83.3211,83.4359,83.5527,83.6717,83.7926,83.9155,84.0403,84.1669,84.2954,84.4255,84.5572,84.6904,84.8249,84.9607,85.0975,85.2351,85.2703,85.4123
45126.6666667,3.7025,10.2247,16.7477,14.4774,23.0819,21.8303,20.5352,8.4414,47.9206,20.1082,16.5479,16.8281,10.8335,15.7779,13.6353,14.7338,17.9466,16.7380,12.3538,8.9034,15.3178,6.7279,7.5477,12.3377,9.9007,61.2245,9.9066,3.3557,13.6047,4.5205,14.6260,7.3032,8.9652,16.4580,20.3036,13.9324,47.8058,47.3203,12.9174,23.7310,19.0651,21.5189,15.0971,19.2754,78.1252,40.2833,14.6057,44.6057,8.9265,13.8705,17.9289,42.9559,45.2881,20.6208,13.0353,8.3250,9.6696,13.9528,61.2870,20.9444,21.3837,17.2715,13.1149,11.0196,35.6717,12.6712,38.4966,36.9941,-5.6059,2.4682,10.9117,40.1401,9.6397,2.6889,14.8512,47.4400,14.9648,16.4464,25.9825,71.3039,90.3311,77.7299,25.2977,20.9261,55.1110,17.5983,62.2475,52.7495,60.7670,19.7448,19.9509,66.5782,68.7336,55.2777,10.2832,14.2620,17.5836,28.1041,21.0669,18.1430,19.3829,54.2881,16.8496,44.1148,56.6665,63.8487,53.6451,54.9385,24.0332,45.1315,24.8608,6.0700,14.8959,14.8468,17.5488,18.5028,9.9966,20.1281,12.7566,13.6033,3.3398,37.3859,8.6007,34.6601,20.6906,39.6721,36.7543,50.8569,35.6847,5.7559,7.4783,22.5184,11.0436,11.1552,47.5759,31.7760,30.6895,39.2681,30.5609,26.4669,6.5499,35.9645,10.0202,28.8776,16.7855,3.1025,9.9903,55.3288,10.9405,8.3491,9.3699,4.4566,6.2331,7.9898,29.4898,51.3186,50.8614,17.0813,19.0577,26.7893,64.7769,54.4572,53.7792,62.1722,77.9612,19.4055,57.9301,16.4777,30.5580,26.4241,2.8976,16.4325,8.6065,32.8472,30.9795,45.3611,34.4647,36.5935,13.1303,64.9788,55.4773,45.3950,43.6684,54.5949,17.7515,50.6175,45.6478,45.7565,45.8633,45.9705,46.0790,46.1410,46.2486,46.3579,46.4688,46.5800,46.6927,46.8072,46.9236,47.0421,47.1626,47.2853,47.4102,47.5375,47.6671,47.7991,47.9337,48.0709,48.2108,48.3534,48.4988,48.6470,48.7981,48.9522,49.1092,49.2693,49.4324,49.5986,49.7678,49.9401,50.1154,50.2937,50.4750,50.6592,50.8462,51.0360,51.2283,51.4232,51.6204,51.8197,52.0210,52.2241,52.4288,52.6348,52.6893,52.9017
45126.7083333,3.0543,7.5582,11.4881,8.8989,17.5885,16.2053,15.1608,6.9478,23.8676,14.9731,12.3456,12.4510,7.9715,11.6912,16.2441,10.9195,13.4794,12.5348,9.1694,4.9142,11.9278,5.4021,5.5310,7.8434,7.7083,52.1804,10.1200,2.7688,10.4564,4.5389,7.4792,5.9947,7.5756,10.0196,12.5253,7.7045,19.8136,40.1659,12.1347,17.9504,14.4425,13.8603,10.9164,14.2027,66.8984,33.8839,10.8616,37.8817,5.6078,10.0625,13.3412,17.6190,38.3105,12.9814,5.6909,9.0005,9.8980,11.6007,19.6647,15.7004,16.1122,12.8295,8.0582,10.9614,8.8047,11.1997,32.4708,18.0581,-4.2631,1.7443,8.4808,12.5399,6.7318,1.9192,10.8670,15.5801,11.1314,13.5034,11.8086,61.6519,39.0711,34.5063,19.0176,15.5928,47.2788,13.0521,53.1959,44.9987,25.0771,14.7971,14.9645,57.0343,29.9345,19.0861,7.6998,10.5968,13.1148,20.9209,15.7659,13.5376,14.5903,46.2105,12.6247,21.5531,16.4435,54.2720,45.4090,46.6400,19.5800,37.9351,20.2457,4.4970,11.9216,11.1232,13.1909,16.9602,6.8829,12.7240,11.4059,11.2828,2.4626,31.3756,6.4144,28.9808,19.3966,33.4083,30.7494,43.0707,29.9304,4.0015,5.8206,18.4194,9.8933,9.0361,40.4773,26.5748,25.5994,33.0299,25.4621,10.1139,6.0752,10.5459,7.5006,23.9447,12.6119,2.5621,4.1889,17.8243,11.0145,7.0986,6.9706,3.6172,4.6137,4.0359,24.6040,18.2888,15.1901,12.2688,11.7981,22.1093,55.2950,19.7017,27.4012,53.0419,66.9403,13.9047,49.3828,18.1400,25.3851,21.7584,3.2682,13.0439,6.3207,17.2403,25.6883,38.3137,28.8623,30.7060,9.8167,55.4251,47.1749,38.4447,36.9993,46.5834,13.1476,42.9751,38.6133,38.7032,38.7917,38.8803,38.9701,39.0214,39.1105,39.2009,39.2926,39.3846,39.4778,39.5724,39.6687,39.7666,39.8662,39.9675,40.0707,40.1758,40.2829,40.3919,40.5031,40.6163,40.7318,40.8495,40.9694,41.0918,41.2164,41.3435,41.4731,41.6051,41.7396,41.8767,42.0162,42.1583,42.3028,42.4498,42.5993,42.7511,42.9053,43.0616,43.2202,43.3808,43.5433,43.7075,43.8734,44.0408,44.2095,44.3792,44.4238,44.5988
45126.7500000,2.4760,6.0075,7.9128,7.2133,12.7984,10.5058,9.5830,5.2354,9.2567,9.6938,8.6613,7.9198,4.7592,7.5208,6.8808,7.0470,8.9455,8.2344,5.8450,4.0918,9.8124,4.1014,3.6233,5.9361,6.2465,13.5010,5.9817,2.2435,7.6981,3.2421,6.2271,3.1596,5.4582,7.9469,9.6681,6.2893,8.5566,21.0305,3.6314,12.0840,9.8726,10.9752,6.7117,8.7909,36.6067,9.5310,7.0722,9.2312,4.3041,6.1948,8.9691,9.0995,20.3547,10.1851,3.7495,5.9956,4.9556,8.6051,13.5165,10.2949,10.7114,8.2477,4.2995,2.9915,5.4362,4.0316,16.7145,12.0980,-2.4796,1.2509,5.8963,5.7789,4.7600,1.3769,6.2168,8.2397,6.7088,9.9645,6.2240,13.5032,21.1019,18.5921,12.5080,10.1486,9.5799,8.2950,14.4452,11.1348,16.3790,9.7124,11.8463,16.5573,15.2364,10.1377,5.2423,8.1779,8.6562,13.3522,10.4427,8.8286,9.1125,24.5609,8.1322,14.9622,12.4419,30.3013,25.1741,25.4099,10.7122,21.2014,11.3330,3.1007,8.7011,7.5283,8.8853,10.9319,5.4597,9.9383,7.9578,8.5412,1.7407,8.0283,4.4363,8.1822,11.5517,8.2144,8.4237,23.4535,8.0204,2.8281,4.9759,4.1550,5.2547,7.1744,20.8132,13.5660,13.1427,17.5343,13.1779,5.3823,4.1596,8.1108,5.2095,12.5475,8.0325,2.0728,3.3700,9.9956,6.5462,5.9326,4.7999,1.8087,3.1725,2.2718,7.3421,9.8217,10.5463,10.2799,9.0724,6.4395,29.9462,11.4789,15.1967,15.2792,18.4272,10.1881,26.3747,9.3816,7.8709,11.5571,1.5602,3.9682,4.0884,9.9679,8.3012,20.6793,15.1540,16.2471,6.5321,16.7056,25.4837,10.3948,11.7180,12.0888,8.4230,12.4182,11.4113,11.6083,11.8113,12.0221,12.2419,12.4390,12.6757,12.9230,13.1814,13.4507,13.7323,14.0270,21.5064,21.5864,21.6677,21.7504,21.8347,21.9204,22.0078,22.0968,22.1874,22.2798,22.3740,22.4700,22.5678,22.6675,22.7691,22.8727,22.9782,23.0858,23.1954,23.3070,23.4206,23.5362,23.6539,23.7736,23.8952,24.0187,24.1441,24.2713,24.4003,24.5308,24.6629,24.7965,24.9313,25.0674,25.2044,25.3423,25.3789,25.5211
45126.7916667,1.4878,3.6131,4.6261,4.3341,7.5050,5.9128,5.2629,2.8792,5.3199,5.3677,4.8276,4.3650,2.8593,4.1374,3.7664,3.9032,5.0215,4.6151,3.3674,2.4173,5.6782,2.2687,2.1767,3.5509,3.7523,7.7558,3.5930,1.3476,4.5561,1.4846,3.2891,1.8977,2.4617,3.8125,3.7187,3.2001,5.0281,5.1652,1.9394,6.8103,5.9293,6.2588,3.6246,4.8405,10.6775,5.0567,3.9365,4.4078,2.4387,3.3222,5.0822,4.7863,5.5997,5.8269,2.2515,2.4913,2.7027,4.1658,7.5628,5.6983,5.9654,4.5276,1.9935,1.7963,2.8749,2.4204,6.5462,5.3366,-1.2607,0.7492,3.5358,3.4591,2.8142,0.8178,3.7322,4.9466,4.0275,4.7444,3.3113,5.2313,11.0754,9.7267,7.0485,5.6236,4.4350,4.6260,7.2048,5.3624,6.3321,5.3956,6.4926,7.3953,8.3592,6.0841,3.1220,4.0333,4.8720,7.3869,5.7969,4.9308,5.4185,9.9552,4.6570,5.1924,7.4950,13.0885,7.5909,7.1843,3.5611,6.7052,5.1084,1.7830,5.1229,4.2795,5.0078,5.3011,3.2805,5.6772,4.6636,4.9444,1.0194,4.5460,2.5767,4.2962,3.5410,4.9290,4.9013,6.6895,4.1224,1.5838,2.8499,2.5181,3.0456,3.7478,4.7125,3.2508,5.1927,7.1840,5.2719,2.8373,1.8169,4.5554,3.0413,5.1307,4.7187,1.2434,2.0214,5.9955,3.9300,2.9669,2.7523,1.0083,1.8126,1.3281,3.2388,5.6138,6.2934,6.0236,5.4581,3.2899,8.7718,6.1396,7.5341,7.7796,9.2154,5.9285,7.0696,4.9042,4.3840,4.8451,0.8942,2.0677,2.2781,4.6802,4.3238,8.6210,4.1626,4.5400,3.6749,8.5935,10.5640,5.2959,4.7796,5.9326,4.6599,6.1955,5.6726,5.7270,5.7817,5.8377,5.8955,5.9361,6.2569,6.0432,6.1058,6.1703,6.2373,6.3071,6.3799,6.4560,6.5357,6.6192,6.7070,6.7898,6.8854,6.9860,7.0921,7.2043,7.3230,7.4488,7.5822,7.7239,7.8747,8.0353,9.8959,9.9607,10.0267,10.0940,10.1624,10.2321,10.3030,10.3750,10.4483,10.5227,10.5982,10.6748,10.7525,10.8311,10.9107,10.9911,11.0723,11.1542,11.2367,11.3198,11.3421,11.4276
45126.8333333,0.5689,1.3015,1.7384,1.6571,2.8692,2.2235,1.9978,0.9979,1.9626,2.0383,1.8583,1.6603,1.0931,1.5817,1.4399,1.4828,1.9097,1.7625,1.2828,0.9064,2.0774,0.8672,0.8320,1.3573,1.4342,2.9410,1.3732,0.5150,1.7138,0.5674,1.0959,0.7252,0.9408,1.4570,1.4211,1.2229,1.9214,1.9738,0.7013,2.5888,2.2656,2.3846,1.3767,1.8410,3.8720,1.9185,1.4948,1.6547,0.9248,1.2672,1.9344,1.7991,2.0472,2.2119,0.8601,0.8549,1.0325,1.5914,2.8273,2.1769,2.2790,1.7297,0.7616,0.6862,1.0591,0.9245,1.5129,1.4593,-0.4792,0.2866,1.3380,1.2964,1.0748,0.3123,1.4254,1.8891,1.5381,1.8119,1.2646,1.9977,4.2288,3.7138,2.6811,2.1325,1.6932,1.7608,2.7301,2.0473,2.3774,2.0541,2.2412,2.8234,3.1513,2.3226,1.1665,1.5397,1.8514,2.8120,2.2002,1.8721,2.0627,2.4095,1.7747,1.8792,2.7476,3.5083,2.8974,2.7421,1.3592,2.5593,1.5240,0.6788,1.9238,1.6126,1.9028,1.6225,1.2313,2.1562,1.7589,1.8120,0.3886,1.7319,0.9810,1.6275,1.3544,1.7668,1.8626,2.5512,1.5598,0.5685,1.0366,0.9339,1.0478,1.2384,1.7979,1.2403,1.2441,1.8033,1.2924,1.0771,0.6932,1.6337,1.1513,1.3124,1.7968,0.4743,0.7711,2.2871,1.4719,1.1135,1.0499,0.3846,0.6891,0.4739,1.0758,2.0893,2.3988,2.2327,2.0610,1.2549,3.1026,2.3270,2.5736,2.9339,3.4808,2.4387,2.6188,1.6258,1.4667,1.2997,0.3405,0.7811,0.8640,1.6813,1.6405,2.2115,1.5307,1.6711,1.3945,3.2346,2.6602,1.9970,1.7751,2.2265,1.7647,2.3252,2.1268,2.1437,2.1603,2.1770,2.1939,2.2037,2.2205,2.2375,2.2548,2.2721,2.2897,2.3075,2.3256,2.3441,2.3628,2.3819,2.4013,2.4211,2.4412,2.4617,2.4826,2.5039,2.5256,2.5478,2.5703,2.5933,2.6167,2.6406,2.6649,2.6897,2.7149,2.7406,2.7668,2.7935,2.8206,2.8481,2.8761,2.9046,2.9335,2.9628,2.9925,3.0225,3.0530,3.0837,3.1148,3.1461,3.1777,3.2094,3.2180,3.2507
45126.8750000,0.0000,0.0000,0.0000,0.0000,0.0000,0.0000,0.0000,0.0000,0.0000,0.0000,0.0000,0.0000,0.0000,0.0000,0.0000,0.0000,0.0000,0.0000,0.0000,0.0000,0.0000,0.0000,0.0000,0.0000,0.0000,0.0000,0.0000,0.0000,0.0000,0.0000,0.0000,0.0000,0.0000,0.0000,0.0000,0.0000,0.0000,0.0000,0.0000,0.0000,0.0000,0.0000,0.0000,0.0000,0.0000,0.0000,0.0000,0.0000,0.0000,0.0000,0.0000,0.0000,0.0000,0.0000,0.0000,0.0000,0.0000,0.0000,0.0000,0.0000,0.0000,0.0000,0.0000,0.0000,0.0000,0.0000,0.0000,0.0000,0.0000,0.0000,0.0000,0.0000,0.0000,0.0000,0.0000,0.0000,0.0000,0.0000,0.0000,0.0000,0.0000,0.0000,0.0000,0.0000,0.0000,0.0000,0.0000,0.0000,0.0000,0.0000,0.0000,0.0000,0.0000,0.0000,0.0000,0.0000,0.0000,0.0000,0.0000,0.0000,0.0000,0.0000,0.0000,0.0000,0.0000,0.0000,0.0000,0.0000,0.0000,0.0000,0.0000,0.0000,0.0000,0.0000,0.0000,0.0000,0.0000,0.0000,0.0000,0.0000,0.0000,0.0000,0.0000,0.0000,0.0000,0.0000,0.0000,0.0000,0.0000,0.0000,0.0000,0.0000,0.0000,0.0000,0.0000,0.0000,0.0000,0.0000,0.0000,0.0000,0.0000,0.0000,0.0000,0.0000,0.0000,0.0000,0.0000,0.0000,0.0000,0.0000,0.0000,0.0000,0.0000,0.0000,0.0000,0.0000,0.0000,0.0000,0.0000,0.0000,0.0000,0.0000,0.0000,0.0000,0.0000,0.0000,0.0000,0.0000,0.0000,0.0000,0.0000,0.0000,0.0000,0.0000,0.0000,0.0000,0.0000,0.0000,0.0000,0.0000,0.0000,0.0000,0.0000,0.0000,0.0000,0.0000,0.0000,0.0000,0.0000,0.0000,0.0000,0.0000,0.0000,0.0000,0.0000,0.0000,0.0000,0.0000,0.0000,0.0000,0.0000,0.0000,0.0000,0.0000,0.0000,0.0000,0.0000,0.0000,0.0000,0.0000,0.0000,0.0000,0.0000,0.0000,0.0000,0.0000,0.0000,0.0000,0.0000,0.0000,0.0000,0.0000,0.0000,0.0000,0.0000,0.0000,0.0000,0.0000,0.0000,0.0000,0.0000,0.0000,0.0000,0.0000,0.0000,0.0000
45126.9166667,0.0000,0.0000,0.0000,0.0000,0.0000,0.0000,0.0000,0.0000,0.0000,0.0000,0.0000,0.0000,0.0000,0.0000,0.0000,0.0000,0.0000,0.0000,0.0000,0.0000,0.0000,0.0000,0.0000,0.0000,0.0000,0.0000,0.0000,0.0000,0.0000,0.0000,0.0000,0.0000,0.0000,0.0000,0.0000,0.0000,0.0000,0.0000,0.0000,0.0000,0.0000,0.0000,0.0000,0.0000,0.0000,0.0000,0.0000,0.0000,0.0000,0.0000,0.0000,0.0000,0.0000,0.0000,0.0000,0.0000,0.0000,0.0000,0.0000,0.0000,0.0000,0.0000,0.0000,0.0000,0.0000,0.0000,0.0000,0.0000,0.0000,0.0000,0.0000,0.0000,0.0000,0.0000,0.0000,0.0000,0.0000,0.0000,0.0000,0.0000,0.0000,0.0000,0.0000,0.0000,0.0000,0.0000,0.0000,0.0000,0.0000,0.0000,0.0000,0.0000,0.0000,0.0000,0.0000,0.0000,0.0000,0.0000,0.0000,0.0000,0.0000,0.0000,0.0000,0.0000,0.0000,0.0000,0.0000,0.0000,0.0000,0.0000,0.0000,0.0000,0.0000,0.0000,0.0000,0.0000,0.0000,0.0000,0.0000,0.0000,0.0000,0.0000,0.0000,0.0000,0.0000,0.0000,0.0000,0.0000,0.0000,0.0000,0.0000,0.0000,0.0000,0.0000,0.0000,0.0000,0.0000,0.0000,0.0000,0.0000,0.0000,0.0000,0.0000,0.0000,0.0000,0.0000,0.0000,0.0000,0.0000,0.0000,0.0000,0.0000,0.0000,0.0000,0.0000,0.0000,0.0000,0.0000,0.0000,0.0000,0.0000,0.0000,0.0000,0.0000,0.0000,0.0000,0.0000,0.0000,0.0000,0.0000,0.0000,0.0000,0.0000,0.0000,0.0000,0.0000,0.0000,0.0000,0.0000,0.0000,0.0000,0.0000,0.0000,0.0000,0.0000,0.0000,0.0000,0.0000,0.0000,0.0000,0.0000,0.0000,0.0000,0.0000,0.0000,0.0000,0.0000,0.0000,0.0000,0.0000,0.0000,0.0000,0.0000,0.0000,0.0000,0.0000,0.0000,0.0000,0.0000,0.0000,0.0000,0.0000,0.0000,0.0000,0.0000,0.0000,0.0000,0.0000,0.0000,0.0000,0.0000,0.0000,0.0000,0.0000,0.0000,0.0000,0.0000,0.0000,0.0000,0.0000,0.0000,0.0000,0.0000,0.0000,0.0000,0.0000
45126.9583333,0.0000,0.0000,0.0000,0.0000,0.0000,0.0000,0.0000,0.0000,0.0000,0.0000,0.0000,0.0000,0.0000,0.0000,0.0000,0.0000,0.0000,0.0000,0.0000,0.0000,0.0000,0.0000,0.0000,0.0000,0.0000,0.0000,0.0000,0.0000,0.0000,0.0000,0.0000,0.0000,0.0000,0.0000,0.0000,0.0000,0.0000,0.0000,0.0000,0.0000,0.0000,0.0000,0.0000,0.0000,0.0000,0.0000,0.0000,0.0000,0.0000,0.0000,0.0000,0.0000,0.0000,0.0000,0.0000,0.0000,0.0000,0.0000,0.0000,0.0000,0.0000,0.0000,0.0000,0.0000,0.0000,0.0000,0.0000,0.0000,0.0000,0.0000,0.0000,0.0000,0.0000,0.0000,0.0000,0.0000,0.0000,0.0000,0.0000,0.0000,0.0000,0.0000,0.0000,0.0000,0.0000,0.0000,0.0000,0.0000,0.0000,0.0000,0.0000,0.0000,0.0000,0.0000,0.0000,0.0000,0.0000,0.0000,0.0000,0.0000,0.0000,0.0000,0.0000,0.0000,0.0000,0.0000,0.0000,0.0000,0.0000,0.0000,0.0000,0.0000,0.0000,0.0000,0.0000,0.0000,0.0000,0.0000,0.0000,0.0000,0.0000,0.0000,0.0000,0.0000,0.0000,0.0000,0.0000,0.0000,0.0000,0.0000,0.0000,0.0000,0.0000,0.0000,0.0000,0.0000,0.0000,0.0000,0.0000,0.0000,0.0000,0.0000,0.0000,0.0000,0.0000,0.0000,0.0000,0.0000,0.0000,0.0000,0.0000,0.0000,0.0000,0.0000,0.0000,0.0000,0.0000,0.0000,0.0000,0.0000,0.0000,0.0000,0.0000,0.0000,0.0000,0.0000,0.0000,0.0000,0.0000,0.0000,0.0000,0.0000,0.0000,0.0000,0.0000,0.0000,0.0000,0.0000,0.0000,0.0000,0.0000,0.0000,0.0000,0.0000,0.0000,0.0000,0.0000,0.0000,0.0000,0.0000,0.0000,0.0000,0.0000,0.0000,0.0000,0.0000,0.0000,0.0000,0.0000,0.0000,0.0000,0.0000,0.0000,0.0000,0.0000,0.0000,0.0000,0.0000,0.0000,0.0000,0.0000,0.0000,0.0000,0.0000,0.0000,0.0000,0.0000,0.0000,0.0000,0.0000,0.0000,0.0000,0.0000,0.0000,0.0000,0.0000,0.0000,0.0000,0.0000,0.0000,0.0000,0.0000,0.0000,0.0000,0.0000,0.0000
45127.0000000,0.0000,0.0000,0.0000,0.0000,0.0000,0.0000,0.0000,0.0000,0.0000,0.0000,0.0000,0.0000,0.0000,0.0000,0.0000,0.0000,0.0000,0.0000,0.0000,0.0000,0.0000,0.0000,0.0000,0.0000,0.0000,0.0000,0.0000,0.0000,0.0000,0.0000,0.0000,0.0000,0.0000,0.0000,0.0000,0.0000,0.0000,0.0000,0.0000,0.0000,0.0000,0.0000,0.0000,0.0000,0.0000,0.0000,0.0000,0.0000,0.0000,0.0000,0.0000,0.0000,0.0000,0.0000,0.0000,0.0000,0.0000,0.0000,0.0000,0.0000,0.0000,0.0000,0.0000,0.0000,0.0000,0.0000,0.0000,0.0000,0.0000,0.0000,0.0000,0.0000,0.0000,0.0000,0.0000,0.0000,0.0000,0.0000,0.0000,0.0000,0.0000,0.0000,0.0000,0.0000,0.0000,0.0000,0.0000,0.0000,0.0000,0.0000,0.0000,0.0000,0.0000,0.0000,0.0000,0.0000,0.0000,0.0000,0.0000,0.0000,0.0000,0.0000,0.0000,0.0000,0.0000,0.0000,0.0000,0.0000,0.0000,0.0000,0.0000,0.0000,0.0000,0.0000,0.0000,0.0000,0.0000,0.0000,0.0000,0.0000,0.0000,0.0000,0.0000,0.0000,0.0000,0.0000,0.0000,0.0000,0.0000,0.0000,0.0000,0.0000,0.0000,0.0000,0.0000,0.0000,0.0000,0.0000,0.0000,0.0000,0.0000,0.0000,0.0000,0.0000,0.0000,0.0000,0.0000,0.0000,0.0000,0.0000,0.0000,0.0000,0.0000,0.0000,0.0000,0.0000,0.0000,0.0000,0.0000,0.0000,0.0000,0.0000,0.0000,0.0000,0.0000,0.0000,0.0000,0.0000,0.0000,0.0000,0.0000,0.0000,0.0000,0.0000,0.0000,0.0000,0.0000,0.0000,0.0000,0.0000,0.0000,0.0000,0.0000,0.0000,0.0000,0.0000,0.0000,0.0000,0.0000,0.0000,0.0000,0.0000,0.0000,0.0000,0.0000,0.0000,0.0000,0.0000,0.0000,0.0000,0.0000,0.0000,0.0000,0.0000,0.0000,0.0000,0.0000,0.0000,0.0000,0.0000,0.0000,0.0000,0.0000,0.0000,0.0000,0.0000,0.0000,0.0000,0.0000,0.0000,0.0000,0.0000,0.0000,0.0000,0.0000,0.0000,0.0000,0.0000,0.0000,0.0000,0.0000,0.0000,0.0000,0.0000,0.0000,0.0000
45127.0416667,0.0000,0.0000,0.0000,0.0000,0.0000,0.0000,0.0000,0.0000,0.0000,0.0000,0.0000,0.0000,0.0000,0.0000,0.0000,0.0000,0.0000,0.0000,0.0000,0.0000,0.0000,0.0000,0.0000,0.0000,0.0000,0.0000,0.0000,0.0000,0.0000,0.0000,0.0000,0.0000,0.0000,0.0000,0.0000,0.0000,0.0000,0.0000,0.0000,0.0000,0.0000,0.0000,0.0000,0.0000,0.0000,0.0000,0.0000,0.0000,0.0000,0.0000,0.0000,0.0000,0.0000,0.0000,0.0000,0.0000,0.0000,0.0000,0.0000,0.0000,0.0000,0.0000,0.0000,0.0000,0.0000,0.0000,0.0000,0.0000,0.0000,0.0000,0.0000,0.0000,0.0000,0.0000,0.0000,0.0000,0.0000,0.0000,0.0000,0.0000,0.0000,0.0000,0.0000,0.0000,0.0000,0.0000,0.0000,0.0000,0.0000,0.0000,0.0000,0.0000,0.0000,0.0000,0.0000,0.0000,0.0000,0.0000,0.0000,0.0000,0.0000,0.0000,0.0000,0.0000,0.0000,0.0000,0.0000,0.0000,0.0000,0.0000,0.0000,0.0000,0.0000,0.0000,0.0000,0.0000,0.0000,0.0000,0.0000,0.0000,0.0000,0.0000,0.0000,0.0000,0.0000,0.0000,0.0000,0.0000,0.0000,0.0000,0.0000,0.0000,0.0000,0.0000,0.0000,0.0000,0.0000,0.0000,0.0000,0.0000,0.0000,0.0000,0.0000,0.0000,0.0000,0.0000,0.0000,0.0000,0.0000,0.0000,0.0000,0.0000,0.0000,0.0000,0.0000,0.0000,0.0000,0.0000,0.0000,0.0000,0.0000,0.0000,0.0000,0.0000,0.0000,0.0000,0.0000,0.0000,0.0000,0.0000,0.0000,0.0000,0.0000,0.0000,0.0000,0.0000,0.0000,0.0000,0.0000,0.0000,0.0000,0.0000,0.0000,0.0000,0.0000,0.0000,0.0000,0.0000,0.0000,0.0000,0.0000,0.0000,0.0000,0.0000,0.0000,0.0000,0.0000,0.0000,0.0000,0.0000,0.0000,0.0000,0.0000,0.0000,0.0000,0.0000,0.0000,0.0000,0.0000,0.0000,0.0000,0.0000,0.0000,0.0000,0.0000,0.0000,0.0000,0.0000,0.0000,0.0000,0.0000,0.0000,0.0000,0.0000,0.0000,0.0000,0.0000,0.0000,0.0000,0.0000,0.0000,0.0000,0.0000,0.0000,0.0000,0.0000
45127.0833333,0.0000,0.0000,0.0000,0.0000,0.0000,0.0000,0.0000,0.0000,0.0000,0.0000,0.0000,0.0000,0.0000,0.0000,0.0000,0.0000,0.0000,0.0000,0.0000,0.0000,0.0000,0.0000,0.0000,0.0000,0.0000,0.0000,0.0000,0.0000,0.0000,0.0000,0.0000,0.0000,0.0000,0.0000,0.0000,0.0000,0.0000,0.0000,0.0000,0.0000,0.0000,0.0000,0.0000,0.0000,0.0000,0.0000,0.0000,0.0000,0.0000,0.0000,0.0000,0.0000,0.0000,0.0000,0.0000,0.0000,0.0000,0.0000,0.0000,0.0000,0.0000,0.0000,0.0000,0.0000,0.0000,0.0000,0.0000,0.0000,0.0000,0.0000,0.0000,0.0000,0.0000,0.0000,0.0000,0.0000,0.0000,0.0000,0.0000,0.0000,0.0000,0.0000,0.0000,0.0000,0.0000,0.0000,0.0000,0.0000,0.0000,0.0000,0.0000,0.0000,0.0000,0.0000,0.0000,0.0000,0.0000,0.0000,0.0000,0.0000,0.0000,0.0000,0.0000,0.0000,0.0000,0.0000,0.0000,0.0000,0.0000,0.0000,0.0000,0.0000,0.0000,0.0000,0.0000,0.0000,0.0000,0.0000,0.0000,0.0000,0.0000,0.0000,0.0000,0.0000,0.0000,0.0000,0.0000,0.0000,0.0000,0.0000,0.0000,0.0000,0.0000,0.0000,0.0000,0.0000,0.0000,0.0000,0.0000,0.0000,0.0000,0.0000,0.0000,0.0000,0.0000,0.0000,0.0000,0.0000,0.0000,0.0000,0.0000,0.0000,0.0000,0.0000,0.0000,0.0000,0.0000,0.0000,0.0000,0.0000,0.0000,0.0000,0.0000,0.0000,0.0000,0.0000,0.0000,0.0000,0.0000,0.0000,0.0000,0.0000,0.0000,0.0000,0.0000,0.0000,0.0000,0.0000,0.0000,0.0000,0.0000,0.0000,0.0000,0.0000,0.0000,0.0000,0.0000,0.0000,0.0000,0.0000,0.0000,0.0000,0.0000,0.0000,0.0000,0.0000,0.0000,0.0000,0.0000,0.0000,0.0000,0.0000,0.0000,0.0000,0.0000,0.0000,0.0000,0.0000,0.0000,0.0000,0.0000,0.0000,0.0000,0.0000,0.0000,0.0000,0.0000,0.0000,0.0000,0.0000,0.0000,0.0000,0.0000,0.0000,0.0000,0.0000,0.0000,0.0000,0.0000,0.0000,0.0000,0.0000,0.0000,0.0000,0.0000,0.0000
45127.1250000,0.0000,0.0000,0.0000,0.0000,0.0000,0.0000,0.0000,0.0000,0.0000,0.0000,0.0000,0.0000,0.0000,0.0000,0.0000,0.0000,0.0000,0.0000,0.0000,0.0000,0.0000,0.0000,0.0000,0.0000,0.0000,0.0000,0.0000,0.0000,0.0000,0.0000,0.0000,0.0000,0.0000,0.0000,0.0000,0.0000,0.0000,0.0000,0.0000,0.0000,0.0000,0.0000,0.0000,0.0000,0.0000,0.0000,0.0000,0.0000,0.0000,0.0000,0.0000,0.0000,0.0000,0.0000,0.0000,0.0000,0.0000,0.0000,0.0000,0.0000,0.0000,0.0000,0.0000,0.0000,0.0000,0.0000,0.0000,0.0000,0.0000,0.0000,0.0000,0.0000,0.0000,0.0000,0.0000,0.0000,0.0000,0.0000,0.0000,0.0000,0.0000,0.0000,0.0000,0.0000,0.0000,0.0000,0.0000,0.0000,0.0000,0.0000,0.0000,0.0000,0.0000,0.0000,0.0000,0.0000,0.0000,0.0000,0.0000,0.0000,0.0000,0.0000,0.0000,0.0000,0.0000,0.0000,0.0000,0.0000,0.0000,0.0000,0.0000,0.0000,0.0000,0.0000,0.0000,0.0000,0.0000,0.0000,0.0000,0.0000,0.0000,0.0000,0.0000,0.0000,0.0000,0.0000,0.0000,0.0000,0.0000,0.0000,0.0000,0.0000,0.0000,0.0000,0.0000,0.0000,0.0000,0.0000,0.0000,0.0000,0.0000,0.0000,0.0000,0.0000,0.0000,0.0000,0.0000,0.0000,0.0000,0.0000,0.0000,0.0000,0.0000,0.0000,0.0000,0.0000,0.0000,0.0000,0.0000,0.0000,0.0000,0.0000,0.0000,0.0000,0.0000,0.0000,0.0000,0.0000,0.0000,0.0000,0.0000,0.0000,0.0000,0.0000,0.0000,0.0000,0.0000,0.0000,0.0000,0.0000,0.0000,0.0000,0.0000,0.0000,0.0000,0.0000,0.0000,0.0000,0.0000,0.0000,0.0000,0.0000,0.0000,0.0000,0.0000,0.0000,0.0000,0.0000,0.0000,0.0000,0.0000,0.0000,0.0000,0.0000,0.0000,0.0000,0.0000,0.0000,0.0000,0.0000,0.0000,0.0000,0.0000,0.0000,0.0000,0.0000,0.0000,0.0000,0.0000,0.0000,0.0000,0.0000,0.0000,0.0000,0.0000,0.0000,0.0000,0.0000,0.0000,0.0000,0.0000,0.0000,0.0000,0.0000,0.0000,0.0000
45127.1666667,0.0000,0.0000,0.0000,0.0000,0.0000,0.0000,0.0000,0.0000,0.0000,0.0000,0.0000,0.0000,0.0000,0.0000,0.0000,0.0000,0.0000,0.0000,0.0000,0.0000,0.0000,0.0000,0.0000,0.0000,0.0000,0.0000,0.0000,0.0000,0.0000,0.0000,0.0000,0.0000,0.0000,0.0000,0.0000,0.0000,0.0000,0.0000,0.0000,0.0000,0.0000,0.0000,0.0000,0.0000,0.0000,0.0000,0.0000,0.0000,0.0000,0.0000,0.0000,0.0000,0.0000,0.0000,0.0000,0.0000,0.0000,0.0000,0.0000,0.0000,0.0000,0.0000,0.0000,0.0000,0.0000,0.0000,0.0000,0.0000,0.0000,0.0000,0.0000,0.0000,0.0000,0.0000,0.0000,0.0000,0.0000,0.0000,0.0000,0.0000,0.0000,0.0000,0.0000,0.0000,0.0000,0.0000,0.0000,0.0000,0.0000,0.0000,0.0000,0.0000,0.0000,0.0000,0.0000,0.0000,0.0000,0.0000,0.0000,0.0000,0.0000,0.0000,0.0000,0.0000,0.0000,0.0000,0.0000,0.0000,0.0000,0.0000,0.0000,0.0000,0.0000,0.0000,0.0000,0.0000,0.0000,0.0000,0.0000,0.0000,0.0000,0.0000,0.0000,0.0000,0.0000,0.0000,0.0000,0.0000,0.0000,0.0000,0.0000,0.0000,0.0000,0.0000,0.0000,0.0000,0.0000,0.0000,0.0000,0.0000,0.0000,0.0000,0.0000,0.0000,0.0000,0.0000,0.0000,0.0000,0.0000,0.0000,0.0000,0.0000,0.0000,0.0000,0.0000,0.0000,0.0000,0.0000,0.0000,0.0000,0.0000,0.0000,0.0000,0.0000,0.0000,0.0000,0.0000,0.0000,0.0000,0.0000,0.0000,0.0000,0.0000,0.0000,0.0000,0.0000,0.0000,0.0000,0.0000,0.0000,0.0000,0.0000,0.0000,0.0000,0.0000,0.0000,0.0000,0.0000,0.0000,0.0000,0.0000,0.0000,0.0000,0.0000,0.0000,0.0000,0.0000,0.0000,0.0000,0.0000,0.0000,0.0000,0.0000,0.0000,0.0000,0.0000,0.0000,0.0000,0.0000,0.0000,0.0000,0.0000,0.0000,0.0000,0.0000,0.0000,0.0000,0.0000,0.0000,0.0000,0.0000,0.0000,0.0000,0.0000,0.0000,0.0000,0.0000,0.0000,0.0000,0.0000,0.0000,0.0000,0.0000,0.0000,0.0000,0.0000
45127.2083333,0.0000,0.0000,0.0000,0.0000,0.0000,0.0000,0.0000,0.0000,0.0000,0.0000,0.0000,0.0000,0.0000,0.0000,0.0000,0.0000,0.0000,0.0000,0.0000,0.0000,0.0000,0.0000,0.0000,0.0000,0.0000,0.0000,0.0000,0.0000,0.0000,0.0000,0.0000,0.0000,0.0000,0.0000,0.0000,0.0000,0.0000,0.0000,0.0000,0.0000,0.0000,0.0000,0.0000,0.0000,0.0000,0.0000,0.0000,0.0000,0.0000,0.0000,0.0000,0.0000,0.0000,0.0000,0.0000,0.0000,0.0000,0.0000,0.0000,0.0000,0.0000,0.0000,0.0000,0.0000,0.0000,0.0000,0.0000,0.0000,0.0000,0.0000,0.0000,0.0000,0.0000,0.0000,0.0000,0.0000,0.0000,0.0000,0.0000,0.0000,0.0000,0.0000,0.0000,0.0000,0.0000,0.0000,0.0000,0.0000,0.0000,0.0000,0.0000,0.0000,0.0000,0.0000,0.0000,0.0000,0.0000,0.0000,0.0000,0.0000,0.0000,0.0000,0.0000,0.0000,0.0000,0.0000,0.0000,0.0000,0.0000,0.0000,0.0000,0.0000,0.0000,0.0000,0.0000,0.0000,0.0000,0.0000,0.0000,0.0000,0.0000,0.0000,0.0000,0.0000,0.0000,0.0000,0.0000,0.0000,0.0000,0.0000,0.0000,0.0000,0.0000,0.0000,0.0000,0.0000,0.0000,0.0000,0.0000,0.0000,0.0000,0.0000,0.0000,0.0000,0.0000,0.0000,0.0000,0.0000,0.0000,0.0000,0.0000,0.0000,0.0000,0.0000,0.0000,0.0000,0.0000,0.0000,0.0000,0.0000,0.0000,0.0000,0.0000,0.0000,0.0000,0.0000,0.0000,0.0000,0.0000,0.0000,0.0000,0.0000,0.0000,0.0000,0.0000,0.0000,0.0000,0.0000,0.0000,0.0000,0.0000,0.0000,0.0000,0.0000,0.0000,0.0000,0.0000,0.0000,0.0000,0.0000,0.0000,0.0000,0.0000,0.0000,0.0000,0.0000,0.0000,0.0000,0.0000,0.0000,0.0000,0.0000,0.0000,0.0000,0.0000,0.0000,0.0000,0.0000,0.0000,0.0000,0.0000,0.0000,0.0000,0.0000,0.0000,0.0000,0.0000,0.0000,0.0000,0.0000,0.0000,0.0000,0.0000,0.0000,0.0000,0.0000,0.0000,0.0000,0.0000,0.0000,0.0000,0.0000,0.0000,0.0000,0.0000,0.0000
45127.2500000,0.2620,0.5987,0.8002,0.7621,1.3185,1.0225,0.9189,0.4600,0.9034,0.9380,0.8477,0.7645,0.5047,0.7286,0.6631,0.6834,0.8797,0.8120,0.5920,0.4190,0.9558,0.3994,0.3840,0.6251,0.6605,1.3522,0.6320,0.2377,0.7892,0.2621,0.5049,0.3338,0.4331,0.6709,0.6539,0.5632,0.8838,0.9080,0.3232,1.1903,1.0415,1.0963,0.6330,0.8462,1.7779,0.8832,0.6884,0.7601,0.4270,0.5821,0.8895,0.8277,0.9417,1.0159,0.3965,0.3932,0.4750,0.7314,1.2986,1.0004,1.0474,0.7952,0.3501,0.3154,0.4871,0.4248,0.6952,0.6705,-0.2171,0.1328,0.6137,0.5941,0.4925,0.1440,0.6529,0.8652,0.7046,0.8295,0.5790,0.9143,1.9350,1.6994,1.2270,0.9760,0.7748,0.8059,1.2492,0.9368,1.0878,0.9400,1.0255,1.2918,1.4416,1.0626,0.5340,0.7045,0.8471,1.2821,1.0054,0.8564,0.9436,1.1021,0.8132,0.8609,1.2583,1.6065,1.3271,1.2559,0.6240,1.1727,0.6997,0.3122,0.8791,0.7389,0.8708,0.7433,0.5643,0.9873,0.8054,0.8298,0.1792,0.7933,0.4498,0.7456,0.6184,0.8091,0.8532,1.1678,0.7144,0.2609,0.4751,0.4282,0.4801,0.5671,0.8228,0.5680,0.5698,0.8256,0.5920,0.4936,0.3177,0.7435,0.5246,0.6012,0.8225,0.2177,0.3536,1.0462,0.6736,0.5096,0.4808,0.1770,0.3163,0.2172,0.4926,0.9557,1.0974,1.0213,0.9431,0.5683,1.4191,1.0645,1.0749,1.3390,1.5876,0.9963,1.1978,0.7440,0.6716,0.5952,0.1566,0.3584,0.3959,0.7696,0.7509,1.0116,0.7004,0.7645,0.6380,1.4788,1.2163,0.9132,0.8117,1.0178,0.8068,1.0630,0.9724,0.9801,0.9876,0.9953,1.0030,1.0074,1.0151,1.0228,1.0307,1.0386,1.0466,1.0547,1.0630,1.0714,1.0800,1.0887,1.0975,1.1066,1.1158,1.1251,1.1347,1.1444,1.1543,1.1644,1.1747,1.1852,1.1959,1.2068,1.2179,1.2292,1.2408,1.2525,1.2645,1.2767,1.2891,1.3016,1.3145,1.3275,1.3407,1.3541,1.3676,1.3814,1.3953,1.4093,1.4235,1.4379,1.4523,1.4668,1.4707,1.4857
45127.2916667,1.1409,2.6073,3.4847,3.3191,5.7430,4.4543,4.0028,2.0038,3.9355,4.1027,3.7093,3.3447,2.2204,3.1871,2.8888,2.9770,3.8407,3.5498,2.5790,1.8256,4.1644,1.7404,1.6734,2.7239,2.9596,5.9630,2.7629,1.0363,3.4717,1.1635,2.2096,1.4789,2.4222,3.2150,2.8507,2.4553,3.8925,4.0141,1.5782,5.2332,4.5413,4.7977,2.7603,3.6904,7.7542,3.8522,3.0024,3.3154,1.8624,2.5390,3.9802,3.6974,4.3355,4.4729,1.7300,1.7153,2.0725,3.2326,5.6967,4.4061,4.6707,3.4842,1.5278,1.3765,2.7444,1.8554,3.0372,2.9299,-0.9421,0.5851,2.6846,2.6356,2.2062,0.6322,2.9181,3.8201,3.1092,3.6719,2.6374,3.9940,8.5423,7.4884,5.4139,5.1714,3.3865,3.5229,5.4596,4.0945,4.7537,4.1084,4.4812,5.6443,6.3000,4.6437,2.3335,3.0789,3.7018,5.6033,4.3942,3.8377,4.1244,4.8170,3.5541,3.9881,5.6099,8.9807,6.4462,7.2375,3.2923,6.4078,3.6093,1.3740,3.9093,3.2299,3.8918,3.4461,2.4850,4.3382,3.5574,3.6612,0.7839,3.6467,1.9789,3.2608,2.7043,3.6958,3.7567,5.1449,3.1246,1.1453,2.0966,1.9111,2.2299,3.6325,3.6466,2.6262,2.4947,4.1919,3.5290,2.1588,1.3898,3.3025,2.2948,2.6302,3.5981,0.9526,1.5469,4.5773,2.9874,2.2509,2.1228,0.7745,1.3855,0.9855,2.1863,4.1983,4.8406,4.4689,4.1266,2.4870,6.2094,4.6582,4.7036,5.8869,7.1815,4.4203,5.3388,3.3160,3.0032,2.8854,0.6868,1.9267,1.7370,3.4258,3.3084,4.9836,3.1082,3.3745,2.8176,6.5237,5.3676,4.0125,3.5989,4.5013,3.5472,4.6703,4.2719,4.2976,4.3315,4.3656,4.4002,4.4206,4.4551,4.4903,4.5260,4.5828,4.5975,4.6348,4.6727,4.7115,4.7512,4.7918,4.8334,4.8760,4.8995,4.9665,5.0129,5.0606,5.1098,5.1604,5.2127,5.2667,5.3225,5.5072,5.4268,5.4870,5.5494,5.6140,5.6811,5.7508,5.8233,5.8988,5.8505,6.0858,6.1752,6.2691,6.3678,6.4719,6.5817,6.6978,6.8208,7.7485,7.8115,7.8750,7.8921,7.9575
45127.3333333,2.2406,5.1207,7.0490,6.5192,11.2807,9.1204,7.8630,3.9361,8.5761,8.4395,7.6043,6.9097,4.5590,6.4748,5.6748,6.0003,16.4233,7.2723,6.8785,3.6813,8.9471,3.5874,3.2877,8.0548,6.8641,11.7514,5.6804,2.0364,7.4232,2.7435,5.3477,3.7873,12.4839,10.3559,6.5092,4.8586,7.7552,9.8845,3.7509,11.2645,8.9256,9.8358,5.4256,7.2541,16.2611,7.5723,5.9020,6.5173,3.6609,6.0570,10.1272,9.3499,17.5866,9.8104,3.6090,4.9641,5.2283,7.3048,12.2762,9.0330,12.1656,7.2187,3.0037,2.7061,7.9910,3.6488,14.3772,7.3776,-3.5435,1.1561,5.9465,5.6456,5.7148,1.2577,6.1485,8.5742,6.2622,7.5439,5.5538,9.1455,17.5747,16.4598,11.1065,13.2245,6.6696,7.6657,10.7523,8.0648,9.3615,8.0931,8.8249,11.1138,14.6147,12.5339,5.1425,6.3606,7.6142,11.7307,8.9531,10.2107,8.2262,11.2626,7.3401,16.8523,13.7171,26.2904,21.8179,21.9740,9.2564,18.3878,9.8212,3.1998,8.5236,6.5375,9.5353,14.6772,5.0220,8.5534,7.7718,7.7689,1.5482,14.3437,3.9290,7.1505,5.6147,7.8633,8.1127,10.8697,6.9514,2.3394,4.5502,4.7263,9.7471,12.3849,7.2820,5.7143,5.0203,10.6312,11.2925,4.5142,2.7368,6.6747,4.5605,5.3864,7.4827,1.8761,3.4246,9.2023,6.1975,5.1786,4.1986,1.5294,2.7589,2.0643,4.6880,8.5774,10.5891,8.9238,8.9219,5.0653,25.8669,9.8669,11.7131,11.6349,17.1120,10.0365,10.8344,8.7895,6.5613,9.9333,1.3855,5.7003,3.5367,8.4765,7.0830,17.8467,6.2630,7.3682,5.7488,13.9616,11.7185,8.2176,7.0549,8.9652,6.9810,9.5955,8.7895,8.8815,8.9739,9.8755,9.1516,9.2205,9.3189,9.4202,9.5246,9.6314,9.7414,9.8551,9.9725,10.0940,10.2197,10.3498,10.4847,10.6245,10.7696,10.9201,10.2849,11.2936,11.4672,11.6480,11.8363,12.0325,12.2370,12.4502,12.6727,12.9048,13.1471,13.4002,13.6645,13.9407,14.2294,14.5313,14.8469,15.1770,20.9442,21.0587,21.1747,21.2923,21.4112,21.5315,21.6529,21.7754,21.8989,22.0231,22.0560,22.1841
45127.3750000,2.7425,6.2679,9.1989,7.9804,25.7491,14.1375,9.6267,10.7035,17.4093,13.0715,11.6678,10.7812,7.0859,9.9302,7.7538,8.4721,34.7096,10.9496,25.0509,5.6176,20.7841,5.5073,4.0259,13.3565,9.2218,24.5897,9.1579,2.4942,14.3759,8.8550,8.2832,14.6544,29.7139,31.6408,35.0730,29.3783,15.0563,12.9000,5.6890,22.0958,11.6568,14.7979,6.6475,9.9969,23.1592,16.2785,9.4724,7.9857,5.8418,7.7925,39.5676,35.2252,37.0673,19.9176,5.8426,21.9786,6.1518,16.5510,22.5098,13.8195,41.1904,11.2759,3.6808,3.3162,15.1725,4.4727,31.4999,30.2019,-16.3161,1.4462,12.3740,7.3041,20.1098,1.6799,12.9690,18.4478,9.1444,19.7926,7.8636,13.5976,37.1935,32.1643,16.8638,44.8650,8.1865,10.0699,13.9823,9.9005,11.4914,39.4218,22.7422,21.8816,30.1280,45.7305,10.7053,9.4393,11.5256,18.5016,13.4762,37.7607,10.9530,44.7251,11.1529,36.1340,46.5322,52.2016,43.6447,44.9727,18.5696,36.3118,19.1296,10.2886,11.1503,9.5165,35.3243,31.7225,7.3426,13.0688,16.3470,14.6634,1.9465,30.1725,5.0842,14.0674,8.2181,10.9363,15.4535,21.3926,14.2455,3.5811,9.2332,17.5984,21.7065,27.7453,14.7274,7.9182,7.1074,31.7786,24.4673,5.8497,3.8689,9.5453,10.9501,7.9893,12.9632,2.6078,7.1925,17.6524,14.8115,6.7451,9.0500,1.9581,3.4284,4.5722,6.0833,12.8528,20.9502,11.0205,17.2322,7.3896,53.4063,16.8512,26.0895,15.5986,24.4821,26.1582,17.8084,31.1783,24.2837,20.7345,2.0856,12.2853,4.9650,26.1370,13.1381,36.8620,10.0096,14.6530,8.6501,25.7690,23.2478,12.2929,9.3040,12.6680,9.9233,14.3624,13.1818,13.4276,13.6402,13.8588,14.0844,14.2817,14.5194,14.7650,15.0190,15.2806,15.5509,15.8307,16.1203,16.4201,16.7306,17.0522,17.3854,17.7307,18.0886,18.4596,18.8443,19.2431,19.6567,20.0858,20.5308,20.9926,21.4716,21.9687,22.4845,23.0198,40.0283,40.1513,40.2765,40.4039,40.5335,40.6653,40.7993,40.9354,41.0735,41.2136,41.3556,41.4993,41.6448,41.7918,41.9402,42.0899,42.2407,42.3925,42.4319,42.5883
45127.4166667,2.5553,5.8406,11.9516,14.2087,102.1519,20.4908,19.7384,9.0483,64.1440,18.7079,17.2272,15.9421,10.3827,14.6172,7.4332,13.0207,55.8644,15.3742,41.3779,5.1777,17.6752,11.0247,5.4212,14.1795,13.8351,79.5258,14.2562,11.2672,53.8194,12.7129,46.8805,21.0752,50.9483,52.2770,58.4567,49.2325,64.1942,22.3315,7.0909,72.2733,25.6096,19.7497,6.2016,8.5967,100.8880,52.2862,13.5833,12.9932,8.3312,16.6199,64.3169,57.2185,59.4687,67.7244,7.9038,34.4851,8.3973,65.4285,80.2792,19.4437,65.7974,16.3454,5.4585,5.7274,24.4799,4.1753,51.8105,49.7414,-24.3493,2.1299,41.8207,7.0896,30.0169,2.2448,10.9734,63.7937,13.0245,76.7048,12.1467,23.3938,118.1483,101.1695,23.5299,72.8788,7.6497,9.9850,13.4704,9.5952,82.0682,63.6295,78.7805,88.6727,90.1758,73.6713,43.4113,13.2494,16.3526,26.9998,18.5959,61.4650,17.7637,71.5815,15.6713,58.5619,73.3948,80.3395,67.7231,70.6789,29.7433,56.1765,30.0749,17.8961,12.8235,12.7476,57.0646,51.8392,8.6185,18.0627,59.2687,55.5191,2.7327,48.6683,7.6054,44.9429,7.4187,52.0651,46.8718,65.2121,46.9370,5.5382,34.6938,29.7041,36.4764,46.3395,64.3968,9.5520,9.3057,51.1781,40.3518,35.1132,5.0825,46.9832,38.1276,10.8216,52.9105,2.4194,26.3920,73.8231,55.1646,9.6106,37.4837,2.1997,4.4544,13.8952,7.7710,17.8187,66.0790,13.9387,63.7884,10.1698,84.0497,72.2176,71.0062,16.7762,54.8114,34.4650,31.1856,50.8285,39.3304,33.7511,4.4570,20.9506,6.6009,41.7308,39.0105,58.4879,11.0728,47.7414,12.0169,83.6332,71.9203,16.8280,58.3630,16.3550,12.9501,19.7327,18.1558,18.5247,18.9025,19.2908,19.6909,20.0697,20.4918,20.9268,21.3753,21.8366,22.3122,22.8026,23.3084,23.8301,24.3683,24.9236,25.4966,26.0877,26.6978,27.3273,61.0252,61.1197,61.2161,61.3144,61.4146,61.5167,61.6209,61.7270,61.8353,61.9456,62.0580,62.1725,62.2891,62.4078,62.5286,62.6514,62.7763,62.9032,63.0320,63.1626,63.2950,63.4292,63.5649,63.7020,63.8405,63.9802,64.1209,64.2625,64.2990,64.4450
45127.4583333,2.4776,7.8460,24.0474,103.7963,130.7924,28.1208,27.2237,12.8943,82.8658,88.7902,87.6461,21.9022,50.9202,71.0804,73.1566,17.7129,72.2132,20.6291,15.7375,6.6040,88.6945,21.9108,8.5788,10.0649,19.3887,101.3673,76.6737,14.7888,69.8511,8.3010,33.6963,9.4238,21.6470,26.6142,76.2916,64.6278,82.9932,81.5226,10.6768,92.4849,94.6177,26.1339,6.0167,11.5504,127.6907,67.5635,18.4818,30.3940,11.9028,9.6444,22.8779,74.1323,76.6844,25.3271,9.1977,23.1841,12.8978,85.0789,102.5127,86.8085,84.5472,22.3163,6.0211,7.6827,10.0265,16.2030,67.5443,64.9411,-4.9279,3.1849,16.2803,15.1785,13.4745,11.0855,16.2449,82.5280,65.7992,99.3779,17.4082,23.7211,149.5501,128.2986,106.9549,26.6221,7.4269,16.1630,105.3639,28.3226,105.5074,82.0822,101.4477,113.4161,114.8849,94.7110,15.0420,17.5970,22.1242,36.7482,24.6858,22.9953,77.2090,91.8891,70.0068,75.7849,93.7379,101.6249,86.1707,90.2325,39.2050,71.7146,39.4063,7.3411,76.6968,17.4315,73.8491,67.4866,12.2299,81.3978,76.9208,71.9839,3.7668,63.2240,45.0931,58.5488,31.6674,67.5747,60.7002,83.4611,61.2255,30.2198,46.1205,18.1416,7.0181,12.6047,10.8550,56.0400,53.7657,38.2123,14.8157,46.5774,40.1967,61.1563,50.3784,49.3955,68.5805,5.4749,35.7091,94.9666,15.8856,13.5836,11.1300,3.9416,5.7696,6.7655,11.5494,88.5035,84.7582,91.0592,22.1516,45.7481,107.0192,92.8206,27.4660,48.1616,60.8281,101.5197,97.3190,66.1234,51.4508,44.4634,4.3436,28.6306,8.9227,54.2448,50.7778,75.1887,14.4221,62.0519,16.2061,106.2820,27.6481,22.3909,20.3015,94.0570,21.8776,84.9853,76.5623,76.6341,76.7047,76.7755,76.8473,76.8877,76.9589,77.0312,77.1046,77.1782,77.2528,77.3286,77.4058,77.4843,77.5642,77.6456,77.7285,77.8129,77.8990,77.9867,78.0761,78.1673,78.2603,78.3551,78.4518,78.5504,78.6509,78.7535,78.8580,78.9646,79.0732,79.1839,79.2966,79.4114,79.5282,79.6471,79.7679,79.8907,80.0153,80.1418,80.2701,80.4000,80.5314,80.6644,80.7986,80.9340,81.0705,81.2078,81.2430,81.3847
45127.5000000,2.6119,18.8841,98.6085,117.0650,146.8070,117.2847,110.9213,16.0871,93.6856,100.2615,99.0383,86.9227,58.3455,80.6633,83.0113,74.5169,81.8399,78.0577,62.1241,49.5907,100.1450,15.5044,10.7165,18.2698,79.1747,114.0309,86.9442,6.2605,79.2607,10.2855,70.4192,13.9302,36.6586,77.5218,86.5066,73.5725,93.8383,92.1875,13.6537,104.2331,106.6911,103.2337,15.8973,13.6180,143.0969,76.6608,71.9107,89.2919,50.2514,10.3259,93.9919,84.0050,86.7821,98.3871,11.4815,16.7931,15.0163,96.2460,115.3357,98.0200,95.4760,86.3834,12.1524,9.8657,12.3856,30.0497,76.7444,73.8601,-29.3854,13.1333,62.6609,18.7585,17.0949,14.1979,20.0099,93.3299,74.7960,112.1101,21.7596,29.3608,167.3441,143.8169,120.3216,105.9861,13.7057,21.9698,118.5381,32.5444,118.7899,92.7929,114.3059,127.4804,129.0311,106.7857,65.3092,83.5701,91.5032,144.8767,103.5453,90.0374,87.3703,103.6259,79.4250,85.8319,105.5958,114.1805,97.1338,101.6975,45.2457,81.1348,45.4364,29.4742,86.8578,74.1406,83.6953,76.6851,14.9831,92.0390,87.1592,81.6512,18.8839,71.9256,51.9364,66.7533,91.7023,76.7738,69.1000,94.2653,69.7670,35.5057,53.0880,46.0794,13.1410,16.5982,94.5023,64.0784,61.5444,75.3986,60.7371,53.5784,46.5706,69.6637,57.7855,56.6456,77.8770,6.9718,41.5393,107.1205,19.4792,16.8850,13.7233,19.1308,30.2854,8.6506,14.2480,99.9540,95.7019,102.7603,93.0334,52.5649,120.3002,104.6920,102.8994,116.1441,146.6722,114.4148,109.6222,75.1461,58.8494,51.1122,18.1950,33.6173,44.5816,61.9020,58.0522,85.0837,17.4753,70.5975,63.0965,119.4374,103.6207,87.3910,85.7318,106.0885,94.5571,95.9617,86.6348,86.7103,86.7845,86.8589,86.9343,86.9767,87.0515,87.1274,87.2046,87.2819,87.3603,87.4400,87.5210,87.6035,87.6875,87.7730,87.8602,87.9489,88.0393,88.1315,88.2255,88.3213,88.4191,88.5187,88.6204,88.7240,88.8298,88.9376,89.0475,89.1596,89.2738,89.3902,89.5087,89.6295,89.7524,89.8774,90.0045,90.1337,90.2649,90.3980,90.5329,90.6697,90.8080,90.9480,91.0893,91.2318,91.3755,91.5201,91.5571,91.7063
45127.5416667,9.9434,71.3119,66.8717,77.2389,100.7281,80.2269,75.3703,47.5589,65.1288,69.3507,67.6444,59.6517,40.0997,55.5997,56.2522,51.5108,57.9461,54.9931,43.2657,34.0427,69.4787,13.7138,38.5291,17.5938,53.9818,81.9475,19.1150,4.7869,55.4455,9.3250,15.4517,6.7150,14.7362,53.1295,58.1928,49.6388,65.0032,64.3041,12.0536,74.4453,74.2459,72.8290,20.1016,24.5146,103.6120,54.9611,50.0442,60.9881,34.5160,17.6886,65.1558,58.6420,61.5179,69.1145,11.4324,9.5121,14.4636,21.1227,82.1269,68.7320,67.7635,59.6779,13.5003,10.1040,13.4246,51.1147,52.9525,50.9976,-19.0718,9.6200,43.8484,55.3549,52.4876,10.3725,19.5275,64.5354,51.9424,25.1133,19.7148,26.9678,119.5565,103.2222,84.2910,73.1506,20.0621,62.6695,83.4957,71.4698,81.8605,65.0525,78.5549,89.1869,91.7472,74.5755,44.5211,57.0663,63.2733,99.2381,72.0527,62.5220,61.9300,73.1696,55.8378,60.1048,76.0308,84.8870,71.8523,73.7287,33.8013,60.8102,34.7528,21.1481,60.9082,51.9364,58.9717,53.4711,15.4064,65.1316,21.8149,57.3288,13.4993,51.2514,35.7847,47.7073,19.7160,54.2609,50.2729,68.4400,49.1305,24.1172,13.1595,32.1437,13.3708,16.4564,64.7737,44.1995,15.6269,53.6578,42.5177,37.2511,31.2143,49.4041,40.0502,40.2333,55.0704,21.0266,28.6744,74.6113,19.3931,16.1106,39.1058,13.6352,21.6838,7.7739,14.1786,69.4129,68.4929,71.7731,65.2274,37.4614,86.3983,73.3706,72.4364,83.0836,103.6523,78.2916,77.7152,52.5763,42.2590,36.8975,12.8340,24.0644,30.8784,45.1186,42.6648,61.3237,47.4304,50.1383,44.3624,86.5388,74.4068,61.5850,59.4956,73.6568,64.5942,68.2438,61.7979,61.9273,62.0546,62.1822,62.3116,62.3856,62.5140,62.6442,62.7764,62.9090,63.0433,63.1798,63.3186,63.4597,63.6034,63.7496,63.8985,64.0501,64.2045,64.3618,64.5222,64.6856,64.8522,65.0220,65.1951,65.3716,65.5515,65.7348,65.9218,66.1123,66.3063,66.5040,66.7054,66.9103,67.1188,67.3309,67.5465,67.7655,67.9878,68.2134,68.4420,68.6736,68.9080,69.1449,69.3841,69.6255,69.8686,70.1134,70.1782,70.4306
45127.5833333,9.5247,81.2107,75.1255,21.3753,112.8251,89.9208,84.6370,15.4570,72.6343,77.4629,75.8347,66.7686,44.8298,62.1460,63.1924,57.5196,64.2710,61.0778,48.1909,38.0554,77.5380,14.1188,11.5308,60.4753,17.8963,90.5509,13.3259,4.1036,37.5478,9.6974,15.7773,11.3109,15.2181,29.7250,32.1703,55.8228,72.5689,71.6427,12.5558,82.3960,82.7919,80.8895,36.7065,79.3196,114.2740,60.7374,55.7694,68.3615,38.5794,63.5074,72.7243,65.3103,68.2157,76.8528,10.9863,14.6641,14.2759,14.8380,90.9869,76.4669,75.1258,66.6675,13.8110,10.8798,9.5653,12.5563,59.1640,56.9644,-21.8455,10.4799,48.7735,17.1706,14.5630,11.3163,65.9874,72.0832,57.9242,25.1699,20.3656,109.3322,132.3769,114.1270,93.8258,81.7644,84.7688,70.1358,92.7934,79.9501,91.5540,72.3721,87.9232,99.3200,101.6990,83.0742,15.1460,63.9633,70.6713,111.2077,80.3443,69.7455,68.6753,81.2480,62.0555,66.8818,83.9601,92.9150,78.7412,81.2571,36.8861,66.3841,37.6848,23.3038,67.7526,57.7753,65.5055,59.5658,48.6703,72.2696,21.9417,21.8479,14.8584,56.7374,39.9732,52.7645,68.8162,60.2210,55.3338,75.4076,54.5818,13.8188,41.0133,11.8589,9.7216,15.4355,72.5656,49.4041,47.6810,59.4602,47.3275,41.5420,35.1784,19.2880,14.6786,44.6076,61.1540,5.2672,8.2993,83.2367,19.6265,16.5012,43.8013,15.0797,23.9744,14.4996,46.2640,77.5047,75.8189,80.0075,72.6241,41.4955,95.5500,43.0854,80.5562,91.9810,115.1634,87.7887,86.2531,20.0072,46.7019,40.7053,14.2099,26.5821,34.4496,49.6394,46.8238,67.7039,52.6530,55.5701,49.3000,95.4288,82.2467,68.4247,66.3935,82.2054,72.4224,75.6323,68.4206,68.5397,68.6568,68.7743,68.8933,68.9611,69.0794,69.1993,69.3212,69.4434,69.5672,69.6930,69.8211,69.9513,70.0839,70.2189,70.3563,70.4963,70.6390,70.7843,70.9325,71.0835,71.2374,71.3944,71.5545,71.7176,71.8840,72.0536,72.2265,72.4027,72.5823,72.7652,72.9514,73.1411,73.3340,73.5303,73.7298,73.9325,74.1383,74.3471,74.5587,74.7731,74.9900,75.2093,75.4307,75.6541,75.8792,76.1057,76.1654,76.3990
45127.6250000,8.6706,23.3412,22.8776,18.2667,138.2623,30.3075,104.1951,14.1754,25.3890,27.8012,26.9879,23.8115,15.7910,22.0572,18.4522,20.5569,76.5464,72.9595,57.8396,13.1230,93.9422,13.0652,10.0730,74.4021,15.1451,107.0895,14.2218,2.2274,12.4043,9.0578,14.0571,6.3088,14.1181,25.4351,28.0441,68.7305,24.7288,24.9931,11.9542,30.1114,100.1548,27.0663,49.4027,97.7370,134.6677,71.6213,67.1324,83.6501,46.5739,32.0618,88.1008,78.6130,81.2374,92.2621,9.2622,8.0160,12.4902,11.4585,108.3380,91.9152,89.4894,24.0595,13.1476,9.8189,8.9858,12.9777,16.6580,68.9887,-29.0604,3.5081,16.2497,14.8648,12.6397,3.7480,21.7103,20.7494,69.8737,22.3887,18.9352,138.3385,157.7014,135.3633,33.1205,29.2058,106.1085,24.5664,111.3903,97.4657,111.6528,86.9537,107.3980,119.8876,121.3409,100.2422,13.0188,18.9828,23.4609,38.9707,27.9154,84.3467,25.3898,97.2332,74.2620,30.9069,99.0844,107.1983,91.0290,95.3790,41.7910,75.8412,41.9655,26.8443,24.0646,19.8223,78.3248,17.2618,16.4157,86.2451,18.6931,18.3535,4.3502,67.1554,10.8593,18.4222,85.9919,71.7781,64.4832,88.3727,65.1462,8.1369,8.0997,20.2628,6.5028,13.0264,88.6753,59.7902,57.3879,70.5340,16.0123,12.3010,19.9058,16.0770,12.5771,52.7677,72.9263,4.0880,6.4311,100.7085,17.1675,14.9397,12.0793,17.1829,27.7712,19.5922,16.0206,26.2323,89.8598,96.5797,87.3348,15.0204,113.1934,36.5361,96.6871,109.2438,138.2344,107.6425,103.0584,16.9704,54.8490,15.0477,16.2598,9.6300,41.2905,57.7029,54.0385,79.7004,62.7103,20.5161,17.4216,112.2892,97.2848,81.8934,21.6841,29.3713,23.6229,90.0157,81.1587,81.2277,81.2956,81.3637,81.4328,81.4709,81.5395,81.6092,81.6800,81.7511,81.8231,81.8965,81.9712,82.0472,82.1247,82.2037,82.2842,82.3662,82.4499,82.5353,82.6224,82.7113,82.8019,82.8945,82.9889,83.0852,83.1835,83.2838,83.3862,83.4905,83.5969,83.7054,83.8159,83.9285,84.0431,84.1598,84.2784,84.3990,84.5215,84.6458,84.7718,84.8996,85.0289,85.1596,85.2917,85.4249,85.5592,85.6944,85.7288,85.8682
45127.6666667,2.4377,8.6940,17.1746,13.6903,20.1407,22.6855,22.0356,7.7717,71.5751,20.9850,16.0488,17.9097,11.3846,16.6148,13.8121,15.4802,18.0810,17.0055,12.7055,5.7124,12.1206,5.6469,7.4039,12.0965,6.2731,88.1554,7.6238,2.2195,11.7064,3.2923,18.1128,7.7367,9.1230,18.7272,25.8354,15.9265,71.6648,70.4115,18.0874,23.4053,17.4226,20.9474,16.8818,20.9393,111.5163,58.2411,15.1606,67.9242,9.2082,15.5213,17.8443,63.8957,66.2392,20.6301,17.1319,8.6025,9.7074,13.2436,89.0947,21.4554,21.4927,18.1866,17.9708,14.7583,56.3100,15.8545,58.0222,55.7310,-6.3783,2.3895,9.6993,62.5532,9.3376,2.5926,16.0919,71.2440,15.4769,16.0695,37.3443,113.1176,130.7084,111.9667,25.5055,21.7376,86.4049,18.5325,91.5276,79.5715,91.4770,20.2142,19.1761,98.5794,100.0207,82.0604,9.8270,14.1878,17.8339,29.6072,21.5071,18.6872,19.5068,79.6538,17.1032,65.3804,81.4306,88.6719,74.9262,78.3823,33.3126,62.1935,33.5814,5.9300,12.4966,14.7131,17.4163,21.2560,8.8123,20.1462,9.8559,10.9779,3.1802,54.4313,8.1939,50.3222,27.2126,58.2553,52.3356,72.4823,52.6507,6.1597,5.7579,33.7179,12.0740,10.8071,72.1607,48.0091,46.0389,57.2630,45.4549,39.7164,6.6435,52.6775,9.5197,42.2991,16.8212,2.0732,12.3280,82.4225,8.7147,6.7274,9.0568,5.2700,6.1396,10.9281,45.1328,76.7072,73.6075,14.0829,18.9247,39.0928,93.3119,80.5694,79.1824,89.9364,114.1644,18.6564,84.6230,17.5152,44.1518,37.9897,2.7305,23.9463,9.0844,46.6668,43.6275,65.1403,50.6675,53.4397,13.2572,92.6874,79.9264,66.7801,65.3251,81.5417,18.7706,73.7008,66.2748,66.3442,66.4124,66.4808,66.5501,66.5885,66.6572,66.7270,66.7979,66.8690,66.9410,67.0142,67.0888,67.1647,67.2419,67.3206,67.4008,67.4825,67.5659,67.6508,67.7375,67.8259,67.9160,68.0080,68.1019,68.1977,68.2954,68.3951,68.4967,68.6005,68.7062,68.8140,68.9238,69.0357,69.1496,69.2656,69.3835,69.5034,69.6252,69.7488,69.8742,70.0012,70.1298,70.2599,70.3913,70.5239,70.6576,70.7921,70.8263,70.9652
45127.7083333,2.3684,6.2308,10.3432,6.8931,15.0639,15.4056,14.7121,6.4811,27.3681,14.3040,11.2090,12.0277,7.6151,11.2171,18.3906,10.4621,12.6223,11.7892,8.6621,3.8568,9.7592,4.6915,5.0139,6.4476,5.9857,65.0419,9.7213,2.1558,8.9565,4.5581,6.8516,6.0837,7.6001,9.2426,12.9739,6.7237,21.6777,51.1649,15.1237,16.6203,12.7079,11.4351,10.8173,13.8943,82.9459,42.2928,10.3346,49.0222,4.7888,9.9941,12.3175,18.9756,48.2211,10.7939,5.1389,9.9826,10.6451,11.0718,21.9132,14.8533,15.0836,12.3216,8.8952,13.4464,8.8724,12.9308,41.7023,20.8200,-4.3484,1.5462,7.4583,13.4386,5.8599,1.7050,10.5773,15.6898,10.5635,13.0250,12.4941,82.1129,41.1048,36.3951,17.8129,14.8489,62.4441,12.5246,67.2563,57.8731,27.6150,13.9913,13.5412,72.4614,31.8338,19.1774,6.9389,9.7726,12.2866,20.1072,14.8637,12.8259,13.6649,58.3176,11.8675,24.3363,13.8139,66.0172,55.4155,57.7519,23.6512,45.8377,24.0224,4.1021,10.3260,10.2822,12.2261,18.7695,5.5239,10.6156,8.4807,9.7872,2.2069,39.3356,5.7576,36.2497,23.2766,42.1409,37.9583,53.2768,37.8628,3.7646,4.6932,23.4890,10.6031,8.6059,52.2399,34.1613,32.7393,41.4617,32.3684,10.7618,6.3392,9.3806,6.7327,30.1063,11.7670,2.0116,3.2934,17.4833,10.6588,6.2525,6.3086,3.9534,4.2288,4.1473,31.9074,18.8700,13.3093,9.6816,9.6206,27.7137,68.9487,20.0508,31.0474,66.3191,84.4383,12.2322,62.1441,20.4673,31.6214,26.9845,3.6054,16.2668,6.0533,18.8664,31.4369,47.6186,36.4158,38.5732,9.1846,68.6534,58.8036,48.5798,47.2896,59.5102,12.6424,53.9412,48.3548,48.4236,48.4912,48.5589,48.6276,48.6662,48.7343,48.8033,48.8734,48.9436,49.0148,49.0871,49.1607,49.2355,49.3116,49.3891,49.4680,49.5484,49.6303,49.7137,49.7988,49.8855,49.9739,50.0640,50.1559,50.2496,50.3452,50.4426,50.5419,50.6432,50.7464,50.8516,50.9587,51.0678,51.1788,51.2917,51.4066,51.5233,51.6418,51.7620,51.8840,52.0075,52.1325,52.2589,52.3866,52.5155,52.6453,52.7761,52.8093,52.9442
45127.7500000,2.4127,6.4919,7.5548,7.0207,12.6113,10.6702,9.8060,5.6059,9.4033,9.8843,8.7829,8.0925,4.6523,7.6765,7.0379,7.1946,9.0635,8.3319,5.8512,4.0868,9.9862,4.1817,3.5415,5.8022,6.0929,15.3477,5.8318,2.1939,7.6348,3.6064,6.8881,3.0810,6.0818,8.6437,11.3570,6.6738,8.4350,27.3810,3.8545,12.2060,9.6179,11.0070,6.9226,8.9773,46.5237,9.9285,7.2047,10.0895,4.3669,6.4080,9.0319,9.5486,26.1817,10.2227,3.6656,7.1080,5.0764,9.3143,13.8025,10.4672,10.8598,8.4243,4.7176,2.9167,5.7441,3.9336,21.9182,14.9926,-2.5705,1.2527,5.7948,5.7002,4.6810,1.3879,6.0641,8.0346,6.5493,10.8519,6.4421,15.6789,21.9512,19.3774,12.6200,10.3453,10.5057,8.4188,15.4295,12.0325,19.2810,9.8760,12.6903,18.3735,15.6308,9.8827,5.2038,8.7906,8.7520,13.6007,10.6376,8.9659,8.9483,31.7024,8.1460,18.3469,12.3741,37.8169,31.4839,32.2092,13.1846,26.2569,13.7400,3.1314,8.6657,7.6163,8.9884,12.8128,5.3830,9.9781,7.9147,8.6898,1.7545,8.0823,4.4254,8.5751,14.3993,8.2774,9.1590,29.6888,8.4856,2.9753,5.1231,4.1125,5.5048,7.9925,27.4645,17.7819,17.1309,22.4741,17.0708,5.6323,4.7096,8.4937,5.2080,16.0680,7.9404,2.0403,3.3068,9.7510,6.4488,6.3881,4.8108,1.8689,3.2129,2.3371,8.5880,9.9510,10.3258,10.3203,8.8890,6.8567,38.2369,11.8909,17.5519,16.2284,19.6932,10.3060,33.9593,10.4293,8.4802,14.5912,1.5918,4.2068,4.1777,11.2081,8.7337,26.2791,19.5044,20.8310,6.6244,17.6635,32.5088,11.0405,13.5503,13.0532,8.6010,13.3275,12.2769,12.5360,12.8048,13.0854,13.3791,13.6554,13.9752,14.3106,14.6624,15.0307,15.4171,15.8229,27.2634,27.3410,27.4200,27.5003,27.5821,27.6654,27.7502,27.8366,27.9246,28.0143,28.1057,28.1989,28.2939,28.3907,28.4894,28.5900,28.6925,28.7969,28.9033,29.0117,29.1221,29.2344,29.3487,29.4649,29.5830,29.7030,29.8248,29.9484,30.0736,30.2004,30.3288,30.4585,30.5895,30.7216,30.8547,30.9887,31.0238,31.1619
45127.7916667,1.6600,4.1180,5.1938,4.8297,8.3574,6.6319,5.8807,3.3337,6.0159,6.0003,5.3870,4.8798,3.1999,4.6193,4.2040,4.3693,5.6163,5.1555,3.7710,2.7290,6.4386,2.5330,2.4355,3.9646,4.1897,8.6692,4.0097,1.5084,5.1190,1.6633,3.8586,2.1182,2.7486,4.2574,4.1499,3.5744,5.6095,5.7630,2.2134,7.6088,6.6114,6.9872,4.0508,5.4063,12.1006,5.6617,4.4076,4.9506,2.7401,3.7119,5.6777,5.3769,6.3415,6.5158,2.5191,2.8909,3.0179,4.6468,8.5013,6.3563,6.6554,5.0532,2.2248,2.0044,3.2554,2.7025,8.4332,6.6205,-1.3896,0.8570,3.9178,3.8898,3.1419,0.9339,4.1658,5.5194,4.4991,5.2890,3.6921,5.8271,12.3351,10.8376,7.8678,6.2868,4.9449,5.1680,8.0531,5.9812,7.0995,6.0275,7.5087,8.2424,9.3625,6.7856,3.4556,4.5029,5.4456,8.2469,6.4816,5.5137,6.0548,12.6798,5.2050,5.9152,8.4910,16.2835,8.4729,8.0172,3.9957,7.4912,6.2264,2.0115,5.7614,4.7543,5.6032,6.3796,3.6934,6.3495,5.2310,5.6083,1.1580,5.0846,2.8885,4.8163,3.9525,5.6373,5.4878,7.4687,4.6217,1.8228,3.2505,2.8548,3.5408,4.4082,5.2598,3.6357,6.6507,9.0941,6.7198,3.1824,2.0365,5.2233,3.4213,6.4824,5.2970,1.3997,2.2685,6.6890,4.4206,3.3355,3.0806,1.1431,2.0436,1.5283,3.8068,6.3244,7.0271,6.7958,6.1174,3.7001,10.0599,6.8657,9.0016,8.7177,10.3142,6.7065,7.9648,5.7591,5.1413,6.0574,1.0154,2.3337,2.5595,5.3554,4.8485,10.8508,4.7126,5.1367,4.1182,9.6285,13.3395,5.9369,5.3854,6.6557,5.2142,6.9541,6.3725,6.4372,6.5027,6.5702,6.6402,6.6915,7.1766,6.8185,6.8955,6.9753,7.0586,7.1458,7.2375,7.3338,7.4353,7.5424,7.6556,8.8328,7.8852,8.0170,8.1569,8.3057,8.4640,8.6327,8.8129,9.0054,9.2114,9.4321,12.3100,12.3822,12.4558,12.5308,12.6071,12.6848,12.7638,12.8442,12.9258,13.0088,13.0930,13.1784,13.2650,13.3526,13.4413,13.5310,13.6215,13.7128,13.8048,13.8974,13.9221,14.0175
45127.8333333,0.3723,0.8508,1.1371,1.0830,1.8738,1.4533,1.3060,0.6538,1.2840,1.3331,1.2103,1.0866,0.7174,1.0356,0.9425,0.9712,1.2503,1.1541,0.8414,0.5956,1.3585,0.5677,0.5459,0.8885,0.9389,1.9222,0.8984,0.3380,1.1219,0.3726,0.7177,0.4745,0.6157,0.9537,0.9296,0.8007,1.2565,1.2908,0.4594,1.6923,1.4807,1.5588,0.9000,1.2031,2.5279,1.2558,0.9788,1.0815,0.6071,0.8283,1.2648,1.1770,1.3391,1.4447,0.5639,0.5591,0.6756,1.0402,1.8469,1.4229,1.4899,1.1312,0.4981,0.4487,0.6931,0.6047,0.9899,0.9550,-0.3060,0.1921,0.8766,0.8478,0.7030,0.2090,0.9320,1.2348,1.0065,1.1832,0.8259,1.3033,2.7582,2.4233,1.7504,1.3929,1.1054,1.1507,1.7823,1.3372,1.5520,1.3423,1.4633,1.8427,2.0566,1.5167,0.7637,1.0065,1.2098,1.8315,1.4361,1.2234,1.3482,1.5736,1.1607,1.2285,1.7946,2.2910,1.8933,1.7913,0.8928,1.6738,1.0011,0.4479,1.2560,1.0549,1.2434,1.0611,0.8062,1.4089,1.1494,1.1845,0.2582,1.1330,0.6431,1.0651,0.8836,1.1553,1.2187,1.6666,1.0205,0.3740,0.6794,0.6128,0.6864,0.8101,1.1742,0.8116,0.8144,1.1791,0.8461,0.7058,0.4546,1.0655,0.7520,0.8597,1.1746,0.3124,0.5063,1.4928,0.9618,0.7278,0.6875,0.2551,0.4539,0.3111,0.7042,1.3640,1.5665,1.4576,1.3461,0.8178,2.0244,1.5190,1.6095,1.9124,2.2668,1.5093,1.7090,1.0627,0.9601,0.8516,0.2260,0.5139,0.5667,1.1004,1.0742,1.4449,1.0012,1.0928,0.9125,2.1105,1.7365,1.3045,1.1596,1.4531,1.1522,1.5182,1.3893,1.4003,1.4112,1.4221,1.4332,1.4396,1.4505,1.4616,1.4729,1.4842,1.4957,1.5073,1.5192,1.5312,1.5435,1.5559,1.5686,1.5815,1.5947,1.6081,1.6217,1.6356,1.6498,1.6643,1.6790,1.6940,1.7093,1.7249,1.7408,1.7570,1.7734,1.7902,1.8073,1.8247,1.8424,1.8604,1.8787,1.8973,1.9162,1.9353,1.9547,1.9743,1.9942,2.0143,2.0346,2.0550,2.0756,2.0964,2.1020,2.1234
45127.8750000,0.0000,0.0000,0.0000,0.0000,0.0000,0.0000,0.0000,0.0000,0.0000,0.0000,0.0000,0.0000,0.0000,0.0000,0.0000,0.0000,0.0000,0.0000,0.0000,0.0000,0.0000,0.0000,0.0000,0.0000,0.0000,0.0000,0.0000,0.0000,0.0000,0.0000,0.0000,0.0000,0.0000,0.0000,0.0000,0.0000,0.0000,0.0000,0.0000,0.0000,0.0000,0.0000,0.0000,0.0000,0.0000,0.0000,0.0000,0.0000,0.0000,0.0000,0.0000,0.0000,0.0000,0.0000,0.0000,0.0000,0.0000,0.0000,0.0000,0.0000,0.0000,0.0000,0.0000,0.0000,0.0000,0.0000,0.0000,0.0000,0.0000,0.0000,0.0000,0.0000,0.0000,0.0000,0.0000,0.0000,0.0000,0.0000,0.0000,0.0000,0.0000,0.0000,0.0000,0.0000,0.0000,0.0000,0.0000,0.0000,0.0000,0.0000,0.0000,0.0000,0.0000,0.0000,0.0000,0.0000,0.0000,0.0000,0.0000,0.0000,0.0000,0.0000,0.0000,0.0000,0.0000,0.0000,0.0000,0.0000,0.0000,0.0000,0.0000,0.0000,0.0000,0.0000,0.0000,0.0000,0.0000,0.0000,0.0000,0.0000,0.0000,0.0000,0.0000,0.0000,0.0000,0.0000,0.0000,0.0000,0.0000,0.0000,0.0000,0.0000,0.0000,0.0000,0.0000,0.0000,0.0000,0.0000,0.0000,0.0000,0.0000,0.0000,0.0000,0.0000,0.0000,0.0000,0.0000,0.0000,0.0000,0.0000,0.0000,0.0000,0.0000,0.0000,0.0000,0.0000,0.0000,0.0000,0.0000,0.0000,0.0000,0.0000,0.0000,0.0000,0.0000,0.0000,0.0000,0.0000,0.0000,0.0000,0.0000,0.0000,0.0000,0.0000,0.0000,0.0000,0.0000,0.0000,0.0000,0.0000,0.0000,0.0000,0.0000,0.0000,0.0000,0.0000,0.0000,0.0000,0.0000,0.0000,0.0000,0.0000,0.0000,0.0000,0.0000,0.0000,0.0000,0.0000,0.0000,0.0000,0.0000,0.0000,0.0000,0.0000,0.0000,0.0000,0.0000,0.0000,0.0000,0.0000,0.0000,0.0000,0.0000,0.0000,0.0000,0.0000,0.0000,0.0000,0.0000,0.0000,0.0000,0.0000,0.0000,0.0000,0.0000,0.0000,0.0000,0.0000,0.0000,0.0000,0.0000,0.0000,0.0000,0.0000,0.0000,0.0000
45127.9166667,0.0000,0.0000,0.0000,0.0000,0.0000,0.0000,0.0000,0.0000,0.0000,0.0000,0.0000,0.0000,0.0000,0.0000,0.0000,0.0000,0.0000,0.0000,0.0000,0.0000,0.0000,0.0000,0.0000,0.0000,0.0000,0.0000,0.0000,0.0000,0.0000,0.0000,0.0000,0.0000,0.0000,0.0000,0.0000,0.0000,0.0000,0.0000,0.0000,0.0000,0.0000,0.0000,0.0000,0.0000,0.0000,0.0000,0.0000,0.0000,0.0000,0.0000,0.0000,0.0000,0.0000,0.0000,0.0000,0.0000,0.0000,0.0000,0.0000,0.0000,0.0000,0.0000,0.0000,0.0000,0.0000,0.0000,0.0000,0.0000,0.0000,0.0000,0.0000,0.0000,0.0000,0.0000,0.0000,0.0000,0.0000,0.0000,0.0000,0.0000,0.0000,0.0000,0.0000,0.0000,0.0000,0.0000,0.0000,0.0000,0.0000,0.0000,0.0000,0.0000,0.0000,0.0000,0.0000,0.0000,0.0000,0.0000,0.0000,0.0000,0.0000,0.0000,0.0000,0.0000,0.0000,0.0000,0.0000,0.0000,0.0000,0.0000,0.0000,0.0000,0.0000,0.0000,0.0000,0.0000,0.0000,0.0000,0.0000,0.0000,0.0000,0.0000,0.0000,0.0000,0.0000,0.0000,0.0000,0.0000,0.0000,0.0000,0.0000,0.0000,0.0000,0.0000,0.0000,0.0000,0.0000,0.0000,0.0000,0.0000,0.0000,0.0000,0.0000,0.0000,0.0000,0.0000,0.0000,0.0000,0.0000,0.0000,0.0000,0.0000,0.0000,0.0000,0.0000,0.0000,0.0000,0.0000,0.0000,0.0000,0.0000,0.0000,0.0000,0.0000,0.0000,0.0000,0.0000,0.0000,0.0000,0.0000,0.0000,0.0000,0.0000,0.0000,0.0000,0.0000,0.0000,0.0000,0.0000,0.0000,0.0000,0.0000,0.0000,0.0000,0.0000,0.0000,0.0000,0.0000,0.0000,0.0000,0.0000,0.0000,0.0000,0.0000,0.0000,0.0000,0.0000,0.0000,0.0000,0.0000,0.0000,0.0000,0.0000,0.0000,0.0000,0.0000,0.0000,0.0000,0.0000,0.0000,0.0000,0.0000,0.0000,0.0000,0.0000,0.0000,0.0000,0.0000,0.0000,0.0000,0.0000,0.0000,0.0000,0.0000,0.0000,0.0000,0.0000,0.0000,0.0000,0.0000,0.0000,0.0000,0.0000,0.0000,0.0000,0.0000
45127.9583333,0.0000,0.0000,0.0000,0.0000,0.0000,0.0000,0.0000,0.0000,0.0000,0.0000,0.0000,0.0000,0.0000,0.0000,0.0000,0.0000,0.0000,0.0000,0.0000,0.0000,0.0000,0.0000,0.0000,0.0000,0.0000,0.0000,0.0000,0.0000,0.0000,0.0000,0.0000,0.0000,0.0000,0.0000,0.0000,0.0000,0.0000,0.0000,0.0000,0.0000,0.0000,0.0000,0.0000,0.0000,0.0000,0.0000,0.0000,0.0000,0.0000,0.0000,0.0000,0.0000,0.0000,0.0000,0.0000,0.0000,0.0000,0.0000,0.0000,0.0000,0.0000,0.0000,0.0000,0.0000,0.0000,0.0000,0.0000,0.0000,0.0000,0.0000,0.0000,0.0000,0.0000,0.0000,0.0000,0.0000,0.0000,0.0000,0.0000,0.0000,0.0000,0.0000,0.0000,0.0000,0.0000,0.0000,0.0000,0.0000,0.0000,0.0000,0.0000,0.0000,0.0000,0.0000,0.0000,0.0000,0.0000,0.0000,0.0000,0.0000,0.0000,0.0000,0.0000,0.0000,0.0000,0.0000,0.0000,0.0000,0.0000,0.0000,0.0000,0.0000,0.0000,0.0000,0.0000,0.0000,0.0000,0.0000,0.0000,0.0000,0.0000,0.0000,0.0000,0.0000,0.0000,0.0000,0.0000,0.0000,0.0000,0.0000,0.0000,0.0000,0.0000,0.0000,0.0000,0.0000,0.0000,0.0000,0.0000,0.0000,0.0000,0.0000,0.0000,0.0000,0.0000,0.0000,0.0000,0.0000,0.0000,0.0000,0.0000,0.0000,0.0000,0.0000,0.0000,0.0000,0.0000,0.0000,0.0000,0.0000,0.0000,0.0000,0.0000,0.0000,0.0000,0.0000,0.0000,0.0000,0.0000,0.0000,0.0000,0.0000,0.0000,0.0000,0.0000,0.0000,0.0000,0.0000,0.0000,0.0000,0.0000,0.0000,0.0000,0.0000,0.0000,0.0000,0.0000,0.0000,0.0000,0.0000,0.0000,0.0000,0.0000,0.0000,0.0000,0.0000,0.0000,0.0000,0.0000,0.0000,0.0000,0.0000,0.0000,0.0000,0.0000,0.0000,0.0000,0.0000,0.0000,0.0000,0.0000,0.0000,0.0000,0.0000,0.0000,0.0000,0.0000,0.0000,0.0000,0.0000,0.0000,0.0000,0.0000,0.0000,0.0000,0.0000,0.0000,0.0000,0.0000,0.0000,0.0000,0.0000,0.0000,0.0000,0.0000,0.0000
45128.0000000,0.0000,0.0000,0.0000,0.0000,0.0000,0.0000,0.0000,0.0000,0.0000,0.0000,0.0000,0.0000,0.0000,0.0000,0.0000,0.0000,0.0000,0.0000,0.0000,0.0000,0.0000,0.0000,0.0000,0.0000,0.0000,0.0000,0.0000,0.0000,0.0000,0.0000,0.0000,0.0000,0.0000,0.0000,0.0000,0.0000,0.0000,0.0000,0.0000,0.0000,0.0000,0.0000,0.0000,0.0000,0.0000,0.0000,0.0000,0.0000,0.0000,0.0000,0.0000,0.0000,0.0000,0.0000,0.0000,0.0000,0.0000,0.0000,0.0000,0.0000,0.0000,0.0000,0.0000,0.0000,0.0000,0.0000,0.0000,0.0000,0.0000,0.0000,0.0000,0.0000,0.0000,0.0000,0.0000,0.0000,0.0000,0.0000,0.0000,0.0000,0.0000,0.0000,0.0000,0.0000,0.0000,0.0000,0.0000,0.0000,0.0000,0.0000,0.0000,0.0000,0.0000,0.0000,0.0000,0.0000,0.0000,0.0000,0.0000,0.0000,0.0000,0.0000,0.0000,0.0000,0.0000,0.0000,0.0000,0.0000,0.0000,0.0000,0.0000,0.0000,0.0000,0.0000,0.0000,0.0000,0.0000,0.0000,0.0000,0.0000,0.0000,0.0000,0.0000,0.0000,0.0000,0.0000,0.0000,0.0000,0.0000,0.0000,0.0000,0.0000,0.0000,0.0000,0.0000,0.0000,0.0000,0.0000,0.0000,0.0000,0.0000,0.0000,0.0000,0.0000,0.0000,0.0000,0.0000,0.0000,0.0000,0.0000,0.0000,0.0000,0.0000,0.0000,0.0000,0.0000,0.0000,0.0000,0.0000,0.0000,0.0000,0.0000,0.0000,0.0000,0.0000,0.0000,0.0000,0.0000,0.0000,0.0000,0.0000,0.0000,0.0000,0.0000,0.0000,0.0000,0.0000,0.0000,0.0000,0.0000,0.0000,0.0000,0.0000,0.0000,0.0000,0.0000,0.0000,0.0000,0.0000,0.0000,0.0000,0.0000,0.0000,0.0000,0.0000,0.0000,0.0000,0.0000,0.0000,0.0000,0.0000,0.0000,0.0000,0.0000,0.0000,0.0000,0.0000,0.0000,0.0000,0.0000,0.0000,0.0000,0.0000,0.0000,0.0000,0.0000,0.0000,0.0000,0.0000,0.0000,0.0000,0.0000,0.0000,0.0000,0.0000,0.0000,0.0000,0.0000,0.0000,0.0000,0.0000,0.0000,0.0000,0.0000,0.0000,0.0000
45128.0416667,0.0000,0.0000,0.0000,0.0000,0.0000,0.0000,0.0000,0.0000,0.0000,0.0000,0.0000,0.0000,0.0000,0.0000,0.0000,0.0000,0.0000,0.0000,0.0000,0.0000,0.0000,0.0000,0.0000,0.0000,0.0000,0.0000,0.0000,0.0000,0.0000,0.0000,0.0000,0.0000,0.0000,0.0000,0.0000,0.0000,0.0000,0.0000,0.0000,0.0000,0.0000,0.0000,0.0000,0.0000,0.0000,0.0000,0.0000,0.0000,0.0000,0.0000,0.0000,0.0000,0.0000,0.0000,0.0000,0.0000,0.0000,0.0000,0.0000,0.0000,0.0000,0.0000,0.0000,0.0000,0.0000,0.0000,0.0000,0.0000,0.0000,0.0000,0.0000,0.0000,0.0000,0.0000,0.0000,0.0000,0.0000,0.0000,0.0000,0.0000,0.0000,0.0000,0.0000,0.0000,0.0000,0.0000,0.0000,0.0000,0.0000,0.0000,0.0000,0.0000,0.0000,0.0000,0.0000,0.0000,0.0000,0.0000,0.0000,0.0000,0.0000,0.0000,0.0000,0.0000,0.0000,0.0000,0.0000,0.0000,0.0000,0.0000,0.0000,0.0000,0.0000,0.0000,0.0000,0.0000,0.0000,0.0000,0.0000,0.0000,0.0000,0.0000,0.0000,0.0000,0.0000,0.0000,0.0000,0.0000,0.0000,0.0000,0.0000,0.0000,0.0000,0.0000,0.0000,0.0000,0.0000,0.0000,0.0000,0.0000,0.0000,0.0000,0.0000,0.0000,0.0000,0.0000,0.0000,0.0000,0.0000,0.0000,0.0000,0.0000,0.0000,0.0000,0.0000,0.0000,0.0000,0.0000,0.0000,0.0000,0.0000,0.0000,0.0000,0.0000,0.0000,0.0000,0.0000,0.0000,0.0000,0.0000,0.0000,0.0000,0.0000,0.0000,0.0000,0.0000,0.0000,0.0000,0.0000,0.0000,0.0000,0.0000,0.0000,0.0000,0.0000,0.0000,0.0000,0.0000,0.0000,0.0000,0.0000,0.0000,0.0000,0.0000,0.0000,0.0000,0.0000,0.0000,0.0000,0.0000,0.0000,0.0000,0.0000,0.0000,0.0000,0.0000,0.0000,0.0000,0.0000,0.0000,0.0000,0.0000,0.0000,0.0000,0.0000,0.0000,0.0000,0.0000,0.0000,0.0000,0.0000,0.0000,0.0000,0.0000,0.0000,0.0000,0.0000,0.0000,0.0000,0.0000,0.0000,0.0000,0.0000,0.0000,0.0000,0.0000
45128.0833333,0.0000,0.0000,0.0000,0.0000,0.0000,0.0000,0.0000,0.0000,0.0000,0.0000,0.0000,0.0000,0.0000,0.0000,0.0000,0.0000,0.0000,0.0000,0.0000,0.0000,0.0000,0.0000,0.0000,0.0000,0.0000,0.0000,0.0000,0.0000,0.0000,0.0000,0.0000,0.0000,0.0000,0.0000,0.0000,0.0000,0.0000,0.0000,0.0000,0.0000,0.0000,0.0000,0.0000,0.0000,0.0000,0.0000,0.0000,0.0000,0.0000,0.0000,0.0000,0.0000,0.0000,0.0000,0.0000,0.0000,0.0000,0.0000,0.0000,0.0000,0.0000,0.0000,0.0000,0.0000,0.0000,0.0000,0.0000,0.0000,0.0000,0.0000,0.0000,0.0000,0.0000,0.0000,0.0000,0.0000,0.0000,0.0000,0.0000,0.0000,0.0000,0.0000,0.0000,0.0000,0.0000,0.0000,0.0000,0.0000,0.0000,0.0000,0.0000,0.0000,0.0000,0.0000,0.0000,0.0000,0.0000,0.0000,0.0000,0.0000,0.0000,0.0000,0.0000,0.0000,0.0000,0.0000,0.0000,0.0000,0.0000,0.0000,0.0000,0.0000,0.0000,0.0000,0.0000,0.0000,0.0000,0.0000,0.0000,0.0000,0.0000,0.0000,0.0000,0.0000,0.0000,0.0000,0.0000,0.0000,0.0000,0.0000,0.0000,0.0000,0.0000,0.0000,0.0000,0.0000,0.0000,0.0000,0.0000,0.0000,0.0000,0.0000,0.0000,0.0000,0.0000,0.0000,0.0000,0.0000,0.0000,0.0000,0.0000,0.0000,0.0000,0.0000,0.0000,0.0000,0.0000,0.0000,0.0000,0.0000,0.0000,0.0000,0.0000,0.0000,0.0000,0.0000,0.0000,0.0000,0.0000,0.0000,0.0000,0.0000,0.0000,0.0000,0.0000,0.0000,0.0000,0.0000,0.0000,0.0000,0.0000,0.0000,0.0000,0.0000,0.0000,0.0000,0.0000,0.0000,0.0000,0.0000,0.0000,0.0000,0.0000,0.0000,0.0000,0.0000,0.0000,0.0000,0.0000,0.0000,0.0000,0.0000,0.0000,0.0000,0.0000,0.0000,0.0000,0.0000,0.0000,0.0000,0.0000,0.0000,0.0000,0.0000,0.0000,0.0000,0.0000,0.0000,0.0000,0.0000,0.0000,0.0000,0.0000,0.0000,0.0000,0.0000,0.0000,0.0000,0.0000,0.0000,0.0000,0.0000,0.0000,0.0000,0.0000,0.0000
45128.1250000,0.0000,0.0000,0.0000,0.0000,0.0000,0.0000,0.0000,0.0000,0.0000,0.0000,0.0000,0.0000,0.0000,0.0000,0.0000,0.0000,0.0000,0.0000,0.0000,0.0000,0.0000,0.0000,0.0000,0.0000,0.0000,0.0000,0.0000,0.0000,0.0000,0.0000,0.0000,0.0000,0.0000,0.0000,0.0000,0.0000,0.0000,0.0000,0.0000,0.0000,0.0000,0.0000,0.0000,0.0000,0.0000,0.0000,0.0000,0.0000,0.0000,0.0000,0.0000,0.0000,0.0000,0.0000,0.0000,0.0000,0.0000,0.0000,0.0000,0.0000,0.0000,0.0000,0.0000,0.0000,0.0000,0.0000,0.0000,0.0000,0.0000,0.0000,0.0000,0.0000,0.0000,0.0000,0.0000,0.0000,0.0000,0.0000,0.0000,0.0000,0.0000,0.0000,0.0000,0.0000,0.0000,0.0000,0.0000,0.0000,0.0000,0.0000,0.0000,0.0000,0.0000,0.0000,0.0000,0.0000,0.0000,0.0000,0.0000,0.0000,0.0000,0.0000,0.0000,0.0000,0.0000,0.0000,0.0000,0.0000,0.0000,0.0000,0.0000,0.0000,0.0000,0.0000,0.0000,0.0000,0.0000,0.0000,0.0000,0.0000,0.0000,0.0000,0.0000,0.0000,0.0000,0.0000,0.0000,0.0000,0.0000,0.0000,0.0000,0.0000,0.0000,0.0000,0.0000,0.0000,0.0000,0.0000,0.0000,0.0000,0.0000,0.0000,0.0000,0.0000,0.0000,0.0000,0.0000,0.0000,0.0000,0.0000,0.0000,0.0000,0.0000,0.0000,0.0000,0.0000,0.0000,0.0000,0.0000,0.0000,0.0000,0.0000,0.0000,0.0000,0.0000,0.0000,0.0000,0.0000,0.0000,0.0000,0.0000,0.0000,0.0000,0.0000,0.0000,0.0000,0.0000,0.0000,0.0000,0.0000,0.0000,0.0000,0.0000,0.0000,0.0000,0.0000,0.0000,0.0000,0.0000,0.0000,0.0000,0.0000,0.0000,0.0000,0.0000,0.0000,0.0000,0.0000,0.0000,0.0000,0.0000,0.0000,0.0000,0.0000,0.0000,0.0000,0.0000,0.0000,0.0000,0.0000,0.0000,0.0000,0.0000,0.0000,0.0000,0.0000,0.0000,0.0000,0.0000,0.0000,0.0000,0.0000,0.0000,0.0000,0.0000,0.0000,0.0000,0.0000,0.0000,0.0000,0.0000,0.0000,0.0000,0.0000,0.0000,0.0000
45128.1666667,0.0000,0.0000,0.0000,0.0000,0.0000,0.0000,0.0000,0.0000,0.0000,0.0000,0.0000,0.0000,0.0000,0.0000,0.0000,0.0000,0.0000,0.0000,0.0000,0.0000,0.0000,0.0000,0.0000,0.0000,0.0000,0.0000,0.0000,0.0000,0.0000,0.0000,0.0000,0.0000,0.0000,0.0000,0.0000,0.0000,0.0000,0.0000,0.0000,0.0000,0.0000,0.0000,0.0000,0.0000,0.0000,0.0000,0.0000,0.0000,0.0000,0.0000,0.0000,0.0000,0.0000,0.0000,0.0000,0.0000,0.0000,0.0000,0.0000,0.0000,0.0000,0.0000,0.0000,0.0000,0.0000,0.0000,0.0000,0.0000,0.0000,0.0000,0.0000,0.0000,0.0000,0.0000,0.0000,0.0000,0.0000,0.0000,0.0000,0.0000,0.0000,0.0000,0.0000,0.0000,0.0000,0.0000,0.0000,0.0000,0.0000,0.0000,0.0000,0.0000,0.0000,0.0000,0.0000,0.0000,0.0000,0.0000,0.0000,0.0000,0.0000,0.0000,0.0000,0.0000,0.0000,0.0000,0.0000,0.0000,0.0000,0.0000,0.0000,0.0000,0.0000,0.0000,0.0000,0.0000,0.0000,0.0000,0.0000,0.0000,0.0000,0.0000,0.0000,0.0000,0.0000,0.0000,0.0000,0.0000,0.0000,0.0000,0.0000,0.0000,0.0000,0.0000,0.0000,0.0000,0.0000,0.0000,0.0000,0.0000,0.0000,0.0000,0.0000,0.0000,0.0000,0.0000,0.0000,0.0000,0.0000,0.0000,0.0000,0.0000,0.0000,0.0000,0.0000,0.0000,0.0000,0.0000,0.0000,0.0000,0.0000,0.0000,0.0000,0.0000,0.0000,0.0000,0.0000,0.0000,0.0000,0.0000,0.0000,0.0000,0.0000,0.0000,0.0000,0.0000,0.0000,0.0000,0.0000,0.0000,0.0000,0.0000,0.0000,0.0000,0.0000,0.0000,0.0000,0.0000,0.0000,0.0000,0.0000,0.0000,0.0000,0.0000,0.0000,0.0000,0.0000,0.0000,0.0000,0.0000,0.0000,0.0000,0.0000,0.0000,0.0000,0.0000,0.0000,0.0000,0.0000,0.0000,0.0000,0.0000,0.0000,0.0000,0.0000,0.0000,0.0000,0.0000,0.0000,0.0000,0.0000,0.0000,0.0000,0.0000,0.0000,0.0000,0.0000,0.0000,0.0000,0.0000,0.0000,0.0000,0.0000,0.0000,0.0000,0.0000
45128.2083333,0.0000,0.0000,0.0000,0.0000,0.0000,0.0000,0.0000,0.0000,0.0000,0.0000,0.0000,0.0000,0.0000,0.0000,0.0000,0.0000,0.0000,0.0000,0.0000,0.0000,0.0000,0.0000,0.0000,0.0000,0.0000,0.0000,0.0000,0.0000,0.0000,0.0000,0.0000,0.0000,0.0000,0.0000,0.0000,0.0000,0.0000,0.0000,0.0000,0.0000,0.0000,0.0000,0.0000,0.0000,0.0000,0.0000,0.0000,0.0000,0.0000,0.0000,0.0000,0.0000,0.0000,0.0000,0.0000,0.0000,0.0000,0.0000,0.0000,0.0000,0.0000,0.0000,0.0000,0.0000,0.0000,0.0000,0.0000,0.0000,0.0000,0.0000,0.0000,0.0000,0.0000,0.0000,0.0000,0.0000,0.0000,0.0000,0.0000,0.0000,0.0000,0.0000,0.0000,0.0000,0.0000,0.0000,0.0000,0.0000,0.0000,0.0000,0.0000,0.0000,0.0000,0.0000,0.0000,0.0000,0.0000,0.0000,0.0000,0.0000,0.0000,0.0000,0.0000,0.0000,0.0000,0.0000,0.0000,0.0000,0.0000,0.0000,0.0000,0.0000,0.0000,0.0000,0.0000,0.0000,0.0000,0.0000,0.0000,0.0000,0.0000,0.0000,0.0000,0.0000,0.0000,0.0000,0.0000,0.0000,0.0000,0.0000,0.0000,0.0000,0.0000,0.0000,0.0000,0.0000,0.0000,0.0000,0.0000,0.0000,0.0000,0.0000,0.0000,0.0000,0.0000,0.0000,0.0000,0.0000,0.0000,0.0000,0.0000,0.0000,0.0000,0.0000,0.0000,0.0000,0.0000,0.0000,0.0000,0.0000,0.0000,0.0000,0.0000,0.0000,0.0000,0.0000,0.0000,0.0000,0.0000,0.0000,0.0000,0.0000,0.0000,0.0000,0.0000,0.0000,0.0000,0.0000,0.0000,0.0000,0.0000,0.0000,0.0000,0.0000,0.0000,0.0000,0.0000,0.0000,0.0000,0.0000,0.0000,0.0000,0.0000,0.0000,0.0000,0.0000,0.0000,0.0000,0.0000,0.0000,0.0000,0.0000,0.0000,0.0000,0.0000,0.0000,0.0000,0.0000,0.0000,0.0000,0.0000,0.0000,0.0000,0.0000,0.0000,0.0000,0.0000,0.0000,0.0000,0.0000,0.0000,0.0000,0.0000,0.0000,0.0000,0.0000,0.0000,0.0000,0.0000,0.0000,0.0000,0.0000,0.0000,0.0000,0.0000,0.0000
45128.2500000,0.2343,0.5354,0.7156,0.6815,1.1791,0.9145,0.8218,0.4114,0.8080,0.8388,0.7581,0.6837,0.4514,0.6516,0.5930,0.6112,0.7867,0.7262,0.5295,0.3748,0.8548,0.3572,0.3435,0.5590,0.5907,1.2092,0.5652,0.2126,0.7057,0.2344,0.4515,0.2985,0.3873,0.5999,0.5847,0.5036,0.7903,0.8119,0.2890,1.0644,0.9313,0.9804,0.5660,0.7567,1.5897,0.7898,0.6156,0.6797,0.3819,0.5205,0.7954,0.7402,0.8421,0.9085,0.3546,0.3516,0.4248,0.6542,1.1614,0.8948,0.9369,0.7114,0.3132,0.2822,0.4359,0.3802,0.6224,0.6004,-0.1923,0.1208,0.5511,0.5330,0.4419,0.1314,0.5858,0.7762,0.6327,0.7438,0.5192,0.8192,1.7334,1.5230,1.1001,0.8754,0.6947,0.7231,1.1200,0.8403,0.9753,0.8436,0.9195,1.1580,1.2923,0.9531,0.4799,0.6324,0.7602,1.1489,0.9018,0.7686,0.8471,0.9887,0.7293,0.7719,1.1276,1.4394,1.1896,1.1255,0.5610,1.0517,0.6290,0.2814,0.7881,0.6627,0.7808,0.6666,0.5064,0.8850,0.7220,0.7441,0.1622,0.7117,0.4040,0.6691,0.5542,0.7256,0.7655,1.0468,0.6410,0.2349,0.4267,0.3849,0.4311,0.5088,0.7374,0.5098,0.5115,0.7405,0.5314,0.4433,0.2855,0.6671,0.4710,0.5399,0.7377,0.1962,0.3180,0.9375,0.6040,0.4570,0.4317,0.1602,0.2851,0.1954,0.4422,0.8565,0.9837,0.9153,0.8453,0.5105,1.2712,0.9539,0.9631,1.1995,1.4215,0.8925,1.0731,0.6673,0.6029,0.5348,0.1419,0.3227,0.3559,0.6910,0.6745,0.9072,0.6287,0.6862,0.5730,1.3252,1.0904,0.8191,0.7281,0.9123,0.7234,0.9532,0.8723,0.8792,0.8860,0.8929,0.8998,0.9038,0.9107,0.9177,0.9248,0.9319,0.9391,0.9464,0.9538,0.9614,0.9691,0.9769,0.9849,0.9930,1.0012,1.0097,1.0182,1.0270,1.0359,1.0449,1.0542,1.0636,1.0732,1.0830,1.0930,1.1032,1.1135,1.1241,1.1348,1.1457,1.1568,1.1682,1.1796,1.1913,1.2032,1.2152,1.2274,1.2397,1.2522,1.2648,1.2776,1.2904,1.3034,1.3164,1.3199,1.3334
45128.2916667,1.1938,2.7281,3.6462,3.4729,6.0091,4.6608,4.1884,2.0968,4.1181,4.2949,3.8833,3.5015,2.3260,3.3364,3.0228,3.1152,4.0472,3.7159,2.6989,1.9105,4.3576,1.8212,1.7512,2.8504,3.1059,6.2474,2.8921,1.0845,3.6365,1.2200,2.3133,1.5503,2.5927,3.3960,2.9831,2.5695,4.0777,4.2067,1.6700,5.4811,4.7522,5.0225,2.8886,3.8619,8.1143,4.0313,3.1421,3.4696,1.9492,2.6571,4.1762,3.8788,4.5619,4.6854,1.8106,1.7951,2.1689,3.3875,5.9649,4.6155,4.8989,3.6478,1.5989,1.4405,2.2252,1.9419,3.1791,3.0671,-0.9821,0.6172,2.8151,2.7669,2.3189,0.6699,3.0676,4.0107,3.2667,3.8554,2.7777,4.1861,8.9622,7.8572,5.6834,5.5237,3.5518,3.6973,5.7265,4.2962,4.9864,4.3129,4.7013,5.9203,6.6085,4.8736,2.4537,3.2341,3.8874,5.8767,4.6130,4.0412,4.3328,5.0572,3.7304,4.2099,5.8964,9.6316,6.8262,7.7818,3.5271,6.8658,3.8596,1.4504,4.1097,3.3909,4.0938,3.6393,2.6123,4.5542,3.7370,3.8463,0.8305,3.8489,2.0817,3.4250,2.8373,3.8973,3.9484,5.4028,3.2815,1.2073,2.2064,2.0151,2.3585,3.9409,3.8315,2.7747,2.6213,4.4654,3.8118,2.2698,1.4621,3.4744,2.4121,2.7651,3.7780,1.0049,1.6287,4.8018,3.1406,2.3657,2.2336,0.8207,1.4621,1.0416,2.3012,4.4069,5.0842,4.6888,4.3302,2.6151,6.5122,4.8865,4.9340,6.1770,7.5541,4.6424,5.6104,3.4880,3.1630,3.0651,0.7279,2.0712,1.8273,3.6052,3.4790,5.2912,3.2692,3.5468,2.9627,6.8475,5.6360,4.2129,3.7824,4.7270,3.7239,4.9027,4.4858,4.5213,4.5474,4.5833,4.6198,4.6414,4.6778,4.7149,4.7527,4.7907,4.8525,4.8674,4.9076,4.9486,4.9906,5.0335,5.0776,5.1227,5.1690,5.2187,5.2679,5.3186,5.3708,5.4247,5.4804,5.5379,5.5975,5.8098,5.7080,5.7723,5.8390,5.9082,5.9802,6.0550,6.1330,6.2144,6.1530,6.4185,6.5157,6.6181,6.7260,6.8401,6.9608,7.0888,7.2248,8.3008,8.3671,8.4338,8.4518,8.5206
45128.3333333,2.2302,5.0967,7.0194,6.4887,11.2275,9.0751,7.8263,3.9180,8.5299,8.3979,7.5666,6.8757,4.5370,6.4431,5.6485,5.9750,16.4561,7.2370,6.8338,3.6636,8.8966,3.5695,3.2727,8.0538,6.8495,11.6911,5.6522,2.0271,7.3838,2.7271,5.3375,3.7627,12.5334,10.3671,6.4672,4.8031,7.7130,9.8678,3.7474,11.2049,8.8839,9.7878,5.4004,7.2203,16.2003,7.5373,5.8748,6.4871,3.6444,6.0444,10.0604,9.2890,17.6219,9.7579,3.5912,4.9293,5.2205,7.2640,12.2128,8.9888,12.0880,7.1834,2.9898,2.6936,8.0036,3.6319,14.4135,7.3253,-3.5140,1.1539,5.9186,5.6304,5.6819,1.2585,6.1214,8.5354,6.2396,7.5099,5.5421,9.1286,17.4996,16.3865,11.0633,13.1186,6.6459,7.6524,10.7150,8.0386,9.3299,8.0698,8.7966,11.0772,14.5525,12.4760,5.1313,6.3455,7.5953,11.6905,8.9291,10.1717,8.2102,11.2155,7.3210,16.9304,13.6567,26.3725,21.8951,22.0567,9.3111,18.4584,9.8786,3.2074,8.5195,6.5249,9.5000,14.7581,5.0153,8.5324,7.7496,7.7491,1.5591,14.4199,3.9271,7.1376,5.6063,7.8632,8.0982,10.8400,6.9377,2.3433,4.5461,4.7216,9.8174,12.4657,7.2632,5.7206,5.0148,10.5744,11.3660,4.5173,2.7376,6.6709,4.5565,5.3834,7.4670,1.8817,3.4270,9.1732,6.1845,5.1823,4.1947,1.5407,2.7680,2.0651,4.6922,8.5562,10.5610,8.9024,8.8971,5.0638,25.9711,9.8388,11.6555,11.6032,17.1074,9.9995,10.8016,8.7603,6.5333,9.9975,1.3965,5.7516,3.5358,8.4560,7.0737,17.9264,6.2521,7.3524,5.7407,13.9144,11.6820,8.1982,7.0390,8.9398,6.9636,9.5709,8.7694,8.8613,8.9537,9.0480,9.1313,9.2002,9.2986,9.3999,9.5043,9.6112,9.7213,9.8350,9.9526,10.0742,10.2001,10.3305,10.4657,10.6058,10.7512,10.9022,10.2616,11.2771,11.4514,11.6329,11.8220,12.0191,12.2247,12.4390,12.6628,12.8963,13.1401,13.3949,13.6611,13.9393,14.2302,14.5344,14.8526,15.1856,15.5342,21.1524,21.2689,21.3869,21.5064,21.6271,21.7489,21.8719,21.9958,22.1204,22.1539,22.2824
45128.3750000,2.7229,6.2230,9.1349,7.9232,25.5389,14.0354,9.5577,10.6848,17.2690,12.9785,11.5833,10.7044,7.0356,9.8587,7.6954,8.4093,34.6591,10.8717,25.0150,5.5917,20.7380,5.4669,3.9975,13.3276,9.1554,24.3966,9.0918,2.4766,14.2592,8.8454,8.2108,14.6513,29.6962,31.6048,35.0420,29.3492,14.9310,12.7953,5.6738,21.9221,11.5506,14.6925,6.6000,9.9400,22.8896,16.1507,9.4050,7.9288,5.7998,7.7313,39.5211,35.1794,37.0136,19.7604,5.8004,21.9723,6.1050,16.4168,22.3172,13.7218,41.1318,11.1963,3.6546,3.2926,15.1552,4.4409,31.4613,30.1642,-16.3240,1.4557,12.2778,7.2519,20.0977,1.6703,12.9412,18.3071,9.0810,19.6391,7.8058,13.4915,36.9128,31.9233,16.7495,44.8348,8.1310,10.0222,13.8770,9.8348,11.4146,39.3988,22.5774,21.7138,29.8353,45.7140,10.6331,9.3812,11.4557,18.3841,13.3934,37.7682,10.8790,44.7263,11.0877,36.1330,46.5126,52.1642,43.6254,44.9602,18.5930,36.3142,19.1639,10.3431,11.0940,9.4702,35.3586,31.7646,7.3130,13.0022,16.2535,14.5805,1.9525,30.2199,5.0634,14.0039,8.1982,10.8374,15.3851,21.2787,14.1810,3.5784,9.1997,17.6707,21.7763,27.8121,14.6329,7.9111,7.0807,31.8347,24.5342,5.8223,3.8582,9.4806,10.9097,7.9657,12.8954,2.6085,7.1791,17.5450,14.7363,6.7145,9.0088,1.9672,3.4294,4.5600,6.0627,12.7907,20.8421,10.9641,17.1369,7.3699,53.4380,16.6879,25.8908,15.5152,24.3430,26.1680,17.7034,31.2375,24.3455,20.8006,2.1000,12.3553,4.9516,26.1884,13.0877,36.9029,9.9989,14.5844,8.6181,25.6135,23.1177,12.2353,9.2573,12.5991,9.8709,14.2928,13.1217,11.3452,13.5793,13.7975,14.0227,14.2198,14.4572,14.7025,14.9562,15.2175,15.4877,15.7672,16.0567,16.3564,16.6668,16.9884,17.3217,17.6670,18.0251,18.3962,18.7812,19.1803,19.5944,20.0240,20.4696,20.9320,21.4119,21.9099,22.4268,22.9632,40.0657,40.1887,40.3138,40.4413,40.5709,40.7028,40.8368,40.9730,41.1112,41.2514,41.3936,41.5376,41.6832,41.8305,41.9792,42.1293,42.2804,42.4326,42.4729,42.6298
45128.4166667,2.7114,6.1971,12.1662,14.2870,98.4682,20.5278,19.7013,9.0702,61.9058,18.7480,17.2448,15.9373,10.3865,14.6431,7.7662,13.0812,54.0132,15.4536,39.9376,5.3612,17.7891,10.8616,5.5524,14.0956,13.8269,77.0063,14.1928,10.9832,51.9720,12.3794,45.0711,20.4195,48.8582,50.3782,56.2314,47.3690,61.9318,22.0932,7.0653,69.9402,25.3192,19.9110,6.5781,9.0747,97.7645,50.6170,13.6212,13.1388,8.3581,16.4551,62.0546,55.2432,57.5047,65.4291,7.9180,33.2148,8.4708,62.9396,77.6642,19.5164,63.6326,16.3548,5.5529,5.7650,23.6073,4.4281,49.9620,47.9695,-23.3858,2.1648,40.3853,7.3674,29.0829,2.2875,11.1209,61.5376,13.1138,73.7664,8.7697,23.1217,114.3444,97.9578,23.6421,70.2932,8.1117,10.3237,14.1425,10.1315,79.1486,61.4710,75.9590,85.6483,87.2411,71.1504,41.8276,13.3290,16.4279,26.9913,18.7282,59.3385,17.8769,69.2222,15.7476,56.5837,71.1112,78.0920,65.8046,68.5364,28.9659,54.6858,29.3837,17.3945,13.1006,12.9063,55.2209,50.1198,8.7790,18.2216,57.2535,53.7227,2.8090,47.1856,7.7203,43.6025,7.7146,50.4467,45.5707,63.3408,45.4848,5.5634,33.5969,28.8086,35.2983,44.7627,62.1971,9.7028,9.4730,49.6522,39.1121,34.0281,5.1859,45.5814,36.9284,10.9565,51.2996,2.5499,25.5964,71.4099,53.2754,9.6873,36.2703,2.3064,4.6034,13.5284,7.9345,17.9702,64.1180,14.3602,61.7646,10.3040,81.5355,69.9030,68.7607,17.3771,53.9419,33.9408,30.8468,49.2314,38.2322,32.8508,4.4736,20.4228,6.7184,40.6144,38.0117,56.7977,11.2953,46.3181,12.1264,81.1973,69.7830,16.9874,56.4583,16.6439,13.1816,19.9082,18.3162,18.6755,19.0430,19.4207,19.8096,20.1748,20.5847,21.0070,21.4423,21.8899,22.3511,22.8266,23.3170,23.8227,24.3443,24.8824,25.4374,26.0100,26.6008,27.2104,59.3501,59.4509,59.5536,59.6584,59.7652,59.8741,59.9851,60.0983,60.2136,60.3312,60.4510,60.5731,60.6974,60.8240,60.9528,61.0837,61.2169,61.3522,61.4896,61.6289,61.7702,61.9133,62.0581,62.2045,62.3523,62.5014,62.6517,62.8030,62.8426,62.9985
45128.4583333,2.4564,7.7593,23.9295,103.7082,130.6580,27.9773,27.0900,12.8233,82.7669,88.6883,87.5515,21.7931,50.8553,70.9961,73.0774,17.6187,72.1166,20.5212,15.6556,6.5443,88.5909,21.9550,8.5249,9.9634,19.2921,101.2310,76.5968,14.8206,69.7616,8.2560,33.4072,9.3122,21.5030,26.4211,76.2127,64.5567,82.8954,81.4229,10.6199,92.3620,94.5067,25.9923,5.9651,11.4305,127.5186,67.4663,18.3866,30.1741,11.8404,9.5744,22.7570,74.0394,76.5821,25.1932,9.1413,23.2345,12.8248,84.9933,102.3801,86.7008,84.4358,22.2044,5.9504,7.6319,9.9502,16.0611,67.4620,64.8609,-4.8799,3.1644,16.1956,15.0923,13.3987,11.0511,16.1522,82.4320,65.7171,99.2844,17.3139,23.5853,149.3651,128.1336,106.8294,26.4869,7.3635,16.0611,105.2371,28.0555,105.3942,81.9822,101.3403,113.2869,114.7439,94.6023,14.9650,17.5004,22.0093,36.5689,24.5537,22.8795,77.1148,91.7824,69.9227,75.6975,93.6186,101.4785,86.0490,90.1174,39.1472,71.6167,39.3545,7.3081,76.6338,17.3436,73.7917,67.4417,12.1651,81.3380,76.8780,71.9434,3.7562,63.1979,45.0994,58.5372,31.4483,67.5723,60.7070,83.4481,61.2548,30.2944,46.1802,18.0559,6.9666,12.5555,10.7734,56.1136,53.8460,37.9771,14.7796,46.6791,40.3137,61.2456,50.4877,49.5044,68.6697,5.4792,35.8444,95.0391,15.8331,13.5432,11.1052,3.9628,5.7729,6.7643,11.5235,88.5957,84.8429,91.1477,22.0787,45.8724,107.0697,92.8952,27.3783,47.8772,60.4496,101.5932,97.3805,66.2232,51.5604,44.5823,4.3732,28.7595,8.9084,54.3396,50.8765,75.2634,14.3777,62.1473,16.1722,106.3193,27.5505,22.3230,20.2394,94.1278,21.8094,85.0567,76.6429,76.7145,76.7849,76.8555,76.9271,76.9675,77.0385,77.1105,77.1837,77.2571,77.3314,77.4070,77.4839,77.5622,77.6418,77.7229,77.8054,77.8895,77.9753,78.0626,78.1517,78.2424,78.3350,78.4294,78.5256,78.6238,78.7239,78.8259,78.9300,79.0360,79.1441,79.2542,79.3664,79.4806,79.5969,79.7151,79.8353,79.9575,80.0815,80.2073,80.3349,80.4642,80.5950,80.7272,80.8608,80.9955,81.1313,81.2680,81.3032,81.4441
45128.5000000,2.4145,18.7834,100.7612,119.8240,149.8881,119.7745,113.3256,16.0571,95.5779,102.3189,101.1539,88.7549,59.5774,82.3417,84.8309,76.0547,83.3942,79.5676,63.3790,50.6448,102.1797,15.5192,10.6130,18.1294,80.8795,116.0709,88.9175,6.1830,80.8315,10.2977,72.0203,13.9814,37.4690,79.1647,88.4429,75.2084,95.7557,94.0285,13.6967,106.1441,108.8354,105.2138,15.6768,13.0818,145.5762,78.0518,73.3629,91.2011,51.3168,9.9492,95.9079,85.6801,88.4214,100.3035,11.3863,16.8503,14.9378,98.3986,117.4716,99.9412,97.2693,88.1655,12.1349,9.8051,12.2193,30.2264,78.3364,75.3896,-30.0804,13.3700,63.9055,18.6609,17.0558,14.4547,19.8860,95.2480,76.3160,114.6429,21.7605,29.2233,170.3955,146.3965,122.6830,108.1748,13.2721,21.7412,120.8211,32.3472,121.2529,94.6148,116.6976,129.9929,131.4315,108.9069,66.7206,85.3605,93.3854,147.9350,105.6287,91.8649,89.0229,105.6091,80.9740,87.5271,107.4747,115.9523,98.6800,103.4603,45.9488,82.3575,46.0687,30.0318,88.5740,75.6166,85.3251,78.2364,14.8136,93.8039,88.9694,83.2679,4.7802,73.2879,53.0535,68.0134,93.8663,78.2840,70.3359,95.9444,71.1816,36.3578,54.2548,47.0868,13.0221,16.4871,96.5883,65.5099,62.9045,76.9213,62.0648,54.7981,47.7677,71.1250,59.1204,57.8716,79.5220,6.9713,42.5813,109.4364,19.3581,16.8589,13.6442,19.6977,31.0524,8.7032,14.1760,102.1821,97.6533,105.0084,95.0587,53.7533,122.6605,106.9465,105.0847,118.4573,149.6567,117.0361,111.8859,76.8356,60.1197,52.2298,18.7778,34.4405,45.6958,63.1554,59.2097,86.7919,17.2814,72.1246,64.5284,121.7048,105.6820,89.2764,87.6727,108.4333,96.7726,97.9511,88.4360,88.5060,88.5749,88.6440,88.7140,88.7534,88.8228,88.8933,88.9649,89.0367,89.1095,89.1835,89.2587,89.3353,89.4133,89.4927,89.5735,89.6559,89.7398,89.8254,89.9126,90.0015,90.0922,90.1847,90.2790,90.3752,90.4733,90.5733,90.6753,90.7792,90.8852,90.9932,91.1032,91.2151,91.3291,91.4451,91.5630,91.6828,91.8044,91.9279,92.0530,92.1798,92.3081,92.4379,92.5689,92.7011,92.8343,92.9684,93.0026,93.1409
45128.5416667,12.6433,119.0131,106.3583,126.4121,157.7306,126.2297,119.5040,78.0324,100.8590,107.9265,106.7472,93.7577,63.2225,87.0354,89.6844,80.4505,88.0658,84.0781,67.1743,53.8773,107.7711,16.6080,62.9633,18.8403,85.5328,122.1719,21.5014,3.6276,85.4178,11.4991,17.5111,8.1011,17.7589,83.7253,93.4853,79.6213,101.0556,99.2283,15.2071,111.8200,114.7233,110.8894,23.2992,26.7870,152.9683,82.4488,77.6187,96.3309,54.5793,19.9492,101.2128,90.4943,93.3180,105.7690,12.4442,8.9170,16.3285,23.0225,123.6706,105.3959,102.5639,93.1226,17.2848,11.7596,14.1346,85.3972,82.8420,79.7572,-30.6483,14.8430,67.7149,89.4968,86.4219,15.9770,21.7401,100.5299,80.7126,28.1962,23.7206,29.7663,178.9728,153.8676,129.1824,114.0606,20.0406,98.3751,127.2142,111.8075,127.7498,99.8263,122.9935,136.8327,138.2689,114.7862,70.7136,90.2188,98.5812,155.6960,111.3696,96.9783,93.9469,111.2998,85.5537,92.4172,113.1822,121.9163,103.9034,108.9641,48.8355,86.8256,48.9231,32.2640,93.5086,79.9606,90.0980,82.7119,16.0518,98.9507,22.6070,87.9566,21.0214,77.4853,56.3920,71.9658,22.8501,82.7291,74.3526,101.1097,75.3122,38.9401,13.8602,50.1322,14.1438,17.9440,101.9622,69.4258,16.3490,81.2893,65.7926,58.2049,50.9048,75.2388,62.7322,61.3806,84.0246,34.2466,45.4351,115.3536,21.0618,18.5998,61.9949,21.4719,33.3356,9.6219,15.4122,107.7740,102.9417,110.7113,100.2930,57.0676,129.0629,112.7261,110.7640,124.6855,157.3526,123.3658,117.8501,81.2395,63.7062,55.4519,20.5140,36.8740,48.6854,66.8466,62.7086,91.5677,72.6703,76.2767,68.3566,128.0268,111.3187,94.2291,92.5951,114.3117,102.1625,103.2708,93.3155,93.3852,93.4537,93.5224,93.5921,93.6311,93.7003,93.7704,93.8416,93.9131,93.9855,94.0591,94.1340,94.2102,94.2877,94.3667,94.4472,94.5291,94.6127,94.6978,94.7846,94.8732,94.9634,95.0555,95.1493,95.2451,95.3427,95.4423,95.5438,95.6473,95.7528,95.8603,95.9698,96.0813,96.1948,96.3102,96.4276,96.5469,96.6681,96.7910,96.9156,97.0419,97.1697,97.2989,97.4293,97.5610,97.6937,97.8272,97.8612,97.9989
45128.5833333,10.7331,115.7234,103.4381,21.5534,153.6427,122.8632,116.2814,16.9195,98.1032,105.0009,103.8289,91.1466,61.3174,84.5851,87.1509,78.1551,85.6271,81.7231,65.1912,52.1868,104.8539,15.7544,12.0208,83.5426,17.7153,118.9900,11.0690,2.7938,45.5561,10.9987,16.7497,12.4277,16.9426,35.4954,39.4623,77.3169,98.2900,96.5148,14.4781,108.8591,111.6519,107.9286,47.2079,109.1954,149.1151,80.1529,75.3961,93.6537,52.8732,88.8252,98.4446,87.9814,90.7623,102.9174,10.9986,16.6751,14.8818,11.9510,120.4377,102.5499,99.8012,90.5353,15.9982,12.0184,7.4743,12.9779,80.4894,77.4764,-30.3623,14.0676,65.7245,17.5369,15.0370,15.1760,91.5548,97.7737,78.4168,26.3228,22.6504,154.1997,174.5032,149.9733,125.7931,110.9903,118.5731,95.6584,123.8803,108.7843,124.3617,97.1068,119.7099,133.2664,134.7040,111.7194,15.3041,87.6828,95.8698,151.6505,108.3748,94.3098,91.3769,108.3312,83.1628,89.8648,110.2050,118.8060,101.1781,106.0929,47.3252,84.4931,47.4297,31.0940,90.9332,77.6924,87.6068,80.3754,66.2998,96.2652,21.7249,21.2196,20.1022,75.2936,54.6469,69.9017,96.4191,80.4089,72.2554,98.4154,73.1558,17.4025,55.8725,11.8294,7.7744,15.2665,99.1596,67.3816,64.7121,79.0105,63.8468,56.4261,49.2662,18.5718,14.7373,59.5491,81.6765,4.8440,7.4863,112.2698,20.1289,17.7582,60.1178,20.5429,32.1419,19.1466,63.7586,104.8594,100.1851,107.7389,97.5643,55.3373,125.7268,50.1091,107.8036,121.4397,153.3435,120.0668,114.7414,19.6995,61.8338,53.7688,19.6035,35.6006,47.1226,64.9191,60.8810,89.0759,70.5777,74.1091,66.3573,124.7309,108.3791,91.6450,90.0266,111.2460,99.3508,100.4958,90.7694,90.8393,90.9080,90.9769,91.0467,91.0859,91.1552,91.2255,91.2969,91.3686,91.4411,91.5149,91.5900,91.6664,91.7442,91.8234,91.9040,91.9862,92.0700,92.1553,92.2424,92.3311,92.4216,92.5139,92.6080,92.7039,92.8018,92.9016,93.0034,93.1072,93.2129,93.3207,93.4304,93.5422,93.6559,93.7717,93.8893,94.0089,94.1303,94.2535,94.3784,94.5050,94.6330,94.7625,94.8933,95.0253,95.1582,95.2921,95.3262,95.4642
45128.6250000,8.6256,23.2486,22.7725,18.1662,138.1946,30.1753,104.1463,14.1098,25.2753,27.6818,26.8764,23.7115,15.7238,21.9627,18.3647,20.4684,76.4866,72.9041,57.7967,13.0663,93.8845,13.0044,10.0206,74.3645,15.0622,107.0021,14.2386,2.2070,12.2892,9.0170,13.9641,8.4282,14.0536,25.2759,27.8728,68.6953,24.6169,24.8795,11.9026,29.9694,100.0921,26.9338,49.4726,97.6910,134.5552,71.5582,67.0849,83.6047,46.5399,31.8546,88.0457,78.5586,81.1739,92.1974,9.2100,7.9331,12.4247,11.3473,108.2556,91.8516,89.4202,23.9568,13.0892,9.7680,8.9307,12.9148,16.5709,68.9433,-29.0743,3.4888,16.1721,14.7862,12.5721,3.7274,21.6198,20.6418,69.8255,22.2783,18.8488,138.3071,157.5856,135.2574,32.9690,29.0803,106.0728,24.4609,111.3134,97.4104,111.5910,86.8926,107.3397,119.8111,121.2513,100.1765,12.9499,18.8911,23.3527,38.8050,27.7888,84.2918,25.2739,97.1623,74.2062,30.6928,99.0005,107.0865,90.9345,95.2934,41.7359,75.7530,41.9035,26.8101,23.9548,19.7295,78.2658,17.0666,16.3416,86.1794,18.5934,18.2534,4.3262,67.0978,10.8017,18.3317,85.9604,71.7215,64.4189,88.2920,65.0954,8.0939,8.0288,20.2795,6.4400,12.9547,88.6278,59.7514,57.3481,70.4782,15.9379,12.2391,19.7639,15.9896,12.5122,52.7279,72.8773,4.0623,6.3908,100.6565,17.0830,14.8710,12.0202,17.1753,27.7606,19.6320,15.9614,26.1202,89.8198,96.5511,87.3086,14.9611,113.1426,36.3219,96.6612,109.2025,138.1860,107.6329,103.0310,16.8916,54.8557,14.9960,16.3100,9.6063,41.3342,57.7306,54.0747,79.7284,62.7610,20.4540,17.3726,112.3036,97.3173,81.9472,21.6120,29.2760,23.5477,90.0664,81.2160,81.2864,81.3557,81.4251,81.4956,81.5352,81.6050,81.6760,81.7480,81.8202,81.8933,81.9677,82.0434,82.1204,82.1988,82.2786,82.3599,82.4427,82.5271,82.6131,82.7008,82.7901,82.8813,82.9743,83.0691,83.1657,83.2643,83.3648,83.4673,83.5718,83.6783,83.7868,83.8973,84.0098,84.1244,84.2409,84.3594,84.4797,84.6020,84.7260,84.8517,84.9791,85.1080,85.2384,85.3700,85.5028,85.6366,85.7713,85.8059,85.9448
45128.6666667,2.9650,7.2734,10.6149,9.6815,16.1831,13.6852,12.5628,5.7664,20.3841,12.5822,10.9026,10.3850,6.7859,9.8246,8.7307,9.1979,11.5445,10.7073,7.8552,5.0329,11.3387,4.8292,4.9614,8.0831,7.4991,27.4613,7.4366,2.6936,9.6305,3.1028,7.8613,4.5221,5.7203,9.5935,10.5597,8.0853,20.2075,20.2436,6.0902,15.4570,13.0339,14.1395,8.9307,11.6789,35.4055,18.0450,9.2014,18.3914,5.6761,8.2135,11.6094,18.4084,19.9061,13.3008,6.6587,5.2459,6.2287,9.3182,27.0920,13.2830,13.7523,10.7410,6.3401,5.4822,13.8428,6.7183,16.1702,15.5606,-3.1383,1.7127,7.6209,15.9151,6.3598,1.8621,9.0274,19.9888,9.4451,10.7617,11.7239,27.1912,40.0827,34.7546,16.2011,13.1229,21.5288,10.9342,27.0355,22.0344,25.4335,12.5300,13.1996,28.5864,30.2978,23.6767,6.8602,9.2395,11.2312,17.4013,13.3819,11.4627,12.4583,23.6833,10.7753,19.0022,25.4986,30.0970,25.1369,24.9862,11.5286,21.5730,12.3216,4.0512,10.6825,9.6604,11.3943,10.7452,6.9896,12.9823,9.5360,9.9577,2.2981,16.5827,5.7656,15.4531,10.4865,17.3509,16.8399,23.1757,15.5177,3.5758,5.6270,9.6551,6.6850,7.3327,19.7147,13.3265,13.0291,17.3566,13.1549,11.2620,4.2121,15.8107,6.7185,12.7426,10.8292,2.4967,5.4888,23.5687,8.0547,6.1168,6.2120,2.6142,4.1282,3.9123,12.1219,21.7600,22.6645,12.3477,12.3544,11.9052,28.9991,23.4539,23.3335,27.6667,34.0058,12.8327,25.4206,10.1632,13.7383,11.9985,2.0041,7.4056,5.3816,15.1162,14.4475,20.4684,15.0731,16.1524,8.4458,29.5014,24.8633,19.7611,18.5241,23.1602,10.9892,22.3532,20.2686,20.3566,20.4432,20.5300,20.6179,20.6686,20.7559,20.8444,20.9343,21.0244,21.1156,21.2084,21.3026,21.3985,21.4961,21.5953,21.6964,21.7993,21.9041,22.0108,22.1196,22.2304,22.3434,22.4586,22.5759,22.6955,22.8175,22.9418,23.0684,23.1975,23.3290,23.4629,23.5992,23.7380,23.8792,24.0228,24.1687,24.3170,24.4675,24.6201,24.7749,24.9316,25.0901,25.2504,25.4123,25.5756,25.7401,25.9056,25.9501,26.1208
45128.7083333,2.6716,6.8180,10.8848,7.7745,16.1983,15.8345,14.9925,6.7483,26.0023,14.6778,11.7531,12.2875,7.8259,11.4946,17.7178,10.7295,13.0700,12.1857,8.9425,4.3328,10.7265,5.0220,5.2677,7.0651,6.7494,60.3948,9.9941,2.4308,9.6506,4.6105,7.1341,6.1197,7.6793,9.6270,12.8505,7.1594,20.9878,47.1610,14.0753,17.2836,13.5083,12.5098,10.9266,14.1123,77.1418,39.2762,10.6304,44.9417,5.1632,10.0901,12.8242,18.5060,44.6380,11.7654,5.4038,9.6972,10.4629,11.4092,22.1615,15.3045,15.6133,12.6175,8.5890,12.5840,8.8457,12.3709,38.3389,19.7449,-4.3048,1.6628,7.9433,13.1226,6.2601,1.8291,10.7681,15.7140,10.8755,13.3594,12.2735,74.4915,40.4268,35.7663,18.4240,15.2528,56.8235,12.8271,62.1287,53.1519,26.6770,14.4205,14.2137,66.8166,31.1825,19.2211,7.3053,10.1795,12.7113,20.5633,15.3339,13.2075,14.1436,53.9136,12.2668,23.2607,14.9382,61.8308,51.8530,53.7552,22.2571,43.0576,22.7542,4.3143,11.0656,10.7057,12.7118,18.2364,6.1327,11.5545,9.2667,10.4783,2.3485,36.4733,6.0774,33.6439,21.9375,38.9835,35.3920,49.6107,34.9973,3.8985,5.2016,21.6753,10.4394,8.8389,47.9248,31.4040,30.1535,38.4214,29.8759,10.5555,6.3117,9.9022,7.1037,27.9012,12.2014,2.2647,3.6984,17.6991,10.9225,6.6479,6.6319,3.8868,4.4357,4.1321,29.2480,18.7093,14.1779,10.8198,10.5851,25.7181,64.0017,19.9923,29.6263,61.5027,78.0453,12.9994,57.5039,19.7376,29.3987,25.1381,3.5362,15.1530,6.2184,18.2774,29.4210,44.2811,33.7016,35.7496,9.5200,63.8880,54.6115,44.9137,43.5486,54.7923,12.9376,49.9817,44.8512,44.9300,45.0075,45.0852,45.1640,45.2090,45.2871,45.3664,45.4469,45.5276,45.6094,45.6925,45.7770,45.8630,45.9504,46.0395,46.1301,46.2224,46.3165,46.4123,46.5100,46.6095,46.7110,46.8144,46.9199,47.0274,47.1370,47.2488,47.3626,47.4787,47.5970,47.7175,47.8402,47.9651,48.0921,48.2214,48.3528,48.4863,48.6218,48.7593,48.8987,49.0399,49.1827,49.3272,49.4730,49.6201,49.7684,49.9176,49.9569,50.1107
45128.7500000,2.4428,6.4846,7.6262,7.1078,12.7176,10.6736,9.7900,5.5515,9.4092,9.8796,8.7924,8.0854,4.7104,7.6731,7.0299,7.1920,9.0779,8.3459,5.8837,4.1178,10.0038,4.1888,3.5856,5.8694,6.1683,15.2366,5.9037,2.2212,7.6930,3.5427,6.7697,3.1190,5.9670,8.5266,11.0087,6.6221,8.5063,25.9552,3.8098,12.2309,9.7358,11.0504,6.8965,8.9676,44.3051,9.8653,7.2064,9.8958,4.3827,6.3808,9.0580,9.4664,24.8810,10.2611,3.7107,6.8777,5.0648,9.1961,13.7833,10.4702,10.8719,8.4174,4.6213,2.9523,5.6852,3.9815,20.7495,14.3647,-2.5414,1.2684,5.8556,5.7462,4.7246,1.4024,6.1377,8.1321,6.6289,10.6971,6.4080,15.1006,21.7980,19.2352,12.6460,10.3393,10.2885,8.4250,15.2198,11.8333,18.6728,9.8790,12.5563,17.9167,15.5827,10.0013,5.2427,8.6936,8.7674,13.5907,10.6338,8.9716,9.0371,30.0990,8.1829,17.6149,12.4536,36.1542,30.0905,30.6962,12.6587,25.1511,13.2348,3.1477,8.7197,7.6317,9.0052,12.4256,5.4345,10.0156,7.9652,8.7069,1.7688,8.0958,4.4543,8.5083,13.7780,8.8862,9.1414,28.3029,8.3970,2.9625,5.1221,4.1488,5.4616,7.8413,25.9609,16.8375,16.2404,21.3741,16.2043,5.5919,4.6066,8.4535,5.2374,15.2903,8.0035,2.0649,3.3465,9.8661,6.5035,6.3159,4.8344,1.8695,3.2261,2.3328,8.2633,9.9589,10.4372,10.3707,8.9828,6.7784,36.3800,11.8204,17.0706,16.0329,19.4195,10.3363,32.2561,10.2349,8.3461,13.9277,1.5993,4.1693,4.1791,10.9733,8.6609,25.0353,18.5378,19.8131,6.6356,17.4731,30.9411,10.9112,13.0845,12.8411,8.5934,13.1357,12.0949,12.3386,12.5911,12.8545,13.1300,13.3866,13.6860,13.9998,14.3288,14.6729,15.0338,15.4126,25.9902,26.0692,26.1495,26.2313,26.3145,26.3993,26.4856,26.5736,26.6632,26.7545,26.8476,26.9425,27.0393,27.1379,27.2384,27.3408,27.4453,27.5517,27.6601,27.7705,27.8829,27.9974,28.1138,28.2322,28.3526,28.4749,28.5990,28.7250,28.8526,28.9819,29.1127,29.2450,29.3785,29.5132,29.6489,29.7855,29.8220,29.9628
45128.7916667,1.5905,3.9072,4.9618,4.6273,8.0069,6.3363,5.6264,3.1446,5.7297,5.7410,5.1590,4.6705,3.0661,4.4259,4.0279,4.1810,5.3753,4.9487,3.6107,2.6065,6.1239,2.4269,2.3336,3.7984,4.0141,8.2917,3.8415,1.4453,4.8911,1.5936,3.6188,2.0294,2.6333,4.0787,3.9757,3.4244,5.3739,5.5210,2.1013,7.2813,6.3336,6.6895,3.8757,5.1740,11.4694,5.4159,4.2172,4.7244,2.6219,3.5533,5.4347,5.1368,6.0201,6.2323,2.4133,2.7227,2.8910,4.4513,8.1139,6.0889,6.3755,4.8407,2.1312,1.9201,3.0998,2.5887,7.5982,6.0607,-1.3269,0.8217,3.7530,3.7141,3.0096,0.8952,3.9903,5.2869,4.3096,5.0660,3.5365,5.5811,11.8140,10.3798,7.5297,6.0130,4.7360,4.9467,7.7008,5.7287,6.7765,5.7697,7.0773,7.8942,8.9478,6.4989,3.3041,4.3128,5.2106,7.8886,6.1991,5.2750,5.8258,11.4698,4.9834,5.6158,8.0776,14.8741,8.1148,7.6782,3.8274,7.1747,5.7544,1.9260,5.5005,4.5486,5.3604,5.9156,3.5274,6.0759,4.9997,5.3350,1.1093,4.8678,2.7652,4.6057,3.7850,5.3437,5.2899,7.1515,4.4185,1.7283,3.0885,2.7212,3.3357,4.1289,5.0369,3.4818,6.0098,8.2530,6.0847,3.0445,1.9504,4.7033,3.2692,5.8930,5.0685,1.3407,2.1727,6.4052,4.2201,3.1854,2.9502,1.0951,1.9560,1.4478,3.5681,6.0311,6.7280,6.4763,5.8479,3.5351,9.5158,6.5656,8.3663,8.3246,9.8513,6.3821,7.5814,5.3964,4.8237,5.5325,0.9724,2.2307,2.4484,5.0783,4.6380,9.8677,4.4799,4.8839,3.9396,9.1950,12.1098,5.6718,5.1289,6.3523,4.9858,6.6374,6.0811,6.1410,6.2015,6.2635,6.3277,6.3738,6.4414,6.8400,6.5618,6.6343,6.7097,6.7886,6.8713,6.9579,7.0490,7.1448,7.2458,7.3524,7.4511,7.5680,7.6918,7.8232,7.9627,8.1111,8.2691,8.4377,8.6177,8.8102,11.2509,11.3202,11.3909,11.4628,11.5361,11.6106,11.6865,11.7636,11.8420,11.9217,12.0025,12.0845,12.1676,12.2518,12.3370,12.4231,12.5101,12.5978,12.6861,12.7751,12.7990,12.8907
45128.8333333,0.2385,0.5451,0.7285,0.6938,1.2004,0.9310,0.8366,0.4188,0.8225,0.8540,0.7734,0.6961,0.4596,0.6634,0.6038,0.6222,0.8010,0.7394,0.5390,0.3816,0.8703,0.3637,0.3497,0.5692,0.6014,1.2312,0.5755,0.2165,0.7186,0.2387,0.4597,0.3040,0.3944,0.6109,0.5954,0.5129,0.8048,0.8268,0.2943,1.0839,0.9484,0.9984,0.5764,0.7706,1.6191,0.8044,0.6270,0.6925,0.3889,0.5301,0.8101,0.7538,0.8577,0.9253,0.3612,0.3581,0.4327,0.6663,1.1829,0.9114,0.9542,0.7245,0.3190,0.2874,0.4439,0.3873,0.6340,0.6116,-0.1958,0.1231,0.5614,0.5429,0.4502,0.1339,0.5969,0.7908,0.6446,0.7577,0.5289,0.8346,1.7662,1.5518,1.1209,0.8919,0.7079,0.7369,1.1413,0.8562,0.9938,0.8596,0.9370,1.1800,1.3169,0.9712,0.4891,0.6445,0.7747,1.1708,0.9193,0.7833,0.8633,1.0076,0.7432,0.7866,1.1491,1.4669,1.2123,1.1470,0.5717,1.0718,0.6411,0.2868,0.8037,0.6755,0.7959,0.6794,0.5162,0.9020,0.7359,0.7584,0.1654,0.7254,0.4118,0.6820,0.5653,0.7397,0.7803,1.0670,0.6534,0.2395,0.4350,0.3924,0.4395,0.5187,0.7517,0.5197,0.5214,0.7549,0.5417,0.4519,0.2911,0.6810,0.4808,0.5504,0.7520,0.2001,0.3242,0.9557,0.6158,0.4659,0.4401,0.1634,0.2907,0.1992,0.4509,0.8732,1.0028,0.9331,0.8617,0.5219,1.2960,0.9724,1.0046,1.2235,1.4501,0.9363,1.0940,0.6803,0.6147,0.5453,0.1448,0.3291,0.3628,0.7045,0.6877,0.9250,0.6410,0.6996,0.5842,1.3510,1.1117,0.8351,0.7423,0.9302,0.7376,0.9719,0.8894,0.8965,0.9034,0.9104,0.9175,0.9216,0.9286,0.9357,0.9429,0.9502,0.9575,0.9650,0.9725,0.9803,0.9881,0.9961,1.0042,1.0125,1.0209,1.0295,1.0382,1.0471,1.0562,1.0654,1.0749,1.0845,1.0943,1.1043,1.1144,1.1248,1.1354,1.1461,1.1571,1.1682,1.1795,1.1911,1.2028,1.2147,1.2268,1.2390,1.2515,1.2640,1.2768,1.2896,1.3026,1.3157,1.3289,1.3422,1.3458,1.3595
45128.8750000,0.0000,0.0000,0.0000,0.0000,0.0000,0.0000,0.0000,0.0000,0.0000,0.0000,0.0000,0.0000,0.0000,0.0000,0.0000,0.0000,0.0000,0.0000,0.0000,0.0000,0.0000,0.0000,0.0000,0.0000,0.0000,0.0000,0.0000,0.0000,0.0000,0.0000,0.0000,0.0000,0.0000,0.0000,0.0000,0.0000,0.0000,0.0000,0.0000,0.0000,0.0000,0.0000,0.0000,0.0000,0.0000,0.0000,0.0000,0.0000,0.0000,0.0000,0.0000,0.0000,0.0000,0.0000,0.0000,0.0000,0.0000,0.0000,0.0000,0.0000,0.0000,0.0000,0.0000,0.0000,0.0000,0.0000,0.0000,0.0000,0.0000,0.0000,0.0000,0.0000,0.0000,0.0000,0.0000,0.0000,0.0000,0.0000,0.0000,0.0000,0.0000,0.0000,0.0000,0.0000,0.0000,0.0000,0.0000,0.0000,0.0000,0.0000,0.0000,0.0000,0.0000,0.0000,0.0000,0.0000,0.0000,0.0000,0.0000,0.0000,0.0000,0.0000,0.0000,0.0000,0.0000,0.0000,0.0000,0.0000,0.0000,0.0000,0.0000,0.0000,0.0000,0.0000,0.0000,0.0000,0.0000,0.0000,0.0000,0.0000,0.0000,0.0000,0.0000,0.0000,0.0000,0.0000,0.0000,0.0000,0.0000,0.0000,0.0000,0.0000,0.0000,0.0000,0.0000,0.0000,0.0000,0.0000,0.0000,0.0000,0.0000,0.0000,0.0000,0.0000,0.0000,0.0000,0.0000,0.0000,0.0000,0.0000,0.0000,0.0000,0.0000,0.0000,0.0000,0.0000,0.0000,0.0000,0.0000,0.0000,0.0000,0.0000,0.0000,0.0000,0.0000,0.0000,0.0000,0.0000,0.0000,0.0000,0.0000,0.0000,0.0000,0.0000,0.0000,0.0000,0.0000,0.0000,0.0000,0.0000,0.0000,0.0000,0.0000,0.0000,0.0000,0.0000,0.0000,0.0000,0.0000,0.0000,0.0000,0.0000,0.0000,0.0000,0.0000,0.0000,0.0000,0.0000,0.0000,0.0000,0.0000,0.0000,0.0000,0.0000,0.0000,0.0000,0.0000,0.0000,0.0000,0.0000,0.0000,0.0000,0.0000,0.0000,0.0000,0.0000,0.0000,0.0000,0.0000,0.0000,0.0000,0.0000,0.0000,0.0000,0.0000,0.0000,0.0000,0.0000,0.0000,0.0000,0.0000,0.0000,0.0000,0.0000,0.0000,0.0000
45128.9166667,0.0000,0.0000,0.0000,0.0000,0.0000,0.0000,0.0000,0.0000,0.0000,0.0000,0.0000,0.0000,0.0000,0.0000,0.0000,0.0000,0.0000,0.0000,0.0000,0.0000,0.0000,0.0000,0.0000,0.0000,0.0000,0.0000,0.0000,0.0000,0.0000,0.0000,0.0000,0.0000,0.0000,0.0000,0.0000,0.0000,0.0000,0.0000,0.0000,0.0000,0.0000,0.0000,0.0000,0.0000,0.0000,0.0000,0.0000,0.0000,0.0000,0.0000,0.0000,0.0000,0.0000,0.0000,0.0000,0.0000,0.0000,0.0000,0.0000,0.0000,0.0000,0.0000,0.0000,0.0000,0.0000,0.0000,0.0000,0.0000,0.0000,0.0000,0.0000,0.0000,0.0000,0.0000,0.0000,0.0000,0.0000,0.0000,0.0000,0.0000,0.0000,0.0000,0.0000,0.0000,0.0000,0.0000,0.0000,0.0000,0.0000,0.0000,0.0000,0.0000,0.0000,0.0000,0.0000,0.0000,0.0000,0.0000,0.0000,0.0000,0.0000,0.0000,0.0000,0.0000,0.0000,0.0000,0.0000,0.0000,0.0000,0.0000,0.0000,0.0000,0.0000,0.0000,0.0000,0.0000,0.0000,0.0000,0.0000,0.0000,0.0000,0.0000,0.0000,0.0000,0.0000,0.0000,0.0000,0.0000,0.0000,0.0000,0.0000,0.0000,0.0000,0.0000,0.0000,0.0000,0.0000,0.0000,0.0000,0.0000,0.0000,0.0000,0.0000,0.0000,0.0000,0.0000,0.0000,0.0000,0.0000,0.0000,0.0000,0.0000,0.0000,0.0000,0.0000,0.0000,0.0000,0.0000,0.0000,0.0000,0.0000,0.0000,0.0000,0.0000,0.0000,0.0000,0.0000,0.0000,0.0000,0.0000,0.0000,0.0000,0.0000,0.0000,0.0000,0.0000,0.0000,0.0000,0.0000,0.0000,0.0000,0.0000,0.0000,0.0000,0.0000,0.0000,0.0000,0.0000,0.0000,0.0000,0.0000,0.0000,0.0000,0.0000,0.0000,0.0000,0.0000,0.0000,0.0000,0.0000,0.0000,0.0000,0.0000,0.0000,0.0000,0.0000,0.0000,0.0000,0.0000,0.0000,0.0000,0.0000,0.0000,0.0000,0.0000,0.0000,0.0000,0.0000,0.0000,0.0000,0.0000,0.0000,0.0000,0.0000,0.0000,0.0000,0.0000,0.0000,0.0000,0.0000,0.0000,0.0000,0.0000,0.0000,0.0000,0.0000
45128.9583333,0.0000,0.0000,0.0000,0.0000,0.0000,0.0000,0.0000,0.0000,0.0000,0.0000,0.0000,0.0000,0.0000,0.0000,0.0000,0.0000,0.0000,0.0000,0.0000,0.0000,0.0000,0.0000,0.0000,0.0000,0.0000,0.0000,0.0000,0.0000,0.0000,0.0000,0.0000,0.0000,0.0000,0.0000,0.0000,0.0000,0.0000,0.0000,0.0000,0.0000,0.0000,0.0000,0.0000,0.0000,0.0000,0.0000,0.0000,0.0000,0.0000,0.0000,0.0000,0.0000,0.0000,0.0000,0.0000,0.0000,0.0000,0.0000,0.0000,0.0000,0.0000,0.0000,0.0000,0.0000,0.0000,0.0000,0.0000,0.0000,0.0000,0.0000,0.0000,0.0000,0.0000,0.0000,0.0000,0.0000,0.0000,0.0000,0.0000,0.0000,0.0000,0.0000,0.0000,0.0000,0.0000,0.0000,0.0000,0.0000,0.0000,0.0000,0.0000,0.0000,0.0000,0.0000,0.0000,0.0000,0.0000,0.0000,0.0000,0.0000,0.0000,0.0000,0.0000,0.0000,0.0000,0.0000,0.0000,0.0000,0.0000,0.0000,0.0000,0.0000,0.0000,0.0000,0.0000,0.0000,0.0000,0.0000,0.0000,0.0000,0.0000,0.0000,0.0000,0.0000,0.0000,0.0000,0.0000,0.0000,0.0000,0.0000,0.0000,0.0000,0.0000,0.0000,0.0000,0.0000,0.0000,0.0000,0.0000,0.0000,0.0000,0.0000,0.0000,0.0000,0.0000,0.0000,0.0000,0.0000,0.0000,0.0000,0.0000,0.0000,0.0000,0.0000,0.0000,0.0000,0.0000,0.0000,0.0000,0.0000,0.0000,0.0000,0.0000,0.0000,0.0000,0.0000,0.0000,0.0000,0.0000,0.0000,0.0000,0.0000,0.0000,0.0000,0.0000,0.0000,0.0000,0.0000,0.0000,0.0000,0.0000,0.0000,0.0000,0.0000,0.0000,0.0000,0.0000,0.0000,0.0000,0.0000,0.0000,0.0000,0.0000,0.0000,0.0000,0.0000,0.0000,0.0000,0.0000,0.0000,0.0000,0.0000,0.0000,0.0000,0.0000,0.0000,0.0000,0.0000,0.0000,0.0000,0.0000,0.0000,0.0000,0.0000,0.0000,0.0000,0.0000,0.0000,0.0000,0.0000,0.0000,0.0000,0.0000,0.0000,0.0000,0.0000,0.0000,0.0000,0.0000,0.0000,0.0000,0.0000,0.0000,0.0000,0.0000,0.0000
45129.0000000,0.0000,0.0000,0.0000,0.0000,0.0000,0.0000,0.0000,0.0000,0.0000,0.0000,0.0000,0.0000,0.0000,0.0000,0.0000,0.0000,0.0000,0.0000,0.0000,0.0000,0.0000,0.0000,0.0000,0.0000,0.0000,0.0000,0.0000,0.0000,0.0000,0.0000,0.0000,0.0000,0.0000,0.0000,0.0000,0.0000,0.0000,0.0000,0.0000,0.0000,0.0000,0.0000,0.0000,0.0000,0.0000,0.0000,0.0000,0.0000,0.0000,0.0000,0.0000,0.0000,0.0000,0.0000,0.0000,0.0000,0.0000,0.0000,0.0000,0.0000,0.0000,0.0000,0.0000,0.0000,0.0000,0.0000,0.0000,0.0000,0.0000,0.0000,0.0000,0.0000,0.0000,0.0000,0.0000,0.0000,0.0000,0.0000,0.0000,0.0000,0.0000,0.0000,0.0000,0.0000,0.0000,0.0000,0.0000,0.0000,0.0000,0.0000,0.0000,0.0000,0.0000,0.0000,0.0000,0.0000,0.0000,0.0000,0.0000,0.0000,0.0000,0.0000,0.0000,0.0000,0.0000,0.0000,0.0000,0.0000,0.0000,0.0000,0.0000,0.0000,0.0000,0.0000,0.0000,0.0000,0.0000,0.0000,0.0000,0.0000,0.0000,0.0000,0.0000,0.0000,0.0000,0.0000,0.0000,0.0000,0.0000,0.0000,0.0000,0.0000,0.0000,0.0000,0.0000,0.0000,0.0000,0.0000,0.0000,0.0000,0.0000,0.0000,0.0000,0.0000,0.0000,0.0000,0.0000,0.0000,0.0000,0.0000,0.0000,0.0000,0.0000,0.0000,0.0000,0.0000,0.0000,0.0000,0.0000,0.0000,0.0000,0.0000,0.0000,0.0000,0.0000,0.0000,0.0000,0.0000,0.0000,0.0000,0.0000,0.0000,0.0000,0.0000,0.0000,0.0000,0.0000,0.0000,0.0000,0.0000,0.0000,0.0000,0.0000,0.0000,0.0000,0.0000,0.0000,0.0000,0.0000,0.0000,0.0000,0.0000,0.0000,0.0000,0.0000,0.0000,0.0000,0.0000,0.0000,0.0000,0.0000,0.0000,0.0000,0.0000,0.0000,0.0000,0.0000,0.0000,0.0000,0.0000,0.0000,0.0000,0.0000,0.0000,0.0000,0.0000,0.0000,0.0000,0.0000,0.0000,0.0000,0.0000,0.0000,0.0000,0.0000,0.0000,0.0000,0.0000,0.0000,0.0000,0.0000,0.0000,0.0000,0.0000,0.0000,0.0000
45129.0416667,0.0000,0.0000,0.0000,0.0000,0.0000,0.0000,0.0000,0.0000,0.0000,0.0000,0.0000,0.0000,0.0000,0.0000,0.0000,0.0000,0.0000,0.0000,0.0000,0.0000,0.0000,0.0000,0.0000,0.0000,0.0000,0.0000,0.0000,0.0000,0.0000,0.0000,0.0000,0.0000,0.0000,0.0000,0.0000,0.0000,0.0000,0.0000,0.0000,0.0000,0.0000,0.0000,0.0000,0.0000,0.0000,0.0000,0.0000,0.0000,0.0000,0.0000,0.0000,0.0000,0.0000,0.0000,0.0000,0.0000,0.0000,0.0000,0.0000,0.0000,0.0000,0.0000,0.0000,0.0000,0.0000,0.0000,0.0000,0.0000,0.0000,0.0000,0.0000,0.0000,0.0000,0.0000,0.0000,0.0000,0.0000,0.0000,0.0000,0.0000,0.0000,0.0000,0.0000,0.0000,0.0000,0.0000,0.0000,0.0000,0.0000,0.0000,0.0000,0.0000,0.0000,0.0000,0.0000,0.0000,0.0000,0.0000,0.0000,0.0000,0.0000,0.0000,0.0000,0.0000,0.0000,0.0000,0.0000,0.0000,0.0000,0.0000,0.0000,0.0000,0.0000,0.0000,0.0000,0.0000,0.0000,0.0000,0.0000,0.0000,0.0000,0.0000,0.0000,0.0000,0.0000,0.0000,0.0000,0.0000,0.0000,0.0000,0.0000,0.0000,0.0000,0.0000,0.0000,0.0000,0.0000,0.0000,0.0000,0.0000,0.0000,0.0000,0.0000,0.0000,0.0000,0.0000,0.0000,0.0000,0.0000,0.0000,0.0000,0.0000,0.0000,0.0000,0.0000,0.0000,0.0000,0.0000,0.0000,0.0000,0.0000,0.0000,0.0000,0.0000,0.0000,0.0000,0.0000,0.0000,0.0000,0.0000,0.0000,0.0000,0.0000,0.0000,0.0000,0.0000,0.0000,0.0000,0.0000,0.0000,0.0000,0.0000,0.0000,0.0000,0.0000,0.0000,0.0000,0.0000,0.0000,0.0000,0.0000,0.0000,0.0000,0.0000,0.0000,0.0000,0.0000,0.0000,0.0000,0.0000,0.0000,0.0000,0.0000,0.0000,0.0000,0.0000,0.0000,0.0000,0.0000,0.0000,0.0000,0.0000,0.0000,0.0000,0.0000,0.0000,0.0000,0.0000,0.0000,0.0000,0.0000,0.0000,0.0000,0.0000,0.0000,0.0000,0.0000,0.0000,0.0000,0.0000,0.0000,0.0000,0.0000,0.0000,0.0000,0.0000
45129.0833333,0.0000,0.0000,0.0000,0.0000,0.0000,0.0000,0.0000,0.0000,0.0000,0.0000,0.0000,0.0000,0.0000,0.0000,0.0000,0.0000,0.0000,0.0000,0.0000,0.0000,0.0000,0.0000,0.0000,0.0000,0.0000,0.0000,0.0000,0.0000,0.0000,0.0000,0.0000,0.0000,0.0000,0.0000,0.0000,0.0000,0.0000,0.0000,0.0000,0.0000,0.0000,0.0000,0.0000,0.0000,0.0000,0.0000,0.0000,0.0000,0.0000,0.0000,0.0000,0.0000,0.0000,0.0000,0.0000,0.0000,0.0000,0.0000,0.0000,0.0000,0.0000,0.0000,0.0000,0.0000,0.0000,0.0000,0.0000,0.0000,0.0000,0.0000,0.0000,0.0000,0.0000,0.0000,0.0000,0.0000,0.0000,0.0000,0.0000,0.0000,0.0000,0.0000,0.0000,0.0000,0.0000,0.0000,0.0000,0.0000,0.0000,0.0000,0.0000,0.0000,0.0000,0.0000,0.0000,0.0000,0.0000,0.0000,0.0000,0.0000,0.0000,0.0000,0.0000,0.0000,0.0000,0.0000,0.0000,0.0000,0.0000,0.0000,0.0000,0.0000,0.0000,0.0000,0.0000,0.0000,0.0000,0.0000,0.0000,0.0000,0.0000,0.0000,0.0000,0.0000,0.0000,0.0000,0.0000,0.0000,0.0000,0.0000,0.0000,0.0000,0.0000,0.0000,0.0000,0.0000,0.0000,0.0000,0.0000,0.0000,0.0000,0.0000,0.0000,0.0000,0.0000,0.0000,0.0000,0.0000,0.0000,0.0000,0.0000,0.0000,0.0000,0.0000,0.0000,0.0000,0.0000,0.0000,0.0000,0.0000,0.0000,0.0000,0.0000,0.0000,0.0000,0.0000,0.0000,0.0000,0.0000,0.0000,0.0000,0.0000,0.0000,0.0000,0.0000,0.0000,0.0000,0.0000,0.0000,0.0000,0.0000,0.0000,0.0000,0.0000,0.0000,0.0000,0.0000,0.0000,0.0000,0.0000,0.0000,0.0000,0.0000,0.0000,0.0000,0.0000,0.0000,0.0000,0.0000,0.0000,0.0000,0.0000,0.0000,0.0000,0.0000,0.0000,0.0000,0.0000,0.0000,0.0000,0.0000,0.0000,0.0000,0.0000,0.0000,0.0000,0.0000,0.0000,0.0000,0.0000,0.0000,0.0000,0.0000,0.0000,0.0000,0.0000,0.0000,0.0000,0.0000,0.0000,0.0000,0.0000,0.0000,0.0000,0.0000,0.0000
45129.1250000,0.0000,0.0000,0.0000,0.0000,0.0000,0.0000,0.0000,0.0000,0.0000,0.0000,0.0000,0.0000,0.0000,0.0000,0.0000,0.0000,0.0000,0.0000,0.0000,0.0000,0.0000,0.0000,0.0000,0.0000,0.0000,0.0000,0.0000,0.0000,0.0000,0.0000,0.0000,0.0000,0.0000,0.0000,0.0000,0.0000,0.0000,0.0000,0.0000,0.0000,0.0000,0.0000,0.0000,0.0000,0.0000,0.0000,0.0000,0.0000,0.0000,0.0000,0.0000,0.0000,0.0000,0.0000,0.0000,0.0000,0.0000,0.0000,0.0000,0.0000,0.0000,0.0000,0.0000,0.0000,0.0000,0.0000,0.0000,0.0000,0.0000,0.0000,0.0000,0.0000,0.0000,0.0000,0.0000,0.0000,0.0000,0.0000,0.0000,0.0000,0.0000,0.0000,0.0000,0.0000,0.0000,0.0000,0.0000,0.0000,0.0000,0.0000,0.0000,0.0000,0.0000,0.0000,0.0000,0.0000,0.0000,0.0000,0.0000,0.0000,0.0000,0.0000,0.0000,0.0000,0.0000,0.0000,0.0000,0.0000,0.0000,0.0000,0.0000,0.0000,0.0000,0.0000,0.0000,0.0000,0.0000,0.0000,0.0000,0.0000,0.0000,0.0000,0.0000,0.0000,0.0000,0.0000,0.0000,0.0000,0.0000,0.0000,0.0000,0.0000,0.0000,0.0000,0.0000,0.0000,0.0000,0.0000,0.0000,0.0000,0.0000,0.0000,0.0000,0.0000,0.0000,0.0000,0.0000,0.0000,0.0000,0.0000,0.0000,0.0000,0.0000,0.0000,0.0000,0.0000,0.0000,0.0000,0.0000,0.0000,0.0000,0.0000,0.0000,0.0000,0.0000,0.0000,0.0000,0.0000,0.0000,0.0000,0.0000,0.0000,0.0000,0.0000,0.0000,0.0000,0.0000,0.0000,0.0000,0.0000,0.0000,0.0000,0.0000,0.0000,0.0000,0.0000,0.0000,0.0000,0.0000,0.0000,0.0000,0.0000,0.0000,0.0000,0.0000,0.0000,0.0000,0.0000,0.0000,0.0000,0.0000,0.0000,0.0000,0.0000,0.0000,0.0000,0.0000,0.0000,0.0000,0.0000,0.0000,0.0000,0.0000,0.0000,0.0000,0.0000,0.0000,0.0000,0.0000,0.0000,0.0000,0.0000,0.0000,0.0000,0.0000,0.0000,0.0000,0.0000,0.0000,0.0000,0.0000,0.0000,0.0000,0.0000,0.0000,0.0000
45129.1666667,0.0000,0.0000,0.0000,0.0000,0.0000,0.0000,0.0000,0.0000,0.0000,0.0000,0.0000,0.0000,0.0000,0.0000,0.0000,0.0000,0.0000,0.0000,0.0000,0.0000,0.0000,0.0000,0.0000,0.0000,0.0000,0.0000,0.0000,0.0000,0.0000,0.0000,0.0000,0.0000,0.0000,0.0000,0.0000,0.0000,0.0000,0.0000,0.0000,0.0000,0.0000,0.0000,0.0000,0.0000,0.0000,0.0000,0.0000,0.0000,0.0000,0.0000,0.0000,0.0000,0.0000,0.0000,0.0000,0.0000,0.0000,0.0000,0.0000,0.0000,0.0000,0.0000,0.0000,0.0000,0.0000,0.0000,0.0000,0.0000,0.0000,0.0000,0.0000,0.0000,0.0000,0.0000,0.0000,0.0000,0.0000,0.0000,0.0000,0.0000,0.0000,0.0000,0.0000,0.0000,0.0000,0.0000,0.0000,0.0000,0.0000,0.0000,0.0000,0.0000,0.0000,0.0000,0.0000,0.0000,0.0000,0.0000,0.0000,0.0000,0.0000,0.0000,0.0000,0.0000,0.0000,0.0000,0.0000,0.0000,0.0000,0.0000,0.0000,0.0000,0.0000,0.0000,0.0000,0.0000,0.0000,0.0000,0.0000,0.0000,0.0000,0.0000,0.0000,0.0000,0.0000,0.0000,0.0000,0.0000,0.0000,0.0000,0.0000,0.0000,0.0000,0.0000,0.0000,0.0000,0.0000,0.0000,0.0000,0.0000,0.0000,0.0000,0.0000,0.0000,0.0000,0.0000,0.0000,0.0000,0.0000,0.0000,0.0000,0.0000,0.0000,0.0000,0.0000,0.0000,0.0000,0.0000,0.0000,0.0000,0.0000,0.0000,0.0000,0.0000,0.0000,0.0000,0.0000,0.0000,0.0000,0.0000,0.0000,0.0000,0.0000,0.0000,0.0000,0.0000,0.0000,0.0000,0.0000,0.0000,0.0000,0.0000,0.0000,0.0000,0.0000,0.0000,0.0000,0.0000,0.0000,0.0000,0.0000,0.0000,0.0000,0.0000,0.0000,0.0000,0.0000,0.0000,0.0000,0.0000,0.0000,0.0000,0.0000,0.0000,0.0000,0.0000,0.0000,0.0000,0.0000,0.0000,0.0000,0.0000,0.0000,0.0000,0.0000,0.0000,0.0000,0.0000,0.0000,0.0000,0.0000,0.0000,0.0000,0.0000,0.0000,0.0000,0.0000,0.0000,0.0000,0.0000,0.0000,0.0000,0.0000,0.0000,0.0000,0.0000
45129.2083333,0.0000,0.0000,0.0000,0.0000,0.0000,0.0000,0.0000,0.0000,0.0000,0.0000,0.0000,0.0000,0.0000,0.0000,0.0000,0.0000,0.0000,0.0000,0.0000,0.0000,0.0000,0.0000,0.0000,0.0000,0.0000,0.0000,0.0000,0.0000,0.0000,0.0000,0.0000,0.0000,0.0000,0.0000,0.0000,0.0000,0.0000,0.0000,0.0000,0.0000,0.0000,0.0000,0.0000,0.0000,0.0000,0.0000,0.0000,0.0000,0.0000,0.0000,0.0000,0.0000,0.0000,0.0000,0.0000,0.0000,0.0000,0.0000,0.0000,0.0000,0.0000,0.0000,0.0000,0.0000,0.0000,0.0000,0.0000,0.0000,0.0000,0.0000,0.0000,0.0000,0.0000,0.0000,0.0000,0.0000,0.0000,0.0000,0.0000,0.0000,0.0000,0.0000,0.0000,0.0000,0.0000,0.0000,0.0000,0.0000,0.0000,0.0000,0.0000,0.0000,0.0000,0.0000,0.0000,0.0000,0.0000,0.0000,0.0000,0.0000,0.0000,0.0000,0.0000,0.0000,0.0000,0.0000,0.0000,0.0000,0.0000,0.0000,0.0000,0.0000,0.0000,0.0000,0.0000,0.0000,0.0000,0.0000,0.0000,0.0000,0.0000,0.0000,0.0000,0.0000,0.0000,0.0000,0.0000,0.0000,0.0000,0.0000,0.0000,0.0000,0.0000,0.0000,0.0000,0.0000,0.0000,0.0000,0.0000,0.0000,0.0000,0.0000,0.0000,0.0000,0.0000,0.0000,0.0000,0.0000,0.0000,0.0000,0.0000,0.0000,0.0000,0.0000,0.0000,0.0000,0.0000,0.0000,0.0000,0.0000,0.0000,0.0000,0.0000,0.0000,0.0000,0.0000,0.0000,0.0000,0.0000,0.0000,0.0000,0.0000,0.0000,0.0000,0.0000,0.0000,0.0000,0.0000,0.0000,0.0000,0.0000,0.0000,0.0000,0.0000,0.0000,0.0000,0.0000,0.0000,0.0000,0.0000,0.0000,0.0000,0.0000,0.0000,0.0000,0.0000,0.0000,0.0000,0.0000,0.0000,0.0000,0.0000,0.0000,0.0000,0.0000,0.0000,0.0000,0.0000,0.0000,0.0000,0.0000,0.0000,0.0000,0.0000,0.0000,0.0000,0.0000,0.0000,0.0000,0.0000,0.0000,0.0000,0.0000,0.0000,0.0000,0.0000,0.0000,0.0000,0.0000,0.0000,0.0000,0.0000,0.0000,0.0000,0.0000,0.0000
45129.2500000,0.2418,0.5516,0.7378,0.7019,1.2131,0.9419,0.8466,0.4251,0.8333,0.8648,0.7815,0.7056,0.4677,0.6728,0.6121,0.6314,0.8123,0.7501,0.5480,0.3889,0.8812,0.3688,0.3557,0.5771,0.6099,1.2457,0.5831,0.2203,0.7287,0.2432,0.4665,0.3080,0.3998,0.6194,0.6032,0.5202,0.8149,0.8373,0.2988,1.0969,0.9595,1.0103,0.5833,0.7796,1.6356,0.8156,0.6360,0.7011,0.3960,0.5370,0.8200,0.7637,0.8687,0.9363,0.3670,0.3626,0.4383,0.6740,1.1956,0.9219,0.9654,0.7333,0.3228,0.2907,0.4495,0.3918,0.6413,0.6186,-0.1942,0.1259,0.5665,0.5472,0.4537,0.1360,0.6012,0.7963,0.6492,0.7627,0.5324,0.8397,1.7768,1.5612,1.1279,0.8976,0.7122,0.7416,1.1483,0.8616,0.9998,0.8650,0.9427,1.1870,1.3247,0.9771,0.4923,0.6485,0.7794,1.1775,0.9246,0.7881,0.8685,1.0135,0.7495,0.7930,1.1579,1.4779,1.2219,1.1560,0.5782,1.0809,0.6483,0.2908,0.8096,0.6812,0.8022,0.6851,0.5208,0.9090,0.7417,0.7645,0.1683,0.7315,0.4157,0.6878,0.5691,0.7456,0.7868,1.0750,0.6587,0.2422,0.4390,0.3962,0.4434,0.5228,0.7571,0.5240,0.5258,0.7608,0.5463,0.4559,0.2938,0.6855,0.4843,0.5552,0.7577,0.2024,0.3274,0.9622,0.6203,0.4694,0.4439,0.1659,0.2941,0.2011,0.4546,0.8792,1.0098,0.9394,0.8679,0.5251,1.3045,0.9791,0.9886,1.2309,1.4582,0.9159,1.1013,0.6854,0.6197,0.5499,0.1468,0.3327,0.3661,0.7100,0.6931,0.9312,0.6456,0.7045,0.5884,1.3591,1.1185,0.8404,0.7470,0.9357,0.7421,0.9778,0.8949,0.9020,0.9089,0.9159,0.9230,0.9271,0.9341,0.9413,0.9485,0.9558,0.9631,0.9706,0.9782,0.9859,0.9938,1.0018,1.0100,1.0183,1.0267,1.0353,1.0441,1.0531,1.0622,1.0715,1.0809,1.0906,1.1004,1.1105,1.1207,1.1311,1.1417,1.1525,1.1635,1.1747,1.1861,1.1977,1.2095,1.2215,1.2336,1.2460,1.2584,1.2711,1.2839,1.2968,1.3099,1.3231,1.3363,1.3497,1.3533,1.3671
45129.2916667,0.9643,2.2001,2.9431,2.7999,4.8395,3.7579,3.3778,1.6961,3.3249,3.4612,3.1290,2.8243,1.8799,2.6929,2.4423,2.5195,3.2597,3.0007,2.1868,1.5519,3.5163,1.4719,1.4196,2.3035,2.4863,5.0168,2.3329,0.8794,2.9295,0.9844,1.8681,1.2451,1.9376,2.6589,2.4084,2.0771,3.2791,3.3789,1.3016,4.4081,3.8319,4.0459,2.3299,3.1141,6.5336,3.2581,2.5405,2.8004,1.5818,2.1454,3.3402,3.1066,3.6161,3.7672,1.4665,1.4490,1.7518,2.7200,4.7977,3.7106,3.9226,2.9403,1.2904,1.1623,1.7975,1.5677,2.5672,2.4772,-0.7696,0.5099,2.2715,2.2167,1.8515,0.5489,2.4487,3.2134,2.6193,3.0830,2.1996,3.3603,7.1669,6.2886,4.5479,4.1692,2.8516,2.9697,4.5968,3.4491,4.0020,3.4629,3.7730,4.7503,5.3018,3.9106,1.9706,2.5957,3.1195,4.7129,3.7008,3.1547,3.4766,4.0568,2.9997,3.3178,4.7046,7.1594,5.2928,5.7378,2.6778,5.1429,2.9498,1.1703,3.2835,2.7270,3.2657,2.8683,2.0967,3.6532,2.9926,3.0821,0.6744,3.0428,1.6726,2.7547,2.2792,3.0863,3.1676,4.3291,2.6383,0.9727,1.7704,1.6117,1.8593,2.8280,3.0631,2.1892,2.1073,3.4173,2.7879,1.8262,1.1769,2.7778,1.9400,2.2242,3.0354,0.8108,1.3118,3.8546,2.5108,1.8942,1.7905,0.6646,1.1792,0.8284,1.8410,3.5331,4.0707,3.7639,3.4777,2.1044,5.2270,3.9234,3.9615,4.9502,5.9921,3.7086,4.4753,2.7852,2.5250,2.3839,0.5899,1.5664,1.4709,2.8833,2.7929,4.0872,2.6159,2.8427,2.3751,5.4811,4.5121,3.3793,3.0245,3.7810,2.9854,3.9314,3.5980,3.6265,3.6493,3.6778,3.7067,3.7236,3.7523,3.7816,3.8114,3.8413,3.8849,3.9019,3.9334,3.9656,3.9984,4.0319,4.0662,4.1013,4.1372,4.1752,4.2131,4.2520,4.2920,4.3331,4.3754,4.4189,4.4638,4.5945,4.5497,4.5979,4.6477,4.6991,4.7523,4.8073,4.8642,4.9233,4.9048,5.0646,5.1330,5.2046,5.2794,5.3577,5.4399,5.5264,5.6174,6.2270,6.2801,6.3336,6.3480,6.4031
45129.3333333,2.2400,5.1111,7.0553,6.5052,11.2447,9.1078,7.8489,3.9412,8.5834,8.4384,7.6023,6.9162,4.5821,6.4819,5.6755,6.0170,16.9365,7.2846,6.9312,3.7032,8.1717,3.5916,3.2994,8.2185,6.9413,11.7238,5.6828,2.0445,7.4369,2.7669,5.4171,3.8007,12.9866,10.6293,6.5096,4.8296,7.7412,10.0028,3.8183,11.2659,8.9108,9.8308,5.4185,7.2426,16.2743,7.5780,5.9090,6.5136,3.6791,6.1211,10.1528,9.3814,18.1195,9.8174,3.6242,4.9858,5.2996,7.3125,12.2709,9.0308,12.2055,7.2236,3.0020,2.7040,8.2172,3.6485,14.8594,7.3944,-3.4684,1.1960,5.9702,5.6752,5.7362,1.2971,6.1506,8.5815,6.2648,7.5243,5.5751,9.1875,17.5179,16.4316,11.0834,13.2096,6.6502,7.6972,10.7195,8.0445,9.3316,8.0779,8.7977,11.0742,14.5948,12.5490,5.1509,6.3547,7.6027,11.6951,8.9321,10.2328,8.2115,11.2361,7.3413,17.3606,13.7245,26.9154,22.3592,22.5504,9.5324,18.8411,10.0950,3.2455,8.5686,6.5366,9.5494,15.1327,5.0282,8.5355,7.7717,7.7677,1.5774,14.7637,3.9382,7.1650,5.6207,7.9103,8.1262,10.8591,6.9639,2.3565,4.5667,4.7590,10.0828,12.8026,7.2662,5.7650,5.0237,10.6395,11.6518,4.5380,2.7441,6.6889,4.6117,5.3971,7.4772,1.8907,3.4464,9.4732,6.1944,5.2198,4.1999,1.5541,2.7820,2.0745,4.7177,8.5603,10.5840,8.9006,8.9136,5.0781,26.5391,9.8517,11.6919,11.5991,17.2425,10.0249,10.8063,8.8180,6.5408,10.2300,1.4121,5.9071,3.5496,8.5124,7.1022,18.3285,6.2644,7.3783,5.7552,13.9347,11.7088,8.2088,7.0421,8.9409,6.9636,9.5813,8.7820,8.8746,8.9678,9.0628,9.1465,9.2163,9.3156,9.4179,9.5233,9.6313,9.7426,9.8576,9.9765,10.0996,10.2271,10.3592,10.4961,10.6382,10.7857,10.9389,10.2700,11.3207,11.4980,11.6826,11.8751,12.0759,12.2853,12.5038,12.7320,12.9704,13.2194,13.4797,13.7519,14.0366,14.3343,14.6460,14.9722,15.3137,15.6714,21.5370,21.6525,21.7695,21.8879,22.0075,22.1284,22.2504,22.3732,22.4969,22.5295,22.6570
45129.3750000,2.7508,6.2769,9.1986,7.9895,25.3313,14.0482,9.6410,10.6902,17.1813,13.0019,11.6062,10.7312,7.0840,9.8967,7.7494,8.4649,34.4594,10.9205,24.9406,5.6606,20.7017,5.4854,4.0534,13.3316,9.1855,24.2696,9.1059,2.5123,14.2172,8.8643,8.2037,14.5632,29.4448,31.3933,34.7473,29.1512,14.8795,12.8040,5.6997,21.8097,11.6081,14.7246,6.6600,10.0077,22.8218,16.1081,9.4464,8.0066,5.8492,7.7536,39.2034,34.9372,36.7674,19.6440,5.8283,21.7940,6.1315,16.2795,22.1974,13.7467,40.8244,11.2191,3.6904,3.3242,15.1043,4.4864,31.2501,29.9740,-15.7475,1.5229,12.2455,7.2903,19.9701,1.7443,12.9377,18.1716,9.1215,19.4305,7.8084,13.4433,36.5951,31.6743,16.7508,44.3866,8.1906,10.0785,13.9416,9.9102,11.4944,39.0435,22.3531,21.5777,29.4751,45.2355,10.5714,9.3929,11.4607,18.3359,13.3955,37.3813,10.9190,44.2502,11.1057,35.8028,46.0721,51.6995,43.2607,44.5427,18.5628,36.0435,19.1275,10.3666,11.1128,9.4867,34.9947,31.4403,7.3301,13.0025,16.1025,14.4818,1.9876,29.9295,5.0923,13.9065,8.2141,10.7858,15.2850,21.1095,14.0613,3.5915,9.1363,17.5288,21.5593,27.4902,14.5040,7.9278,7.0954,31.4977,24.2861,5.8373,3.8726,10.6846,10.8142,7.9739,12.8270,2.6274,7.1322,17.4101,14.5705,6.7096,8.9353,1.9939,3.4623,4.5216,6.0751,12.7700,20.6490,11.0099,16.9908,7.3837,52.8022,16.5257,25.5008,15.5456,24.2111,25.9520,17.6192,30.8837,24.1175,20.6270,2.1242,12.3088,4.9703,25.9619,13.0198,36.5146,10.0149,14.4690,8.6207,25.4108,22.9075,12.2257,9.2869,12.6033,9.8796,14.2769,13.1107,11.3720,13.5628,13.7785,14.0011,14.1953,14.4298,14.6722,14.9229,15.1810,15.4478,15.7239,16.0097,16.3057,16.6122,16.9297,17.2587,17.5997,17.9532,18.3196,18.6995,19.0936,19.5023,19.9262,20.3661,20.8225,21.2960,21.7875,22.2976,22.8270,39.6637,39.7865,39.9116,40.0388,40.1683,40.2999,40.4337,40.5695,40.7074,40.8472,40.9890,41.1325,41.2776,41.4243,41.5725,41.7218,41.8723,42.0237,42.0627,42.2188
45129.4166667,2.7440,6.2618,12.1910,14.2984,98.0799,20.5426,19.7089,9.1059,61.8390,18.7824,17.2721,15.9760,10.4575,14.6927,7.8350,13.1394,54.0316,15.5199,40.0608,5.4308,17.8307,10.8557,5.6035,14.1093,13.8679,76.8570,14.2128,11.0658,51.9832,12.4845,45.0891,20.4547,48.8115,50.3743,56.1537,47.3735,61.8417,22.0518,7.0893,69.8292,25.2298,19.9587,6.6495,10.2455,97.4593,50.6578,13.6791,13.1840,8.4278,16.5343,61.9628,55.2144,57.4751,65.3225,7.9637,33.2026,8.5011,62.7947,77.4741,19.5529,63.5505,16.3903,5.5762,5.7752,23.4555,4.4814,49.9511,47.9765,-22.7129,2.2798,40.4692,7.4216,29.1092,2.3957,11.1691,61.4261,13.1658,73.4981,8.7744,23.0132,113.8506,97.5984,23.6539,70.0960,8.1890,10.3663,15.5354,10.2224,78.8638,61.3587,75.6939,85.3238,86.9280,70.9345,41.8348,13.3560,16.4500,26.9480,18.7474,59.2023,17.9130,69.0156,15.7909,56.4947,70.9389,77.9104,65.7015,68.3821,29.1338,54.6502,29.5381,17.5798,13.1174,12.9405,55.0719,50.0005,8.7971,18.2343,57.0480,53.5573,2.8682,47.0740,7.7507,43.5065,7.7415,50.2682,45.4499,63.0770,45.3260,5.5847,33.5185,28.7712,35.1938,44.5671,61.8560,9.7133,9.4880,49.4426,38.9726,33.9228,5.1998,45.3953,36.7944,10.9684,51.0621,2.5760,25.5514,70.9913,52.9836,9.6736,36.1263,2.3384,4.6373,13.5209,7.9484,17.9391,63.7797,14.3811,61.4364,10.3195,81.0775,69.5097,68.3769,17.3973,53.7881,33.8713,30.6419,48.9966,38.1028,32.7659,4.5319,20.4506,6.7388,40.4944,37.9167,56.5435,11.3131,46.1315,12.1289,80.7612,69.4231,16.9730,56.1675,16.6389,13.1803,19.8855,18.3007,18.6580,19.0235,19.3990,19.7857,20.1484,20.5559,20.9758,21.4085,21.8536,22.3121,22.7850,23.2725,23.7754,24.2941,24.8291,25.3810,25.9505,26.5380,27.1443,59.0858,59.1872,59.2905,59.3959,59.5033,59.6128,59.7245,59.8383,59.9543,60.0725,60.1930,60.3157,60.4407,60.5679,60.6973,60.8289,60.9627,61.0986,61.2365,61.3764,61.5182,61.6619,61.8072,61.9540,62.1023,62.2518,62.4025,62.5540,62.5930,62.7492
45129.4583333,2.5342,7.8690,23.9583,102.8943,129.6346,28.0153,27.1054,12.8754,82.3558,88.1980,87.0374,21.8534,50.8242,70.7075,72.7188,17.7142,71.8717,20.6343,15.7674,6.6611,88.0991,22.0147,8.6089,10.0709,19.3501,100.6944,76.1598,14.9059,69.5040,8.3101,33.1203,9.2766,21.3891,26.3332,75.7771,64.2780,82.4494,81.0114,10.6446,91.8942,93.9367,26.1023,6.1466,11.5861,126.7141,67.2774,18.4786,30.0367,11.9391,9.6903,22.8354,73.7129,76.2617,25.2861,9.2207,23.2642,12.8665,84.4346,101.7740,86.2283,84.0232,22.2639,5.9881,7.6566,10.0195,15.9806,67.1714,64.6037,-4.7364,3.3213,16.2980,15.1489,13.4363,11.4877,22.5094,81.9639,65.4590,98.5094,17.3042,23.5863,148.2324,127.2514,106.1007,26.5287,7.5776,16.1793,104.5400,27.9327,104.6231,81.5428,100.6086,112.4645,113.9607,93.9888,15.0303,17.5693,22.0717,36.5393,24.6292,22.9397,76.7426,91.2256,69.6319,75.3287,93.1209,100.9984,85.7066,89.6727,39.2942,71.4335,39.5157,7.4398,76.2105,17.4397,73.4056,67.1072,12.2605,80.8623,76.3923,71.5460,3.8639,62.9173,44.9623,58.2938,31.1385,67.1769,60.4336,82.9178,60.8924,30.2536,45.9566,17.9792,7.0548,12.6067,10.9229,55.7201,53.4838,37.5975,14.8171,46.3834,40.0420,60.8048,50.1302,49.1932,68.1283,5.5131,35.6460,94.1492,15.8535,13.5348,11.1389,4.0165,5.8419,6.7639,11.5508,87.7587,84.1229,90.2941,22.1065,45.5919,106.1303,92.0479,27.3696,47.4779,59.8700,100.5689,96.5047,65.6716,51.2165,44.3211,4.4214,28.6876,8.9548,54.0096,50.5948,74.6867,14.4470,61.6834,16.1976,105.4214,27.5979,22.3424,20.2489,93.2397,21.7845,84.3350,76.0225,76.0957,76.1677,76.2399,76.3131,76.3543,76.4269,76.5006,76.5755,76.6506,76.7267,76.8041,76.8828,76.9629,77.0444,77.1275,77.2120,77.2982,77.3860,77.4755,77.5668,77.6598,77.7547,77.8514,77.9501,78.0507,78.1533,78.2580,78.3647,78.4734,78.5843,78.6972,78.8122,78.9294,79.0486,79.1699,79.2932,79.4185,79.5457,79.6748,79.8056,79.9382,80.0724,80.2080,80.3450,80.4831,80.6224,80.7625,80.7984,80.9429
45129.5000000,4.3380,14.7086,47.2485,53.6260,71.8201,57.0478,53.3467,11.9307,46.7395,49.6300,48.0143,42.4425,28.4923,39.6551,39.6820,36.7872,42.0324,39.7569,31.0140,24.1299,49.8099,10.9245,8.9644,14.8582,38.2212,60.0561,40.7410,5.4102,39.9044,7.2461,32.9564,9.4979,19.4417,37.7323,40.8522,34.8786,46.5322,46.2289,9.2680,54.3339,53.3355,52.7567,14.0478,15.9072,76.3158,40.1447,35.8729,43.2542,24.4641,11.2916,46.6622,42.1562,44.6534,49.9178,9.4118,11.3191,11.7143,45.4659,59.8447,49.5816,49.2423,42.6211,9.0410,7.7287,10.8912,16.5288,37.7562,36.3692,-13.3716,6.9156,31.5025,14.6636,12.7361,7.4652,15.8890,46.1325,37.1824,52.6437,15.5589,22.6633,87.3861,75.6193,60.8153,52.2601,15.0730,18.5913,60.4381,24.1073,58.4516,46.8995,55.9836,64.3028,66.8088,53.6665,31.4511,40.4283,45.2143,70.6441,51.7282,44.7943,44.9334,53.0052,40.2956,43.2878,55.7475,63.4214,53.5001,54.2705,25.2016,45.5774,26.2590,15.2976,43.8955,37.3690,42.6153,38.3694,12.9084,47.2131,43.0519,41.3239,4.2325,37.2460,25.3813,34.7065,42.3145,39.2340,36.9603,50.3495,35.4062,16.8270,26.1231,22.9162,11.1332,13.5210,45.9717,31.3857,30.4675,38.9092,30.4507,26.5185,21.6359,35.7126,28.4759,29.0454,39.7736,5.4618,20.2312,53.5104,15.9352,12.8600,11.3382,9.6261,15.5689,6.0558,11.6781,49.6742,49.9167,51.5599,46.9430,27.0908,63.1930,52.8361,52.2970,60.6138,75.1539,55.5665,56.3741,37.7284,30.7445,26.8909,9.0082,17.3499,21.8926,33.1533,31.4865,44.8748,15.5580,36.3137,31.8983,63.6447,54.3942,44.4657,42.5408,52.7556,45.7557,49.5773,44.9482,45.0759,45.2014,45.3273,45.4549,45.5282,45.6548,45.7832,45.9136,46.0443,46.1767,46.3112,46.4481,46.5872,46.7288,46.8729,47.0197,47.1691,47.3212,47.4763,47.6343,47.7953,47.9594,48.1267,48.2972,48.4711,48.6483,48.8290,49.0131,49.2007,49.3918,49.5865,49.7848,49.9866,50.1920,50.4008,50.6131,50.8288,51.0477,51.2698,51.4949,51.7229,51.9536,52.1869,52.4224,52.6600,52.8994,53.1403,53.2046,53.4529
45129.5416667,6.5970,36.7636,36.4792,40.7471,55.7676,44.2391,41.2240,25.0954,36.5684,38.7242,37.2148,32.9884,22.1857,30.8985,30.6356,28.7124,33.1980,31.3274,24.3117,18.7874,38.9253,9.4266,20.4698,13.0322,29.6102,47.7408,13.7577,4.1169,31.3318,6.3619,11.0881,6.4701,10.1623,29.3148,31.4087,26.8703,36.3403,36.2333,8.0656,43.0735,41.7419,41.5754,14.1916,17.9210,60.8582,31.9034,28.0996,33.5336,19.0532,12.7114,36.4555,33.0612,35.2849,39.2591,8.4114,7.4764,10.3895,15.4666,47.3661,38.9598,38.9264,33.2454,8.9145,7.1124,10.0316,26.3591,29.4397,28.3712,-9.9803,5.6128,24.7553,29.6631,27.5434,6.0460,14.1355,35.9964,29.0916,18.0576,13.5762,19.5547,69.2403,60.0587,47.7490,40.7290,15.3588,34.6738,47.5831,39.6562,45.5090,36.8537,43.5274,50.4493,52.8345,42.0790,24.3773,31.3451,35.2830,54.8124,40.4879,35.0327,35.5066,41.7920,31.7203,34.0029,44.3648,51.1919,43.1035,43.3300,20.4374,36.9428,21.5035,12.2128,34.5066,29.3724,33.5834,30.0864,11.5975,37.2789,16.4257,32.5127,7.7114,29.5283,19.8071,27.5620,13.9200,30.9801,29.5979,40.2483,27.9198,13.0612,9.8650,18.0171,9.9937,12.0710,35.7251,24.5018,11.7372,30.8411,23.9606,20.8054,16.6514,28.2689,22.2982,23.0277,31.4272,11.3110,15.8341,41.9245,14.2390,11.4150,21.5004,7.7051,12.4325,5.2974,10.4323,38.8593,39.6375,40.4493,36.9055,21.5087,50.2339,41.5162,41.1847,48.0949,59.2598,43.1157,44.5421,29.6422,24.4808,21.4758,7.1646,13.8285,17.1403,26.5719,25.3347,35.7496,27.0084,28.7416,25.1309,50.7906,43.2391,35.0413,33.2675,41.2473,35.4787,39.2353,35.6316,35.7535,35.8734,35.9937,36.1155,36.1856,36.3065,36.4292,36.5537,36.6786,36.8050,36.9335,37.0642,37.1971,37.3323,37.4699,37.6100,37.7527,37.8979,38.0460,38.1968,38.3505,38.5071,38.6668,38.8296,38.9955,39.1646,39.3370,39.5127,39.6917,39.8741,40.0598,40.2490,40.4415,40.6374,40.8366,41.0391,41.2448,41.4537,41.6655,41.8802,42.0977,42.3177,42.5402,42.7648,42.9914,43.2197,43.4494,43.5109,43.7478
45129.5833333,7.1598,47.0957,45.7169,17.5445,69.5135,55.2218,51.6136,11.9467,45.3302,48.1048,46.4878,41.1237,27.6457,38.4456,38.4099,35.6822,40.8420,38.6199,30.1197,23.4266,48.2921,10.7231,9.2854,36.6867,14.9257,58.3829,12.2659,4.1781,25.9377,7.2954,12.5000,8.7124,11.5809,21.0035,22.0815,33.7592,45.1152,44.8499,9.2739,52.8030,51.7172,51.2191,24.5581,48.2497,74.2066,39.0544,34.8196,41.8898,23.7509,37.8630,45.2439,40.9110,43.3867,48.4507,9.1092,10.9421,11.4560,13.9158,58.1328,48.1174,47.8394,41.3220,10.1307,8.3181,9.1238,16.1386,36.6134,35.2746,-12.7467,6.8286,30.6057,13.9867,11.7663,7.3613,39.7595,44.7217,36.0801,20.1044,15.4728,64.2304,84.8612,73.4775,58.9908,50.6393,50.4295,43.2068,58.6538,49.3672,56.6183,45.5202,54.2185,62.3605,64.8783,52.0552,12.4586,39.1604,43.8349,68.3688,50.1634,43.4456,43.6597,51.4660,39.1363,42.0199,54.2131,61.8199,52.1464,52.8106,24.6432,44.4888,25.7216,14.9573,42.6199,36.2974,41.3991,37.2518,30.1149,45.8727,18.2741,18.4494,9.4707,36.2412,24.6625,33.7914,40.8881,38.1522,36.0440,49.0448,34.4433,9.5501,25.4154,9.8826,9.1887,12.8813,44.5818,30.5091,29.6444,37.9010,29.6575,25.8361,21.0349,16.4001,12.1435,28.3473,38.7326,4.6549,7.3905,51.9741,15.9386,12.9132,26.8666,9.5236,15.2937,9.4903,28.2237,48.2411,48.6068,50.0899,45.6327,26.4472,61.4941,31.1903,50.8261,58.9644,72.9897,53.8484,54.8052,16.7443,29.9907,26.2592,8.8752,16.9750,21.3137,32.3482,30.7466,43.6898,33.2832,35.3332,31.0240,61.9305,52.9078,43.2033,41.2809,51.1646,44.3252,48.1915,43.7146,43.8425,43.9683,44.0945,44.2225,44.2958,44.4228,44.5516,44.6824,44.8136,44.9465,45.0816,45.2189,45.3587,45.5009,45.6456,45.7930,45.9431,46.0959,46.2517,46.4104,46.5722,46.7371,46.9052,47.0766,47.2513,47.4294,47.6109,47.7959,47.9845,48.1766,48.3722,48.5715,48.7743,48.9807,49.1905,49.4038,49.6205,49.8405,50.0637,50.2899,50.5190,50.7509,50.9852,51.2219,51.4606,51.7011,51.9432,52.0077,52.2573
45129.6250000,8.5212,22.5957,22.8596,18.6154,127.0462,30.1391,95.6308,14.0757,25.4361,27.6769,26.6633,23.6011,15.7073,21.9416,18.5137,20.4762,71.0660,67.6742,53.6069,13.0748,86.6827,12.8787,10.2087,68.3335,15.5740,99.5865,14.8244,2.7596,13.5084,6.0109,14.0714,8.5784,13.9224,24.6399,26.8589,26.1015,24.7798,25.0971,11.6651,30.5321,92.4356,27.5256,46.1959,89.6634,125.3311,66.7025,62.1001,76.9315,43.0860,30.1356,81.2844,72.6964,75.3864,85.3683,9.5224,8.3122,9.1006,12.4573,100.4896,85.0061,83.0173,23.9143,12.7775,9.7093,9.5519,12.8776,17.0333,63.6655,-25.8147,3.6936,16.4496,15.1025,12.8007,3.9412,21.3699,21.1924,64.5652,22.4935,18.6262,125.7523,146.1823,125.6729,33.2907,29.0326,96.8046,24.3931,103.0185,89.6934,102.7225,80.4200,98.7587,110.6593,112.4324,92.5494,13.3029,19.1177,23.5424,38.6086,27.9866,77.8352,25.5850,90.0209,68.7975,30.0403,92.1852,100.4933,85.2969,88.9049,39.5122,71.3751,39.9196,25.2729,24.1969,20.0037,72.5691,17.5476,16.4327,79.9459,19.1836,18.9745,4.5597,62.4461,11.1382,18.8008,78.5020,66.5699,60.2757,82.4088,60.4020,8.1332,8.7307,19.6393,7.3304,13.4058,81.5380,55.1793,53.0644,65.5188,16.1670,12.5587,18.6339,16.6945,12.8942,49.0891,67.6168,4.3816,6.8975,92.8925,17.4039,14.8995,12.3063,16.2471,26.0571,18.3446,15.8443,26.3301,83.4606,89.1501,80.7289,15.2286,105.1278,35.6476,89.4055,101.3627,127.7925,98.8286,95.4319,17.4652,51.1083,15.3359,15.3338,9.7961,38.2174,53.9472,50.6470,74.1686,58.1388,20.6897,17.5457,104.4841,90.3694,75.7800,21.8416,29.2897,23.5271,83.4411,75.3198,75.4054,75.4896,75.5740,75.6597,75.7073,75.7924,75.8788,75.9666,76.0547,76.1441,76.2350,76.3276,76.4219,76.5179,76.6157,76.7154,76.8171,76.9208,77.0265,77.1343,77.2443,77.3566,77.4711,77.5879,77.7071,77.8287,77.9528,78.0793,78.2083,78.3399,78.4739,78.6105,78.7497,78.8913,79.0354,79.1820,79.3309,79.4822,79.6357,79.7914,79.9491,80.1087,80.2701,80.4331,80.5976,80.7634,80.9302,80.9732,81.1453
45129.6666667,2.4416,8.6364,17.1137,13.6201,20.0343,22.5854,21.9418,7.7687,71.6376,20.9166,15.9924,17.8668,11.4052,16.5862,13.7781,15.4643,18.0547,16.9859,12.7193,5.7190,12.1202,5.6171,7.4096,12.0699,6.2832,88.1205,7.6318,2.2325,11.6313,3.2772,18.0027,7.7155,9.0951,18.6247,25.5979,15.8260,71.7036,70.4599,18.2268,23.3282,17.3559,20.8753,16.8082,20.8529,111.3340,58.3716,15.1461,67.9811,9.2344,15.4744,17.7871,63.9807,66.3142,20.5615,17.2822,8.5651,9.6779,13.1905,89.0254,21.3830,21.4283,18.1367,18.0818,14.8583,56.4138,15.7217,58.1242,55.8478,-6.1730,2.4984,9.7160,62.6159,9.3062,2.6980,16.0385,71.2654,15.4511,15.9851,37.4416,112.8577,130.3766,111.7476,25.3844,21.6447,86.3105,18.4684,91.4215,79.5292,91.3616,20.1493,19.0826,98.4214,99.8607,82.0003,9.8167,14.1427,17.7708,29.4298,21.4180,18.6259,19.4539,79.6128,17.0703,65.4429,81.4063,88.6184,74.9537,78.3802,33.6006,62.3007,33.8756,6.0045,12.4225,14.6909,17.3744,21.1240,8.7632,20.0853,9.8167,10.9232,3.2627,54.5584,8.2069,50.4704,27.3233,58.3464,52.4753,72.4989,52.7764,6.1945,5.7668,33.9615,12.0491,10.6884,72.1524,48.1494,46.1944,57.3575,45.6176,39.9101,6.6558,52.7984,9.5219,42.4871,16.7856,2.0989,12.4773,82.3527,8.6624,6.6955,9.0566,5.4358,6.2028,11.0614,45.2854,76.6679,73.5955,13.9908,18.8578,39.2944,93.1840,80.5093,79.1211,89.8160,113.8936,18.5579,84.5283,17.4274,44.3004,38.1766,2.7929,24.2251,9.1071,46.8025,43.7816,65.1582,50.7670,53.5218,13.2428,92.5372,79.8493,66.7767,65.3237,81.4390,18.6857,73.6529,66.2733,66.3419,66.4092,66.4768,66.5453,66.5829,66.6508,66.7198,66.7898,66.8601,66.9313,67.0038,67.0776,67.1527,67.2292,67.3071,67.3866,67.4676,67.5502,67.6345,67.7204,67.8081,67.8976,67.9890,68.0822,68.1774,68.2745,68.3735,68.4746,68.5778,68.6830,68.7902,68.8995,69.0109,69.1244,69.2398,69.3573,69.4767,69.5981,69.7213,69.8462,69.9729,70.1011,70.2308,70.3619,70.4941,70.6275,70.7617,70.7956,70.9341
45129.7083333,2.9334,7.3040,11.3065,8.5199,17.0900,16.1005,15.1321,6.9606,24.5850,14.9171,12.1699,12.4513,8.0060,11.6870,16.9873,10.9241,13.4094,12.4873,9.1764,4.7699,11.5380,5.2979,5.4898,7.5942,7.4138,55.6188,10.1772,2.6790,10.2350,4.6561,7.3633,6.1125,7.7052,9.9279,12.6566,7.5256,20.2144,43.1405,13.0485,17.7629,14.1387,13.4042,10.9461,14.2035,71.0654,18.2677,10.8514,40.8735,5.5044,10.1153,13.2001,17.9649,41.0438,12.5727,5.6329,9.3663,10.2293,11.6305,22.2075,15.6060,15.9885,12.8069,8.2526,11.6978,8.7784,11.7740,35.0153,18.6603,-4.1073,1.8402,8.3594,12.7513,6.5889,2.0111,10.8715,15.6269,11.1029,13.5468,11.9704,66.7225,39.4017,34.8544,18.8236,15.5004,51.1451,13.0130,56.8515,48.3645,25.5869,14.7107,14.7092,60.9914,30.3049,19.1070,7.6093,10.4851,13.0087,20.7810,15.6423,13.4639,14.4868,49.4130,12.5611,22.1303,15.8608,57.4558,48.1889,49.6557,21.0068,40.2406,21.6233,4.5472,11.6701,11.0371,13.0766,17.6354,6.6670,12.3355,9.9262,11.0470,2.5314,33.6448,6.3595,31.0889,20.5324,35.8391,32.8549,45.8626,32.1767,4.0376,5.6565,20.0066,10.2559,9.0076,43.5764,28.7207,27.6485,35.3923,27.4643,10.3428,6.2782,10.3337,7.4204,25.7878,12.5255,2.5087,4.0721,17.7532,11.0872,6.9690,6.9059,3.9210,4.6550,4.1222,26.6794,18.4163,14.8668,11.7764,11.3918,23.8243,58.8606,19.7778,28.0876,56.5076,71.3647,13.5875,52.7208,18.9356,27.2307,23.3758,3.5628,14.2029,6.3623,17.6577,27.4392,40.8683,31.0010,32.9189,9.7764,58.8824,50.2576,41.1716,39.7493,49.9351,13.0977,45.8946,41.2547,41.3401,41.4240,41.5082,41.5934,41.6416,41.7261,41.8118,41.8988,41.9860,42.0744,42.1641,42.2554,42.3482,42.4427,42.5388,42.6367,42.7364,42.8379,42.9414,43.0468,43.1543,43.2639,43.3756,43.4895,43.6056,43.7241,43.8448,43.9678,44.0933,44.2211,44.3514,44.4840,44.6191,44.7565,44.8964,45.0386,45.1830,45.3297,45.4785,45.6295,45.7823,45.9371,46.0935,46.2515,46.4110,46.5717,46.7334,46.7751,46.9419
45129.7500000,2.4729,6.2920,7.6623,7.1816,12.7085,10.4434,9.5279,5.2607,9.2253,9.6525,8.6268,7.8984,4.7870,7.5089,6.8642,7.0438,8.9328,8.2228,5.8665,4.1319,9.8012,4.1086,3.6424,5.9333,6.2468,14.6061,5.9736,2.2570,7.6939,3.2862,6.2618,3.1564,5.4820,7.9761,9.7076,6.3122,8.5242,21.1367,3.6231,12.0284,9.8365,10.9260,6.6753,8.7429,36.6091,9.5046,7.0696,9.1680,4.3436,6.1738,8.9348,9.0562,20.4676,10.1420,3.7657,6.0239,4.9366,8.6089,13.4238,10.2478,10.6679,8.2201,4.2675,2.9849,5.4150,4.0273,16.8375,12.1831,-2.3328,1.3269,5.9110,5.7583,4.7482,1.4602,6.2051,8.2174,6.7092,9.9513,6.1756,13.2419,20.8687,18.4059,12.4238,10.0890,13.2416,8.2592,14.3097,11.0364,16.3781,9.6711,11.8230,16.3172,15.1004,10.0931,5.2467,8.1885,8.6181,13.2356,10.3829,8.7919,9.0867,24.6252,7.8479,15.0308,12.3875,30.3463,25.2580,25.4856,10.9136,21.3199,11.5420,3.1663,8.6783,7.5194,8.8604,10.9884,5.4705,9.9005,7.9326,8.5436,1.8119,7.9976,4.4569,8.1689,11.5957,8.6054,8.9213,23.5345,7.9968,2.8793,5.0120,4.1838,5.2557,7.2088,20.8966,13.6979,13.2800,17.6490,13.3183,5.3898,4.2124,8.1352,5.2214,12.6982,8.0138,2.1089,3.4031,9.9502,6.5217,5.9456,4.8100,1.8775,3.2295,2.2885,7.2729,9.7623,10.5076,10.2484,9.0402,6.4531,29.9723,11.3822,15.2034,15.1391,18.2184,10.1469,26.4181,9.4111,7.8466,11.7101,1.6227,4.0224,4.1142,10.0338,8.3047,20.7685,15.2775,16.3638,6.5339,16.5533,25.5364,10.3270,11.5738,11.9760,8.3769,12.3227,11.3373,11.5325,11.7336,11.9426,12.1605,12.3559,12.5907,12.8362,13.0928,13.3603,13.6400,13.9330,14.2400,21.6663,21.7471,21.8293,21.9130,21.9982,22.0850,22.1734,22.2635,22.3553,22.4488,22.5441,22.6413,22.7403,22.8412,22.9441,23.0489,23.1557,23.2645,23.3753,23.4882,23.6030,23.7198,23.8386,23.9594,24.0821,24.2066,24.3329,24.4609,24.5905,24.7217,24.8543,24.9882,25.1232,25.2592,25.3962,25.4321,25.5732
45129.7916667,0.4735,1.0905,1.4490,1.3748,2.3763,1.8499,1.6601,0.8328,1.6416,1.6958,1.5315,1.3832,0.9162,1.3182,1.1992,1.2381,1.5944,1.4701,1.0742,0.7643,1.7383,0.7226,0.6970,1.1309,1.1952,2.4438,1.1427,0.4317,1.4317,0.4766,0.9349,0.6037,0.7837,1.2141,1.1823,1.0197,1.5973,1.6413,0.5908,2.1518,1.8810,1.9815,1.1446,1.5295,3.2304,1.6008,1.2481,1.3782,0.7773,1.0541,1.6088,1.5013,1.7139,1.8380,0.7198,0.7112,0.8598,1.3221,2.3531,1.8085,1.8940,1.4389,0.6334,0.5706,0.8874,0.7695,1.3857,1.2899,-0.3764,0.2529,1.1181,1.0817,0.8945,0.2744,1.1854,1.5698,1.2817,1.5024,1.0490,1.6528,3.4970,3.0743,2.2234,1.7712,1.4037,1.4638,2.2654,1.6989,1.9826,1.7075,1.8882,2.3387,2.6153,1.9267,0.9747,1.2804,1.5392,2.3214,1.8255,1.5570,1.7168,2.1751,1.4781,1.5763,2.2952,3.0985,2.4078,2.2773,1.1439,2.1315,1.3380,0.5777,1.6006,1.3448,1.5848,1.4024,1.0310,1.7933,1.4650,1.5174,0.3364,1.4441,0.8222,1.3595,1.1220,1.4857,1.5559,2.1197,1.3020,0.4851,0.8746,0.7878,0.8912,1.0567,1.4929,1.0350,1.1328,1.6207,1.1712,0.9021,0.5815,1.3589,0.9592,1.1802,1.4967,0.4021,0.6488,1.8969,1.2275,0.9289,0.8776,0.3315,0.5847,0.4028,0.9189,1.7405,1.9922,1.8608,1.7146,1.0406,2.6019,1.9322,2.0155,2.4308,2.8773,1.8158,2.1801,1.3844,1.2515,1.1587,0.2941,0.6614,0.7258,1.4171,1.3722,1.9748,1.2829,1.3994,1.1646,2.6853,2.3797,1.6622,1.4807,1.8505,1.4664,1.9347,1.7719,1.7864,1.8007,1.8151,1.8298,1.8386,1.8533,1.8807,1.8826,1.8979,1.9134,1.9293,1.9455,1.9621,1.9790,1.9964,2.0142,2.0325,2.0508,2.0700,2.0897,2.1100,2.1309,2.1525,2.1747,2.1976,2.2212,2.2456,2.3546,2.3752,2.3961,2.4175,2.4392,2.4613,2.4837,2.5066,2.5298,2.5534,2.5773,2.6016,2.6262,2.6512,2.6764,2.7019,2.7276,2.7536,2.7797,2.8060,2.8131,2.8402
45129.8333333,0.1189,0.2712,0.3628,0.3451,0.5964,0.4631,0.4163,0.2090,0.4097,0.4252,0.3844,0.3469,0.2299,0.3308,0.3010,0.3105,0.3994,0.3688,0.2695,0.1912,0.4333,0.1813,0.1749,0.2838,0.2999,0.6125,0.2867,0.1083,0.3583,0.1196,0.2294,0.1515,0.1966,0.3046,0.2966,0.2558,0.4007,0.4117,0.1469,0.5394,0.4719,0.4969,0.2869,0.3834,0.8044,0.4011,0.3128,0.3448,0.1947,0.2641,0.4033,0.3756,0.4273,0.4605,0.1805,0.1784,0.2156,0.3316,0.5882,0.4536,0.4750,0.3609,0.1589,0.1431,0.2213,0.1930,0.3160,0.3050,-0.0942,0.0634,0.2804,0.2704,0.2243,0.0688,0.2972,0.3936,0.3214,0.3767,0.2630,0.4143,0.8766,0.7706,0.5571,0.4436,0.3518,0.3668,0.5672,0.4258,0.4939,0.4278,0.4657,0.5862,0.6542,0.4829,0.2440,0.3209,0.3855,0.5813,0.4571,0.3899,0.4298,0.5011,0.3703,0.3917,0.5715,0.7294,0.6034,0.5706,0.2866,0.5341,0.3215,0.1447,0.3999,0.3367,0.3963,0.3386,0.2576,0.4489,0.3664,0.3777,0.0843,0.3617,0.2059,0.3402,0.2811,0.3685,0.3892,0.5310,0.3258,0.1203,0.2175,0.1965,0.2196,0.2586,0.3739,0.2592,0.2602,0.3761,0.2704,0.2258,0.1456,0.3390,0.2398,0.2749,0.3746,0.1007,0.1625,0.4751,0.3066,0.2321,0.2198,0.0830,0.1464,0.0998,0.2250,0.4342,0.4988,0.4639,0.4287,0.2603,0.6439,0.4835,0.4904,0.6076,0.7194,0.4547,0.5437,0.3389,0.3068,0.2725,0.0736,0.1654,0.1816,0.3516,0.3434,0.4604,0.3196,0.3487,0.2914,0.6712,0.5527,0.4156,0.3694,0.4623,0.3668,0.4834,0.4426,0.4461,0.4496,0.4531,0.4566,0.4586,0.4621,0.4657,0.4693,0.4729,0.4765,0.4802,0.4840,0.4878,0.4917,0.4957,0.4997,0.5039,0.5081,0.5123,0.5167,0.5211,0.5256,0.5302,0.5349,0.5397,0.5446,0.5495,0.5546,0.5597,0.5650,0.5703,0.5758,0.5813,0.5870,0.5927,0.5985,0.6044,0.6104,0.6165,0.6227,0.6290,0.6353,0.6417,0.6481,0.6547,0.6612,0.6678,0.6696,0.6764
45129.8750000,0.0000,0.0000,0.0000,0.0000,0.0000,0.0000,0.0000,0.0000,0.0000,0.0000,0.0000,0.0000,0.0000,0.0000,0.0000,0.0000,0.0000,0.0000,0.0000,0.0000,0.0000,0.0000,0.0000,0.0000,0.0000,0.0000,0.0000,0.0000,0.0000,0.0000,0.0000,0.0000,0.0000,0.0000,0.0000,0.0000,0.0000,0.0000,0.0000,0.0000,0.0000,0.0000,0.0000,0.0000,0.0000,0.0000,0.0000,0.0000,0.0000,0.0000,0.0000,0.0000,0.0000,0.0000,0.0000,0.0000,0.0000,0.0000,0.0000,0.0000,0.0000,0.0000,0.0000,0.0000,0.0000,0.0000,0.0000,0.0000,0.0000,0.0000,0.0000,0.0000,0.0000,0.0000,0.0000,0.0000,0.0000,0.0000,0.0000,0.0000,0.0000,0.0000,0.0000,0.0000,0.0000,0.0000,0.0000,0.0000,0.0000,0.0000,0.0000,0.0000,0.0000,0.0000,0.0000,0.0000,0.0000,0.0000,0.0000,0.0000,0.0000,0.0000,0.0000,0.0000,0.0000,0.0000,0.0000,0.0000,0.0000,0.0000,0.0000,0.0000,0.0000,0.0000,0.0000,0.0000,0.0000,0.0000,0.0000,0.0000,0.0000,0.0000,0.0000,0.0000,0.0000,0.0000,0.0000,0.0000,0.0000,0.0000,0.0000,0.0000,0.0000,0.0000,0.0000,0.0000,0.0000,0.0000,0.0000,0.0000,0.0000,0.0000,0.0000,0.0000,0.0000,0.0000,0.0000,0.0000,0.0000,0.0000,0.0000,0.0000,0.0000,0.0000,0.0000,0.0000,0.0000,0.0000,0.0000,0.0000,0.0000,0.0000,0.0000,0.0000,0.0000,0.0000,0.0000,0.0000,0.0000,0.0000,0.0000,0.0000,0.0000,0.0000,0.0000,0.0000,0.0000,0.0000,0.0000,0.0000,0.0000,0.0000,0.0000,0.0000,0.0000,0.0000,0.0000,0.0000,0.0000,0.0000,0.0000,0.0000,0.0000,0.0000,0.0000,0.0000,0.0000,0.0000,0.0000,0.0000,0.0000,0.0000,0.0000,0.0000,0.0000,0.0000,0.0000,0.0000,0.0000,0.0000,0.0000,0.0000,0.0000,0.0000,0.0000,0.0000,0.0000,0.0000,0.0000,0.0000,0.0000,0.0000,0.0000,0.0000,0.0000,0.0000,0.0000,0.0000,0.0000,0.0000,0.0000,0.0000,0.0000,0.0000,0.0000,0.0000
45129.9166667,0.0000,0.0000,0.0000,0.0000,0.0000,0.0000,0.0000,0.0000,0.0000,0.0000,0.0000,0.0000,0.0000,0.0000,0.0000,0.0000,0.0000,0.0000,0.0000,0.0000,0.0000,0.0000,0.0000,0.0000,0.0000,0.0000,0.0000,0.0000,0.0000,0.0000,0.0000,0.0000,0.0000,0.0000,0.0000,0.0000,0.0000,0.0000,0.0000,0.0000,0.0000,0.0000,0.0000,0.0000,0.0000,0.0000,0.0000,0.0000,0.0000,0.0000,0.0000,0.0000,0.0000,0.0000,0.0000,0.0000,0.0000,0.0000,0.0000,0.0000,0.0000,0.0000,0.0000,0.0000,0.0000,0.0000,0.0000,0.0000,0.0000,0.0000,0.0000,0.0000,0.0000,0.0000,0.0000,0.0000,0.0000,0.0000,0.0000,0.0000,0.0000,0.0000,0.0000,0.0000,0.0000,0.0000,0.0000,0.0000,0.0000,0.0000,0.0000,0.0000,0.0000,0.0000,0.0000,0.0000,0.0000,0.0000,0.0000,0.0000,0.0000,0.0000,0.0000,0.0000,0.0000,0.0000,0.0000,0.0000,0.0000,0.0000,0.0000,0.0000,0.0000,0.0000,0.0000,0.0000,0.0000,0.0000,0.0000,0.0000,0.0000,0.0000,0.0000,0.0000,0.0000,0.0000,0.0000,0.0000,0.0000,0.0000,0.0000,0.0000,0.0000,0.0000,0.0000,0.0000,0.0000,0.0000,0.0000,0.0000,0.0000,0.0000,0.0000,0.0000,0.0000,0.0000,0.0000,0.0000,0.0000,0.0000,0.0000,0.0000,0.0000,0.0000,0.0000,0.0000,0.0000,0.0000,0.0000,0.0000,0.0000,0.0000,0.0000,0.0000,0.0000,0.0000,0.0000,0.0000,0.0000,0.0000,0.0000,0.0000,0.0000,0.0000,0.0000,0.0000,0.0000,0.0000,0.0000,0.0000,0.0000,0.0000,0.0000,0.0000,0.0000,0.0000,0.0000,0.0000,0.0000,0.0000,0.0000,0.0000,0.0000,0.0000,0.0000,0.0000,0.0000,0.0000,0.0000,0.0000,0.0000,0.0000,0.0000,0.0000,0.0000,0.0000,0.0000,0.0000,0.0000,0.0000,0.0000,0.0000,0.0000,0.0000,0.0000,0.0000,0.0000,0.0000,0.0000,0.0000,0.0000,0.0000,0.0000,0.0000,0.0000,0.0000,0.0000,0.0000,0.0000,0.0000,0.0000,0.0000,0.0000,0.0000,0.0000,0.0000
45129.9583333,0.0000,0.0000,0.0000,0.0000,0.0000,0.0000,0.0000,0.0000,0.0000,0.0000,0.0000,0.0000,0.0000,0.0000,0.0000,0.0000,0.0000,0.0000,0.0000,0.0000,0.0000,0.0000,0.0000,0.0000,0.0000,0.0000,0.0000,0.0000,0.0000,0.0000,0.0000,0.0000,0.0000,0.0000,0.0000,0.0000,0.0000,0.0000,0.0000,0.0000,0.0000,0.0000,0.0000,0.0000,0.0000,0.0000,0.0000,0.0000,0.0000,0.0000,0.0000,0.0000,0.0000,0.0000,0.0000,0.0000,0.0000,0.0000,0.0000,0.0000,0.0000,0.0000,0.0000,0.0000,0.0000,0.0000,0.0000,0.0000,0.0000,0.0000,0.0000,0.0000,0.0000,0.0000,0.0000,0.0000,0.0000,0.0000,0.0000,0.0000,0.0000,0.0000,0.0000,0.0000,0.0000,0.0000,0.0000,0.0000,0.0000,0.0000,0.0000,0.0000,0.0000,0.0000,0.0000,0.0000,0.0000,0.0000,0.0000,0.0000,0.0000,0.0000,0.0000,0.0000,0.0000,0.0000,0.0000,0.0000,0.0000,0.0000,0.0000,0.0000,0.0000,0.0000,0.0000,0.0000,0.0000,0.0000,0.0000,0.0000,0.0000,0.0000,0.0000,0.0000,0.0000,0.0000,0.0000,0.0000,0.0000,0.0000,0.0000,0.0000,0.0000,0.0000,0.0000,0.0000,0.0000,0.0000,0.0000,0.0000,0.0000,0.0000,0.0000,0.0000,0.0000,0.0000,0.0000,0.0000,0.0000,0.0000,0.0000,0.0000,0.0000,0.0000,0.0000,0.0000,0.0000,0.0000,0.0000,0.0000,0.0000,0.0000,0.0000,0.0000,0.0000,0.0000,0.0000,0.0000,0.0000,0.0000,0.0000,0.0000,0.0000,0.0000,0.0000,0.0000,0.0000,0.0000,0.0000,0.0000,0.0000,0.0000,0.0000,0.0000,0.0000,0.0000,0.0000,0.0000,0.0000,0.0000,0.0000,0.0000,0.0000,0.0000,0.0000,0.0000,0.0000,0.0000,0.0000,0.0000,0.0000,0.0000,0.0000,0.0000,0.0000,0.0000,0.0000,0.0000,0.0000,0.0000,0.0000,0.0000,0.0000,0.0000,0.0000,0.0000,0.0000,0.0000,0.0000,0.0000,0.0000,0.0000,0.0000,0.0000,0.0000,0.0000,0.0000,0.0000,0.0000,0.0000,0.0000,0.0000,0.0000,0.0000,0.0000,0.0000
45130.0000000,0.0000,0.0000,0.0000,0.0000,0.0000,0.0000,0.0000,0.0000,0.0000,0.0000,0.0000,0.0000,0.0000,0.0000,0.0000,0.0000,0.0000,0.0000,0.0000,0.0000,0.0000,0.0000,0.0000,0.0000,0.0000,0.0000,0.0000,0.0000,0.0000,0.0000,0.0000,0.0000,0.0000,0.0000,0.0000,0.0000,0.0000,0.0000,0.0000,0.0000,0.0000,0.0000,0.0000,0.0000,0.0000,0.0000,0.0000,0.0000,0.0000,0.0000,0.0000,0.0000,0.0000,0.0000,0.0000,0.0000,0.0000,0.0000,0.0000,0.0000,0.0000,0.0000,0.0000,0.0000,0.0000,0.0000,0.0000,0.0000,0.0000,0.0000,0.0000,0.0000,0.0000,0.0000,0.0000,0.0000,0.0000,0.0000,0.0000,0.0000,0.0000,0.0000,0.0000,0.0000,0.0000,0.0000,0.0000,0.0000,0.0000,0.0000,0.0000,0.0000,0.0000,0.0000,0.0000,0.0000,0.0000,0.0000,0.0000,0.0000,0.0000,0.0000,0.0000,0.0000,0.0000,0.0000,0.0000,0.0000,0.0000,0.0000,0.0000,0.0000,0.0000,0.0000,0.0000,0.0000,0.0000,0.0000,0.0000,0.0000,0.0000,0.0000,0.0000,0.0000,0.0000,0.0000,0.0000,0.0000,0.0000,0.0000,0.0000,0.0000,0.0000,0.0000,0.0000,0.0000,0.0000,0.0000,0.0000,0.0000,0.0000,0.0000,0.0000,0.0000,0.0000,0.0000,0.0000,0.0000,0.0000,0.0000,0.0000,0.0000,0.0000,0.0000,0.0000,0.0000,0.0000,0.0000,0.0000,0.0000,0.0000,0.0000,0.0000,0.0000,0.0000,0.0000,0.0000,0.0000,0.0000,0.0000,0.0000,0.0000,0.0000,0.0000,0.0000,0.0000,0.0000,0.0000,0.0000,0.0000,0.0000,0.0000,0.0000,0.0000,0.0000,0.0000,0.0000,0.0000,0.0000,0.0000,0.0000,0.0000,0.0000,0.0000,0.0000,0.0000,0.0000,0.0000,0.0000,0.0000,0.0000,0.0000,0.0000,0.0000,0.0000,0.0000,0.0000,0.0000,0.0000,0.0000,0.0000,0.0000,0.0000,0.0000,0.0000,0.0000,0.0000,0.0000,0.0000,0.0000,0.0000,0.0000,0.0000,0.0000,0.0000,0.0000,0.0000,0.0000,0.0000,0.0000,0.0000,0.0000,0.0000,0.0000,0.0000,0.0000
45130.0416667,0.0000,0.0000,0.0000,0.0000,0.0000,0.0000,0.0000,0.0000,0.0000,0.0000,0.0000,0.0000,0.0000,0.0000,0.0000,0.0000,0.0000,0.0000,0.0000,0.0000,0.0000,0.0000,0.0000,0.0000,0.0000,0.0000,0.0000,0.0000,0.0000,0.0000,0.0000,0.0000,0.0000,0.0000,0.0000,0.0000,0.0000,0.0000,0.0000,0.0000,0.0000,0.0000,0.0000,0.0000,0.0000,0.0000,0.0000,0.0000,0.0000,0.0000,0.0000,0.0000,0.0000,0.0000,0.0000,0.0000,0.0000,0.0000,0.0000,0.0000,0.0000,0.0000,0.0000,0.0000,0.0000,0.0000,0.0000,0.0000,0.0000,0.0000,0.0000,0.0000,0.0000,0.0000,0.0000,0.0000,0.0000,0.0000,0.0000,0.0000,0.0000,0.0000,0.0000,0.0000,0.0000,0.0000,0.0000,0.0000,0.0000,0.0000,0.0000,0.0000,0.0000,0.0000,0.0000,0.0000,0.0000,0.0000,0.0000,0.0000,0.0000,0.0000,0.0000,0.0000,0.0000,0.0000,0.0000,0.0000,0.0000,0.0000,0.0000,0.0000,0.0000,0.0000,0.0000,0.0000,0.0000,0.0000,0.0000,0.0000,0.0000,0.0000,0.0000,0.0000,0.0000,0.0000,0.0000,0.0000,0.0000,0.0000,0.0000,0.0000,0.0000,0.0000,0.0000,0.0000,0.0000,0.0000,0.0000,0.0000,0.0000,0.0000,0.0000,0.0000,0.0000,0.0000,0.0000,0.0000,0.0000,0.0000,0.0000,0.0000,0.0000,0.0000,0.0000,0.0000,0.0000,0.0000,0.0000,0.0000,0.0000,0.0000,0.0000,0.0000,0.0000,0.0000,0.0000,0.0000,0.0000,0.0000,0.0000,0.0000,0.0000,0.0000,0.0000,0.0000,0.0000,0.0000,0.0000,0.0000,0.0000,0.0000,0.0000,0.0000,0.0000,0.0000,0.0000,0.0000,0.0000,0.0000,0.0000,0.0000,0.0000,0.0000,0.0000,0.0000,0.0000,0.0000,0.0000,0.0000,0.0000,0.0000,0.0000,0.0000,0.0000,0.0000,0.0000,0.0000,0.0000,0.0000,0.0000,0.0000,0.0000,0.0000,0.0000,0.0000,0.0000,0.0000,0.0000,0.0000,0.0000,0.0000,0.0000,0.0000,0.0000,0.0000,0.0000,0.0000,0.0000,0.0000,0.0000,0.0000,0.0000,0.0000,0.0000,0.0000
45130.0833333,0.0000,0.0000,0.0000,0.0000,0.0000,0.0000,0.0000,0.0000,0.0000,0.0000,0.0000,0.0000,0.0000,0.0000,0.0000,0.0000,0.0000,0.0000,0.0000,0.0000,0.0000,0.0000,0.0000,0.0000,0.0000,0.0000,0.0000,0.0000,0.0000,0.0000,0.0000,0.0000,0.0000,0.0000,0.0000,0.0000,0.0000,0.0000,0.0000,0.0000,0.0000,0.0000,0.0000,0.0000,0.0000,0.0000,0.0000,0.0000,0.0000,0.0000,0.0000,0.0000,0.0000,0.0000,0.0000,0.0000,0.0000,0.0000,0.0000,0.0000,0.0000,0.0000,0.0000,0.0000,0.0000,0.0000,0.0000,0.0000,0.0000,0.0000,0.0000,0.0000,0.0000,0.0000,0.0000,0.0000,0.0000,0.0000,0.0000,0.0000,0.0000,0.0000,0.0000,0.0000,0.0000,0.0000,0.0000,0.0000,0.0000,0.0000,0.0000,0.0000,0.0000,0.0000,0.0000,0.0000,0.0000,0.0000,0.0000,0.0000,0.0000,0.0000,0.0000,0.0000,0.0000,0.0000,0.0000,0.0000,0.0000,0.0000,0.0000,0.0000,0.0000,0.0000,0.0000,0.0000,0.0000,0.0000,0.0000,0.0000,0.0000,0.0000,0.0000,0.0000,0.0000,0.0000,0.0000,0.0000,0.0000,0.0000,0.0000,0.0000,0.0000,0.0000,0.0000,0.0000,0.0000,0.0000,0.0000,0.0000,0.0000,0.0000,0.0000,0.0000,0.0000,0.0000,0.0000,0.0000,0.0000,0.0000,0.0000,0.0000,0.0000,0.0000,0.0000,0.0000,0.0000,0.0000,0.0000,0.0000,0.0000,0.0000,0.0000,0.0000,0.0000,0.0000,0.0000,0.0000,0.0000,0.0000,0.0000,0.0000,0.0000,0.0000,0.0000,0.0000,0.0000,0.0000,0.0000,0.0000,0.0000,0.0000,0.0000,0.0000,0.0000,0.0000,0.0000,0.0000,0.0000,0.0000,0.0000,0.0000,0.0000,0.0000,0.0000,0.0000,0.0000,0.0000,0.0000,0.0000,0.0000,0.0000,0.0000,0.0000,0.0000,0.0000,0.0000,0.0000,0.0000,0.0000,0.0000,0.0000,0.0000,0.0000,0.0000,0.0000,0.0000,0.0000,0.0000,0.0000,0.0000,0.0000,0.0000,0.0000,0.0000,0.0000,0.0000,0.0000,0.0000,0.0000,0.0000,0.0000,0.0000,0.0000,0.0000,0.0000
45130.1250000,0.0000,0.0000,0.0000,0.0000,0.0000,0.0000,0.0000,0.0000,0.0000,0.0000,0.0000,0.0000,0.0000,0.0000,0.0000,0.0000,0.0000,0.0000,0.0000,0.0000,0.0000,0.0000,0.0000,0.0000,0.0000,0.0000,0.0000,0.0000,0.0000,0.0000,0.0000,0.0000,0.0000,0.0000,0.0000,0.0000,0.0000,0.0000,0.0000,0.0000,0.0000,0.0000,0.0000,0.0000,0.0000,0.0000,0.0000,0.0000,0.0000,0.0000,0.0000,0.0000,0.0000,0.0000,0.0000,0.0000,0.0000,0.0000,0.0000,0.0000,0.0000,0.0000,0.0000,0.0000,0.0000,0.0000,0.0000,0.0000,0.0000,0.0000,0.0000,0.0000,0.0000,0.0000,0.0000,0.0000,0.0000,0.0000,0.0000,0.0000,0.0000,0.0000,0.0000,0.0000,0.0000,0.0000,0.0000,0.0000,0.0000,0.0000,0.0000,0.0000,0.0000,0.0000,0.0000,0.0000,0.0000,0.0000,0.0000,0.0000,0.0000,0.0000,0.0000,0.0000,0.0000,0.0000,0.0000,0.0000,0.0000,0.0000,0.0000,0.0000,0.0000,0.0000,0.0000,0.0000,0.0000,0.0000,0.0000,0.0000,0.0000,0.0000,0.0000,0.0000,0.0000,0.0000,0.0000,0.0000,0.0000,0.0000,0.0000,0.0000,0.0000,0.0000,0.0000,0.0000,0.0000,0.0000,0.0000,0.0000,0.0000,0.0000,0.0000,0.0000,0.0000,0.0000,0.0000,0.0000,0.0000,0.0000,0.0000,0.0000,0.0000,0.0000,0.0000,0.0000,0.0000,0.0000,0.0000,0.0000,0.0000,0.0000,0.0000,0.0000,0.0000,0.0000,0.0000,0.0000,0.0000,0.0000,0.0000,0.0000,0.0000,0.0000,0.0000,0.0000,0.0000,0.0000,0.0000,0.0000,0.0000,0.0000,0.0000,0.0000,0.0000,0.0000,0.0000,0.0000,0.0000,0.0000,0.0000,0.0000,0.0000,0.0000,0.0000,0.0000,0.0000,0.0000,0.0000,0.0000,0.0000,0.0000,0.0000,0.0000,0.0000,0.0000,0.0000,0.0000,0.0000,0.0000,0.0000,0.0000,0.0000,0.0000,0.0000,0.0000,0.0000,0.0000,0.0000,0.0000,0.0000,0.0000,0.0000,0.0000,0.0000,0.0000,0.0000,0.0000,0.0000,0.0000,0.0000,0.0000,0.0000,0.0000,0.0000,0.0000
45130.1666667,0.0000,0.0000,0.0000,0.0000,0.0000,0.0000,0.0000,0.0000,0.0000,0.0000,0.0000,0.0000,0.0000,0.0000,0.0000,0.0000,0.0000,0.0000,0.0000,0.0000,0.0000,0.0000,0.0000,0.0000,0.0000,0.0000,0.0000,0.0000,0.0000,0.0000,0.0000,0.0000,0.0000,0.0000,0.0000,0.0000,0.0000,0.0000,0.0000,0.0000,0.0000,0.0000,0.0000,0.0000,0.0000,0.0000,0.0000,0.0000,0.0000,0.0000,0.0000,0.0000,0.0000,0.0000,0.0000,0.0000,0.0000,0.0000,0.0000,0.0000,0.0000,0.0000,0.0000,0.0000,0.0000,0.0000,0.0000,0.0000,0.0000,0.0000,0.0000,0.0000,0.0000,0.0000,0.0000,0.0000,0.0000,0.0000,0.0000,0.0000,0.0000,0.0000,0.0000,0.0000,0.0000,0.0000,0.0000,0.0000,0.0000,0.0000,0.0000,0.0000,0.0000,0.0000,0.0000,0.0000,0.0000,0.0000,0.0000,0.0000,0.0000,0.0000,0.0000,0.0000,0.0000,0.0000,0.0000,0.0000,0.0000,0.0000,0.0000,0.0000,0.0000,0.0000,0.0000,0.0000,0.0000,0.0000,0.0000,0.0000,0.0000,0.0000,0.0000,0.0000,0.0000,0.0000,0.0000,0.0000,0.0000,0.0000,0.0000,0.0000,0.0000,0.0000,0.0000,0.0000,0.0000,0.0000,0.0000,0.0000,0.0000,0.0000,0.0000,0.0000,0.0000,0.0000,0.0000,0.0000,0.0000,0.0000,0.0000,0.0000,0.0000,0.0000,0.0000,0.0000,0.0000,0.0000,0.0000,0.0000,0.0000,0.0000,0.0000,0.0000,0.0000,0.0000,0.0000,0.0000,0.0000,0.0000,0.0000,0.0000,0.0000,0.0000,0.0000,0.0000,0.0000,0.0000,0.0000,0.0000,0.0000,0.0000,0.0000,0.0000,0.0000,0.0000,0.0000,0.0000,0.0000,0.0000,0.0000,0.0000,0.0000,0.0000,0.0000,0.0000,0.0000,0.0000,0.0000,0.0000,0.0000,0.0000,0.0000,0.0000,0.0000,0.0000,0.0000,0.0000,0.0000,0.0000,0.0000,0.0000,0.0000,0.0000,0.0000,0.0000,0.0000,0.0000,0.0000,0.0000,0.0000,0.0000,0.0000,0.0000,0.0000,0.0000,0.0000,0.0000,0.0000,0.0000,0.0000,0.0000,0.0000,0.0000,0.0000,0.0000
45130.2083333,0.0000,0.0000,0.0000,0.0000,0.0000,0.0000,0.0000,0.0000,0.0000,0.0000,0.0000,0.0000,0.0000,0.0000,0.0000,0.0000,0.0000,0.0000,0.0000,0.0000,0.0000,0.0000,0.0000,0.0000,0.0000,0.0000,0.0000,0.0000,0.0000,0.0000,0.0000,0.0000,0.0000,0.0000,0.0000,0.0000,0.0000,0.0000,0.0000,0.0000,0.0000,0.0000,0.0000,0.0000,0.0000,0.0000,0.0000,0.0000,0.0000,0.0000,0.0000,0.0000,0.0000,0.0000,0.0000,0.0000,0.0000,0.0000,0.0000,0.0000,0.0000,0.0000,0.0000,0.0000,0.0000,0.0000,0.0000,0.0000,0.0000,0.0000,0.0000,0.0000,0.0000,0.0000,0.0000,0.0000,0.0000,0.0000,0.0000,0.0000,0.0000,0.0000,0.0000,0.0000,0.0000,0.0000,0.0000,0.0000,0.0000,0.0000,0.0000,0.0000,0.0000,0.0000,0.0000,0.0000,0.0000,0.0000,0.0000,0.0000,0.0000,0.0000,0.0000,0.0000,0.0000,0.0000,0.0000,0.0000,0.0000,0.0000,0.0000,0.0000,0.0000,0.0000,0.0000,0.0000,0.0000,0.0000,0.0000,0.0000,0.0000,0.0000,0.0000,0.0000,0.0000,0.0000,0.0000,0.0000,0.0000,0.0000,0.0000,0.0000,0.0000,0.0000,0.0000,0.0000,0.0000,0.0000,0.0000,0.0000,0.0000,0.0000,0.0000,0.0000,0.0000,0.0000,0.0000,0.0000,0.0000,0.0000,0.0000,0.0000,0.0000,0.0000,0.0000,0.0000,0.0000,0.0000,0.0000,0.0000,0.0000,0.0000,0.0000,0.0000,0.0000,0.0000,0.0000,0.0000,0.0000,0.0000,0.0000,0.0000,0.0000,0.0000,0.0000,0.0000,0.0000,0.0000,0.0000,0.0000,0.0000,0.0000,0.0000,0.0000,0.0000,0.0000,0.0000,0.0000,0.0000,0.0000,0.0000,0.0000,0.0000,0.0000,0.0000,0.0000,0.0000,0.0000,0.0000,0.0000,0.0000,0.0000,0.0000,0.0000,0.0000,0.0000,0.0000,0.0000,0.0000,0.0000,0.0000,0.0000,0.0000,0.0000,0.0000,0.0000,0.0000,0.0000,0.0000,0.0000,0.0000,0.0000,0.0000,0.0000,0.0000,0.0000,0.0000,0.0000,0.0000,0.0000,0.0000,0.0000,0.0000,0.0000,0.0000,0.0000
45130.2500000,0.2024,0.4622,0.6180,0.5883,1.0173,0.7894,0.7094,0.3556,0.6978,0.7244,0.6546,0.5907,0.3907,0.5631,0.5124,0.5282,0.6798,0.6276,0.4580,0.3246,0.7381,0.3087,0.2972,0.4830,0.5104,1.0438,0.4882,0.1840,0.6098,0.2030,0.3902,0.2579,0.3346,0.5184,0.5050,0.4352,0.6825,0.7011,0.2498,0.9189,0.8039,0.8464,0.4886,0.6532,1.3714,0.6824,0.5320,0.5870,0.3306,0.4496,0.6868,0.6393,0.7273,0.7844,0.3068,0.3037,0.3670,0.5648,1.0024,0.7727,0.8092,0.6146,0.2706,0.2438,0.3768,0.3286,0.5382,0.5194,-0.1623,0.1074,0.4782,0.4615,0.3828,0.1169,0.5074,0.6720,0.5486,0.6433,0.4492,0.7077,1.4972,1.3161,0.9513,0.7574,0.6008,0.6262,0.9686,0.7271,0.8434,0.7305,0.7953,1.0011,1.1172,0.8246,0.4166,0.5479,0.6582,0.9927,0.7804,0.6657,0.7338,0.8556,0.6314,0.6680,0.9750,1.2443,1.0291,0.9733,0.4880,0.9107,0.5472,0.2460,0.6820,0.5740,0.6758,0.5773,0.4391,0.7656,0.6247,0.6441,0.1429,0.6166,0.3507,0.5799,0.4793,0.6283,0.6634,0.9055,0.5553,0.2048,0.3705,0.3346,0.3741,0.4408,0.6378,0.4419,0.4435,0.6413,0.4608,0.3848,0.2481,0.5779,0.4086,0.4685,0.6387,0.1713,0.2767,0.8103,0.5227,0.3956,0.3745,0.1410,0.2490,0.1700,0.3835,0.7406,0.8508,0.7913,0.7311,0.4432,1.0983,0.8245,0.8325,1.0364,1.2272,0.7711,0.9274,0.5777,0.5229,0.4644,0.1251,0.2814,0.3093,0.5992,0.5853,0.7853,0.5450,0.5946,0.4969,1.1453,0.9430,0.7089,0.6302,0.7889,0.6259,0.8247,0.7551,0.7611,0.7671,0.7730,0.7790,0.7825,0.7885,0.7946,0.8007,0.8069,0.8131,0.8194,0.8259,0.8324,0.8391,0.8459,0.8528,0.8598,0.8670,0.8743,0.8817,0.8893,0.8970,0.9049,0.9129,0.9210,0.9294,0.9378,0.9465,0.9553,0.9643,0.9734,0.9827,0.9922,1.0018,1.0116,1.0215,1.0316,1.0419,1.0523,1.0629,1.0735,1.0844,1.0953,1.1063,1.1175,1.1287,1.1399,1.1430,1.1546
45130.2916667,0.8468,1.9338,2.5855,2.4614,4.2568,3.3033,2.9687,1.4881,2.9203,3.0392,2.7474,2.4786,1.6450,2.3625,2.1443,2.2107,2.8573,2.6323,1.9168,1.3584,3.0893,1.2920,1.2440,2.0220,2.1745,4.4026,2.0479,0.7704,2.5683,0.8597,1.6382,1.0909,1.6490,2.3056,2.1151,1.8228,2.8766,2.9625,1.1251,3.8691,3.3674,3.5533,2.0471,2.7365,5.7460,2.8593,2.2290,2.4595,1.3850,1.8838,2.9243,2.7193,3.1533,3.3058,1.2854,1.2725,1.5379,2.3858,4.2144,3.2563,3.4364,2.5810,1.1334,1.0211,1.5781,1.3767,2.2543,2.1754,-0.6838,0.4467,2.0010,1.9504,1.6276,0.4869,2.1553,2.8334,2.3117,2.7179,1.9325,2.9667,6.3187,5.5476,4.0128,3.5969,2.5195,2.6258,4.0623,3.0494,3.5373,3.0635,3.3359,4.1991,4.6870,3.4594,1.7472,2.2987,2.7618,4.1661,3.2751,2.7936,3.0794,3.5907,2.6502,2.9090,4.1439,6.1327,4.6108,4.8976,2.3146,4.4196,2.5571,1.0368,2.8941,2.4098,2.8769,2.5155,1.8519,3.2248,2.6401,2.7199,0.6000,2.6722,1.4786,2.4353,2.0133,2.7124,2.7981,3.8210,2.3325,0.8619,1.5649,1.4234,1.6326,2.3889,2.7016,1.9225,1.8638,2.9650,2.3754,1.6163,1.0422,2.4517,1.7167,1.9685,2.6835,0.7197,1.1625,3.4051,2.2155,1.6726,1.5827,0.5923,1.0470,0.7309,1.6261,3.1202,3.5935,3.3256,3.0724,1.8624,4.6158,3.4651,3.4988,4.3685,5.2667,3.2689,3.9428,2.4559,2.2271,2.0827,0.5254,1.3528,1.3011,2.5437,2.4681,3.5577,2.3088,2.5106,2.0984,4.8357,3.9819,2.9851,2.6687,3.3358,2.6366,3.4726,3.1792,3.2046,3.2295,3.2508,3.2765,3.2915,3.3170,3.3430,3.3694,3.3959,3.4229,3.4498,3.4777,3.5061,3.5351,3.5647,3.5950,3.6260,3.6576,3.6806,3.7241,3.7582,3.7932,3.8291,3.8660,3.9039,3.9429,4.0464,4.0828,4.0604,4.1034,4.1478,4.1935,4.2407,4.2895,4.3399,4.3339,4.4579,4.5156,4.5756,4.6381,4.7033,4.7715,4.8429,4.9177,4.9964,5.4232,5.4706,5.4834,5.5323
45130.3333333,2.1242,4.8510,6.6447,6.1750,10.6799,8.5547,7.4487,3.7338,7.9352,7.9048,7.1267,6.4683,4.2761,6.0852,5.3803,5.6649,13.9405,6.8247,6.1167,3.4764,7.7520,3.3631,3.1217,7.1485,6.2921,11.0826,5.3230,1.9338,6.8862,2.4925,4.8888,3.3775,10.2257,8.9794,5.9505,4.5757,7.5057,8.9880,3.3824,10.4292,8.4540,9.2190,5.1396,6.8707,15.2117,7.1795,5.5969,6.1756,3.4775,5.5503,9.0208,8.3449,14.9226,9.0452,3.3783,4.3403,4.7493,6.6857,11.3693,8.4561,10.8043,6.7521,2.8461,2.5639,6.8830,3.4578,12.0864,6.6109,-2.9343,1.1171,5.4981,5.2604,5.0866,1.2193,5.7140,7.8810,5.9052,7.0549,5.1666,8.4372,16.4383,15.1862,10.4106,11.3908,6.3261,7.1518,10.2000,7.6558,8.8820,7.6905,8.3762,10.5447,13.3645,11.1355,4.7801,5.9870,7.1704,10.9737,8.4428,9.0720,7.8088,10.2835,6.9078,14.2975,12.3684,22.6866,18.8388,18.8370,8.1637,15.9896,8.7267,2.9756,7.9392,6.1875,8.6055,12.4643,4.7549,8.1199,7.2032,7.2519,1.5158,12.2966,3.7441,6.6556,5.2878,7.3298,7.5640,10.1521,6.4474,2.2302,4.2470,4.2911,8.2898,10.4339,6.8774,5.3053,4.7659,9.2882,9.6502,4.2700,2.6209,6.3172,4.3807,5.1021,7.0343,1.8100,3.2021,8.9100,5.8115,4.7924,3.9955,1.4926,2.6563,1.9362,4.3988,8.0772,9.8167,8.4542,8.3031,4.8073,22.0686,9.2196,10.5447,11.0268,15.6145,9.1998,10.1715,7.8319,6.0487,8.6254,1.3477,5.0180,3.3571,7.6698,6.6262,15.3090,5.9180,6.8458,5.4283,12.9792,10.8570,7.7396,6.6974,8.4714,6.6291,9.0259,8.2721,8.3544,8.4369,8.5209,9.2281,8.6563,8.7434,8.8329,8.9250,9.0190,9.1156,9.2151,9.3178,9.4238,9.5334,9.6465,9.7636,9.8847,10.0101,10.1401,10.2747,10.4559,10.6045,10.7589,10.9195,11.0864,11.2602,11.4410,11.6294,11.8256,12.0301,12.2432,12.4655,12.6974,12.9394,13.1919,13.4556,13.7310,14.0186,18.3445,18.4562,18.5693,18.6837,18.7994,18.9162,19.0340,19.1527,19.2721,19.3045,19.4275
45130.3750000,2.7678,6.3212,9.2140,8.0472,24.8358,13.9542,9.7085,10.4603,16.8265,12.9041,11.5239,10.6388,7.0066,9.8217,7.7467,8.4331,33.3775,10.8418,24.0839,5.6166,20.3190,5.4406,4.0697,13.0787,9.1064,23.8379,9.0177,2.5217,13.9388,8.5801,8.0650,14.1060,28.3524,30.3363,33.5548,28.1298,14.6334,12.6841,5.6181,21.4012,11.6291,14.6383,6.7045,10.0262,22.6610,15.7880,9.3682,8.0568,5.7878,7.7006,37.9522,33.8203,35.6347,19.2391,5.7557,21.0491,6.0988,15.8736,21.8304,13.6520,39.5891,11.1239,3.7135,3.3454,14.6979,4.5132,30.2167,28.9776,-15.4255,1.4982,11.9602,7.2775,19.3638,1.7136,12.7356,17.7633,9.0825,18.9482,7.7674,13.3260,35.9529,31.1270,16.6682,43.0312,8.2571,10.0850,14.0039,9.9909,11.5920,37.8993,21.8639,21.2873,28.8243,43.9407,10.3635,9.3634,11.4212,18.2357,13.3616,36.3201,10.9599,43.0623,11.0574,34.7828,44.8604,50.4540,42.2088,43.4061,18.1296,35.2272,18.7426,10.1308,11.1284,9.4932,34.0915,30.6123,7.3367,12.9984,15.8318,14.3035,2.0155,29.2078,5.1333,13.7188,8.2324,10.7389,15.1037,20.8400,13.8509,3.5967,9.0119,17.1217,21.0197,26.7619,14.3175,7.9398,7.1238,30.7553,23.7044,5.8709,3.8958,10.6542,10.6472,7.9888,12.7356,2.6518,7.0377,17.2313,14.3102,6.7155,8.8203,2.0282,3.5140,4.4549,6.1068,12.7707,20.3693,11.1284,16.7761,7.4064,51.5392,16.3415,24.9187,15.6439,24.0536,25.5069,17.5256,30.1231,23.5888,20.1975,2.1431,12.0645,4.9911,25.3984,12.8863,35.6622,10.0171,14.2689,8.6215,25.1178,22.5802,12.2228,9.3540,12.6390,9.9142,14.2699,13.1050,13.3031,13.5471,13.7582,13.9760,14.1647,14.3940,14.6309,14.8758,15.1279,15.3884,15.6580,15.9371,16.2259,16.5251,16.8349,17.1559,17.4886,17.8333,18.1907,18.5613,18.9456,19.3441,19.7575,20.1864,20.6313,21.0930,21.5721,22.0694,22.5855,23.1212,38.9563,39.0843,39.2146,39.3472,39.4821,39.6192,39.7586,39.9001,40.0436,40.1891,40.3365,40.4857,40.6365,40.7889,40.9426,41.0975,41.2534,41.2955,41.4562
45130.4166667,2.7815,6.3529,12.1530,14.2146,96.1584,20.3964,19.5384,9.0222,60.5500,18.6409,17.1337,15.8310,10.3379,14.5651,7.8903,13.0342,52.9033,15.4034,39.1223,5.4324,17.7259,10.6820,5.5890,13.9351,13.7346,75.4182,14.0618,10.8567,50.8708,12.2284,44.0228,20.0759,47.6398,49.2555,54.9043,46.2800,60.5556,21.7426,7.0042,68.4851,24.8744,19.8589,6.7438,10.3297,95.7423,49.6142,13.5604,13.1245,8.3344,16.3689,60.6772,54.0527,56.3080,64.0146,7.8800,32.5020,8.4493,61.4348,76.0135,19.4214,62.2951,16.2514,5.5631,5.7370,22.8418,4.5416,48.8609,46.9196,-22.5955,2.2096,39.5552,7.4618,28.5613,2.3334,11.1344,60.1613,13.0791,71.9631,8.7555,22.7342,111.8676,95.8802,23.5275,68.6960,8.3113,10.3992,15.6608,10.3545,29.8166,60.1470,74.2070,83.7360,85.3676,69.5815,40.9122,13.2804,16.3552,26.7756,18.6652,58.0455,17.8229,67.7541,15.6919,55.3888,69.6789,76.6427,64.5970,67.1957,28.5668,53.7708,29.0369,17.2058,13.1252,12.9171,54.1189,49.1123,8.7894,18.1923,56.0515,52.6569,2.8703,46.3247,7.7502,42.8366,7.8135,49.4975,44.8202,62.1941,44.6534,5.5715,33.0180,28.3627,34.6659,43.8682,60.8809,9.7346,9.5177,48.7617,38.4285,33.4516,5.2224,44.7787,36.2775,10.9861,50.3557,2.6212,25.2201,69.9344,52.1709,9.6678,35.6129,2.3796,4.6875,13.3806,7.9886,17.9345,62.9226,14.4919,60.5472,10.3405,79.9541,68.4877,67.3834,17.5487,53.3709,33.6279,30.3601,48.2997,37.6237,32.3771,4.5476,20.2123,6.7604,39.9848,37.4593,55.7781,11.3571,45.4947,12.1280,79.6535,68.4579,16.9707,55.3255,16.6838,13.2169,19.8786,18.2955,18.6481,19.0087,19.3791,19.7606,20.1171,20.5189,20.9329,21.3596,21.7983,22.2503,22.7163,23.1969,23.6925,24.2037,24.7309,25.2749,25.8361,26.4151,27.0125,58.3274,58.4312,58.5369,58.6447,58.7546,58.8666,58.9809,59.0973,59.2161,59.3371,59.4604,59.5861,59.7140,59.8443,59.9769,60.1117,60.2488,60.3881,60.5296,60.6731,60.8186,60.9661,61.1152,61.2661,61.4185,61.5722,61.7271,61.8831,61.9244,62.0852
45130.4583333,2.6267,7.9882,23.7131,100.4047,126.8140,27.8029,26.8509,7.6802,80.4695,86.1841,84.9998,21.6421,49.4734,69.0055,70.9306,17.5701,70.2339,20.4842,15.6109,6.6832,86.1045,21.6803,8.5562,10.1180,19.1443,98.6283,74.2701,14.6244,67.8777,8.1783,32.1818,9.1308,20.9132,25.8287,73.9183,62.6508,80.5625,79.1754,10.4901,89.9551,91.8574,25.9921,6.3733,11.7431,124.2633,65.7698,18.3141,29.4785,11.7914,9.7521,22.6854,72.0127,74.5675,25.1470,9.1579,22.9076,12.7499,82.4121,99.6639,84.3254,82.2032,22.0660,5.9946,7.6081,9.9934,15.6698,65.5641,63.0455,-4.7908,3.2176,16.1490,9.4121,13.3169,10.9279,22.3446,80.0940,63.9045,96.2096,17.1337,23.4577,145.3628,124.7649,103.8544,26.3381,7.8605,16.1890,102.3500,27.5452,102.3340,79.7394,98.3836,110.1094,111.6612,91.9606,14.8801,17.4669,21.9291,36.2752,24.5200,22.7762,75.0801,89.3033,68.0548,73.6405,91.2327,99.1291,84.0514,87.8778,38.3739,70.0666,38.6638,7.3655,74.5776,17.3737,71.8489,65.6327,12.2383,79.2092,74.7461,70.0450,3.8308,61.6346,43.9297,57.1245,30.5024,65.8612,59.3392,81.4696,59.7281,12.7949,45.0395,17.6833,7.1553,12.6225,11.1455,54.6703,52.5046,36.9483,14.8068,45.5668,39.2797,59.7973,49.2585,48.4024,67.0002,5.5208,35.0536,92.5111,15.8013,13.5064,11.1658,4.0502,5.9149,6.7374,11.5764,86.2498,82.8019,88.7655,22.1362,44.8949,104.4369,90.4774,27.3435,46.9260,59.0899,98.7351,94.9077,64.5695,50.4410,43.6762,4.4350,28.2591,8.9829,53.2048,49.8686,73.5133,14.5256,60.6840,16.1933,103.7693,27.6576,22.3472,20.2411,91.6002,21.7283,82.9551,74.7975,74.8746,74.9504,75.0264,75.1034,75.1471,75.2235,75.3010,75.3798,75.4587,75.5387,75.6200,75.7027,75.7868,75.8724,75.9595,76.0483,76.1387,76.2308,76.3246,76.4203,76.5178,76.6172,76.7186,76.8219,76.9273,77.0348,77.1443,77.2560,77.3699,77.4859,77.6041,77.7244,77.8470,77.9717,78.0986,78.2276,78.3586,78.4917,78.6267,78.7636,78.9022,79.0426,79.1844,79.3277,79.4723,79.6179,79.7645,79.8026,79.9538
45130.5000000,2.4314,18.6380,100.1904,119.0752,148.9446,119.0634,112.6538,15.9530,95.0642,101.7514,100.5826,88.2841,59.3438,81.9243,84.3787,75.6862,82.9865,79.1845,63.1178,50.4749,101.6106,15.4025,10.5606,18.0231,80.4613,115.4287,88.4211,6.1494,80.4284,10.2390,71.6532,13.8931,37.6051,78.7564,87.9468,74.8202,95.2259,93.5175,13.5976,105.5646,108.2100,104.6301,10.2290,12.9846,144.7203,77.6816,73.0084,90.6955,51.1290,9.8087,95.3767,85.2318,87.9636,99.7474,11.3264,16.7118,14.8364,97.8184,116.7961,99.3833,96.7428,87.6857,12.0642,9.7238,12.1484,29.5105,77.9280,75.0048,-29.6041,13.4831,63.6190,18.5375,16.9343,14.5599,19.7570,94.7106,75.9279,113.9206,21.5811,28.9855,169.3234,145.5076,121.9439,107.5334,13.2160,21.6126,120.1003,31.8488,120.5055,94.0903,115.9827,129.1920,130.6383,108.2642,66.3909,84.8818,92.8543,146.9738,105.0100,91.3511,88.5478,105.0032,80.5611,87.0614,106.8840,115.3339,98.1806,102.9074,45.8378,81.9878,45.9722,30.0239,88.1064,75.2495,84.8878,77.8481,14.7467,93.3077,88.4916,82.8472,4.8028,72.9587,52.8600,67.7285,93.3270,77.9208,70.0610,95.4851,70.8872,36.3267,54.0912,46.9873,12.9786,16.4101,96.0997,65.2739,62.7004,76.6347,61.8862,54.6765,47.6873,70.9029,58.9810,57.7629,79.2468,6.9836,42.5894,108.9298,19.2733,16.7748,13.6123,19.9085,31.1833,8.6901,14.1412,101.7569,97.2920,104.5697,94.6942,53.7180,122.1150,106.4903,104.6385,117.9289,148.8800,116.4697,111.3965,76.6012,60.0292,52.2044,19.0095,34.5409,45.6880,63.0491,59.1393,86.5056,17.2458,71.9375,64.3930,121.1687,105.2549,88.9559,87.3503,107.9493,96.3654,97.5720,88.1326,88.2036,88.2734,88.3434,88.4144,88.4543,88.5247,88.5962,88.6687,88.7415,88.8152,88.8901,88.9663,89.0439,89.1228,89.2032,89.2850,89.3684,89.4534,89.5399,89.6282,89.7182,89.8099,89.9035,89.9989,90.0962,90.1954,90.2965,90.3996,90.5047,90.6118,90.7210,90.8321,90.9453,91.0605,91.1777,91.2968,91.4179,91.5408,91.6655,91.7919,91.9200,92.0496,92.1806,92.3130,92.4465,92.5810,92.7165,92.7512,92.8908
45130.5416667,12.5723,119.3039,106.5927,126.6815,157.9330,126.4485,119.7290,78.2907,101.0610,108.1339,106.9691,93.9779,63.4619,87.2539,89.9161,80.6670,88.2539,84.2733,67.3961,54.1154,107.9693,35.9847,63.2181,18.7171,85.7579,122.3089,21.3723,3.5573,85.6137,11.4656,17.4173,5.3971,17.6699,83.9384,93.7137,79.8494,101.2495,99.4146,15.1483,111.9698,114.9057,111.0569,23.1584,26.6051,153.0574,82.6164,77.8186,96.5428,54.8031,19.8286,101.4049,90.6826,93.4871,105.9394,12.3739,16.4840,16.2277,22.8638,123.8064,105.5658,102.7212,93.3162,17.2010,11.6763,14.0309,85.6496,83.0373,79.9534,-30.3972,15.0676,67.9074,89.7201,86.6608,16.2011,21.6040,100.7154,80.9027,28.0057,23.5786,29.5306,179.0509,153.9562,129.3315,114.2400,19.8554,98.5651,127.3543,111.9884,127.9225,99.9919,123.1718,136.9743,138.3825,114.9416,70.9182,90.4122,98.7579,155.8687,111.5335,97.1530,94.1006,111.4430,85.7302,92.5935,113.3082,121.9854,104.0043,109.0856,49.0075,86.9342,49.0820,32.4740,93.6815,80.1447,90.2685,82.8998,15.9510,99.1097,22.4428,88.1319,21.2494,77.6561,56.6010,72.1378,22.7152,82.9034,74.5120,101.2446,75.5035,39.1805,13.7887,50.3557,14.0685,17.8424,102.1789,69.6517,16.2571,81.4922,66.0257,58.4510,51.1786,75.4698,62.9944,61.6335,84.2649,34.5518,45.7311,115.6046,20.9454,18.5150,62.2967,21.7980,33.6582,9.6243,15.3561,108.0804,103.2175,111.0145,100.5949,57.3932,129.3163,113.0262,111.0522,124.9436,157.6070,123.6893,118.1287,81.5601,64.0221,55.7783,20.8978,37.2241,49.0346,67.1545,63.0182,91.8637,73.0036,76.6023,68.6975,128.2828,111.6045,94.5522,92.9341,114.6374,102.5144,103.5757,93.6269,93.6957,93.7634,93.8312,93.9000,93.9386,94.0068,94.0760,94.1463,94.2168,94.2882,94.3607,94.4346,94.5097,94.5862,94.6641,94.7434,94.8242,94.9066,94.9905,95.0761,95.1633,95.2523,95.3430,95.4355,95.5298,95.6260,95.7241,95.8241,95.9261,96.0300,96.1359,96.2438,96.3536,96.4653,96.5790,96.6946,96.8121,96.9314,97.0524,97.1751,97.2994,97.4252,97.5524,97.6809,97.8104,97.9410,98.0724,98.1060,98.2416
45130.5833333,9.8372,89.7049,82.2022,21.5379,122.9843,98.1471,92.5273,15.8912,79.0602,84.3884,82.8447,72.9031,49.0430,67.8137,69.2004,62.7484,69.7185,66.3402,52.5427,41.6858,84.4108,14.5701,11.7314,66.2616,17.9863,97.7827,12.7875,3.8445,38.8694,10.0661,16.1073,11.6482,15.6985,30.8602,33.5944,61.2156,79.0396,77.9184,13.0676,89.1178,90.0437,87.7251,39.8675,86.7646,123.1155,65.7177,60.7517,74.7007,42.2392,69.8113,79.1955,71.0447,73.9482,83.4337,11.0745,15.1941,14.5026,14.2338,98.4336,83.0459,81.3842,72.6730,14.3712,11.1858,9.1363,25.9900,19.5259,62.1434,-23.7219,11.5359,53.0994,17.3649,14.7603,12.4400,72.3615,78.5341,63.1074,25.5748,20.9828,120.3325,142.9669,123.1750,101.8447,89.0758,93.1137,76.5289,100.6079,87.1567,99.7365,78.6121,95.8491,107.8180,110.0100,90.2629,15.2954,69.9009,76.9935,121.2425,87.3752,75.9217,74.4332,88.0772,67.4113,72.6922,90.6377,99.5929,84.5373,87.6019,39.6860,71.1217,40.3423,25.3956,73.6120,62.8307,71.1082,64.8336,53.1409,78.3474,22.0471,21.8699,16.3173,61.4841,43.7156,57.1630,75.6535,65.3539,59.7100,81.2973,59.3140,14.9755,44.8120,11.9649,9.3350,15.5135,79.2226,53.9635,52.0205,64.4622,51.5586,45.3644,38.7680,19.2919,14.8225,48.4884,66.4077,5.2412,8.2118,90.5663,19.8886,16.9039,14.1193,16.6538,26.2364,15.9523,50.7848,84.4720,82.1230,87.0890,79.0265,45.1965,103.3190,44.5013,87.5454,99.5630,124.8671,95.9519,93.5774,20.1354,50.7616,44.2719,15.8664,29.1415,37.8732,53.7948,50.6973,73.3662,57.4246,60.5061,53.8560,103.0892,89.0952,74.5099,72.5477,89.6868,79.3521,82.1470,74.3230,74.4341,74.5434,74.6529,74.7639,74.8275,74.9376,75.0492,75.1626,75.2762,75.3913,75.5082,75.6271,75.7480,75.8711,75.9963,76.1237,76.2536,76.3858,76.5205,76.6578,76.7977,76.9402,77.0856,77.2338,77.3849,77.5389,77.6959,77.8559,78.0189,78.1851,78.3543,78.5267,78.7021,78.8806,79.0622,79.2468,79.4343,79.6247,79.8178,80.0136,80.2119,80.4125,80.6154,80.8202,81.0269,81.2351,81.4447,81.5000,81.7161
45130.6250000,8.5393,22.9854,22.6447,18.1092,135.9757,29.9817,102.4830,14.0173,25.1544,27.5185,26.6822,23.5579,15.6443,21.8365,18.2771,20.3584,75.4308,71.8925,57.0154,13.0080,92.4718,12.8963,9.9929,73.2158,15.0525,105.5030,14.4293,2.2918,12.3619,5.7133,13.8495,8.3723,13.9398,24.9082,27.4043,26.7846,24.4968,24.7691,11.7886,29.8865,98.5771,26.8683,49.0238,96.1252,132.6537,70.6062,66.1293,82.3120,45.9135,31.1820,86.7212,77.4156,80.0327,90.8443,9.2052,7.8772,8.4891,11.3986,106.6871,90.4955,88.1456,23.8112,12.9440,9.6820,8.9802,12.8198,16.5461,67.9274,-28.3113,3.5320,16.1309,14.7401,12.5234,3.7698,21.4473,20.6017,68.8088,22.1606,18.6775,135.8445,155.2338,133.2855,32.8165,28.8948,104.2646,24.3031,109.6419,95.8859,109.8252,85.6115,105.6367,117.9660,119.4546,98.6534,12.9297,18.8102,23.2410,38.5208,27.6506,83.0211,25.1799,95.7297,73.1492,30.2274,97.6201,105.7113,89.7769,93.9969,41.3250,74.8580,41.5316,26.5663,23.8553,19.6634,77.1447,16.8484,16.2674,84.9402,18.5731,18.2610,4.3616,66.1887,10.7983,18.3101,84.5202,70.7106,63.6013,87.0999,64.1854,8.0555,8.0683,20.2483,6.5289,12.9482,87.2381,58.8809,56.5346,69.5056,15.8908,12.2267,19.3266,16.0144,12.5063,52.0445,71.8525,4.0985,6.4436,99.1221,17.0299,14.7818,12.0022,17.0818,27.5050,19.5012,15.8652,26.0034,88.5805,95.1184,86.0454,14.9458,111.5536,35.8442,95.2575,107.6588,136.1179,105.9396,101.5539,16.8979,54.2002,15.0040,16.2750,9.6286,40.8534,57.0914,53.5169,78.7282,61.9812,20.4176,17.3432,110.8248,96.0394,80.8563,21.5532,29.1362,23.4315,88.8762,80.1814,80.2562,80.3298,80.4035,80.4782,80.5210,80.5950,80.6701,80.7463,80.8227,80.9001,80.9786,81.0585,81.1397,81.2223,81.3064,81.3920,81.4791,81.5678,81.6581,81.7502,81.8439,81.9395,82.0370,82.1363,82.2375,82.3406,82.4458,82.5530,82.6622,82.7734,82.8868,83.0022,83.1196,83.2392,83.3607,83.4843,83.6098,83.7372,83.8665,83.9976,84.1303,84.2646,84.4004,84.5375,84.6758,84.8152,84.9554,84.9918,85.1364
45130.6666667,2.8324,9.1801,17.2397,14.0379,21.1590,22.6830,21.8480,8.0616,66.1948,20.9760,16.3611,17.8163,11.3896,16.5814,13.9189,15.4648,18.2689,17.1449,12.7817,6.1161,13.2022,5.9878,7.5394,12.3019,7.2521,82.0921,8.3873,2.5823,12.2981,3.5530,17.2326,7.7019,9.1728,18.2193,24.3514,15.4521,66.2166,65.1605,17.0841,23.7646,18.0696,21.3420,16.5527,20.6961,103.9725,54.2549,15.1962,62.5726,9.2628,15.2297,18.0674,59.1519,61.5265,20.8604,16.4101,8.6042,9.7984,13.5778,82.7854,21.5550,21.7117,18.1404,17.0584,14.0944,51.5312,15.0162,53.5809,51.4780,-6.1299,2.5036,10.1886,57.3654,9.5183,2.7130,15.9198,65.7947,15.5216,16.3274,34.9629,103.2267,121.4678,104.1762,25.7144,21.7418,79.0707,18.4761,84.8310,73.3906,84.3782,20.3132,19.5853,91.2184,92.8805,75.9226,10.0744,14.3643,17.9599,29.4721,21.6154,18.7450,19.7016,73.8790,17.2399,60.5591,75.8615,83.1919,70.2427,73.1404,31.4033,58.5110,31.8367,6.0909,13.2527,14.9312,17.6596,20.6263,9.1904,20.3741,14.5743,11.7980,3.3144,50.6324,8.4214,46.8496,26.0006,54.0743,48.9154,67.6564,48.8430,6.1353,6.3215,31.2549,9.1104,10.8894,66.4949,44.3344,42.5849,53.2318,42.1221,36.7600,6.7072,48.9403,9.7854,39.3378,17.0151,2.4147,11.9966,76.2044,9.3961,7.2367,9.2622,5.2306,6.2865,10.3981,41.5948,70.8943,68.4925,15.0238,19.1780,36.4142,86.8636,74.6170,73.4038,83.6532,105.8657,19.0543,78.5651,17.3762,41.1901,35.5158,2.8604,22.4173,9.0980,43.7109,40.9672,60.7915,47.1149,49.7509,13.4172,86.5276,74.4992,62.0237,60.4709,75.4396,18.7115,68.5769,61.7371,61.8218,61.9051,61.9887,62.0733,62.1221,62.2061,62.2914,62.3779,62.4647,62.5525,62.6418,62.7326,62.8249,62.9188,63.0144,63.1117,63.2107,63.3116,63.4143,63.5190,63.6256,63.7343,63.8451,63.9580,64.0730,64.1903,64.3098,64.4316,64.5556,64.6820,64.8107,64.9417,65.0750,65.2107,65.3486,65.4888,65.6312,65.7757,65.9222,66.0708,66.2212,66.3734,66.5273,66.6826,66.8392,66.9971,67.1559,67.1979,67.3616
45130.7083333,3.0950,7.3764,10.6451,8.9974,16.7614,14.4490,13.3223,6.3628,18.0013,13.3282,11.3763,11.0109,7.1553,10.4014,12.7318,9.7355,12.2021,11.3186,8.2852,4.9889,11.7178,5.1390,5.1389,7.6841,7.8142,36.7027,9.0600,2.8177,10.0376,3.9760,6.8235,5.1639,6.5832,9.1533,10.4317,7.6210,15.6736,27.5963,8.6390,16.3250,13.5684,14.7391,9.4440,12.4086,47.2286,14.6843,9.7325,25.5347,5.4086,8.7090,12.1613,14.1924,26.7246,12.6139,5.2892,7.1935,8.1320,10.4142,19.2489,14.0685,14.5510,11.3864,6.3363,7.9151,7.4268,8.6196,22.1374,13.5731,-3.4262,1.7515,8.0259,10.1251,6.3780,1.9117,9.5439,13.2566,9.9814,12.0118,9.6453,39.7729,31.9244,28.1657,17.1209,13.8880,30.9214,11.5778,36.7443,30.4820,19.6934,13.2674,13.7881,39.1308,24.2699,16.2441,7.1581,9.6689,11.8300,18.4584,14.1441,12.1206,13.1786,32.0308,11.3894,16.5186,15.7815,39.2243,32.7638,33.0822,14.5208,27.7421,15.3002,4.2341,11.3434,10.1578,12.0063,13.5721,6.8645,12.3431,9.9990,10.7239,2.3914,22.0439,6.0024,20.4414,14.2964,23.2681,22.0053,30.6027,20.8100,3.6586,5.8039,12.8139,8.1852,8.0682,27.3253,18.1431,17.6036,23.1409,17.6442,8.2857,5.1569,9.8212,7.0036,16.8407,11.4333,2.6221,4.2531,15.4559,9.8017,6.6817,6.4730,3.0717,4.3170,3.4301,16.6363,15.2365,14.3161,12.2749,11.5964,15.6342,38.8135,16.5982,20.8701,37.1187,46.2635,13.0410,34.3141,14.2471,18.0193,15.5761,2.7669,9.4193,5.6763,13.7002,18.6220,27.1065,20.1413,21.5194,8.9098,39.2108,33.1821,26.6675,25.3178,31.8064,11.6379,30.0112,27.0774,27.1696,27.2603,27.3513,27.4435,27.4968,27.5883,27.6812,27.7754,27.8699,27.9657,28.0630,28.1619,28.2625,28.3649,28.4691,28.5752,28.6832,28.7932,28.9052,29.0194,29.1358,29.2544,29.3753,29.4985,29.6241,29.7521,29.8826,30.0155,30.1510,30.2890,30.4296,30.5727,30.7184,30.8666,31.0173,31.1705,31.3261,31.4840,31.6443,31.8066,31.9711,32.1375,32.3056,32.4755,32.6468,32.8193,32.9930,33.0400,33.2190
45130.7500000,2.4491,6.2376,7.5872,7.1199,12.3429,10.3410,9.4318,5.2048,9.1281,9.5523,8.5386,7.8118,4.7300,7.4242,6.7876,6.9619,8.8342,8.1288,5.7953,4.0786,9.7120,4.0677,3.5997,5.8731,6.1841,14.4481,5.9163,2.2300,7.6134,3.2422,6.1945,3.1258,5.4263,7.8943,9.6102,6.2469,8.4397,20.9068,3.5734,11.9091,9.7496,10.8189,6.6048,8.6544,36.2751,9.3884,6.9879,9.0510,4.2890,6.1045,8.8439,8.9474,20.2399,10.0415,3.7227,5.9645,5.4340,8.5306,13.2903,10.1439,10.5592,8.1321,4.2119,2.9571,5.3476,3.9884,16.6398,12.0451,-2.3501,1.2887,5.8449,5.6987,4.6999,1.4174,6.1467,8.1423,6.6418,9.8674,6.1111,13.0530,20.6692,18.2233,12.3089,9.9898,13.1240,8.1746,14.1527,10.9073,16.2359,9.5722,11.7236,16.1088,14.9528,10.0065,5.1888,8.1107,8.5312,13.1174,10.2810,8.7017,8.9988,24.3780,7.7671,14.8731,12.2726,30.0502,24.9945,25.2247,10.7373,21.0787,11.3567,3.1097,8.5922,7.4362,8.7671,10.8713,5.4100,9.8015,7.8537,8.4615,1.7691,7.9002,4.4013,8.0647,11.4820,8.5058,8.8142,23.2888,7.8949,2.8351,4.9526,4.1288,5.1824,7.1328,20.6780,13.5244,13.1079,17.4450,13.1443,5.3152,4.1567,8.0511,5.1597,12.5255,7.9310,2.0761,3.3583,9.8653,6.4555,5.8878,4.7530,1.8310,3.1748,2.2544,7.1407,9.6651,10.4121,10.1602,8.9567,6.3602,29.6901,11.2589,15.0665,14.9770,18.0310,10.0641,26.1626,9.3165,7.7327,11.5456,1.5843,3.9513,4.0585,9.9207,8.1958,20.5485,15.0954,16.1746,6.4602,16.3817,25.2888,10.2087,11.4022,11.8421,8.2950,12.1839,11.2053,11.3977,11.5960,11.8019,12.0167,12.2091,12.4407,12.6827,12.9357,13.1996,13.4755,13.7646,14.0674,21.4509,21.5318,21.6140,21.6978,21.7831,21.8700,21.9585,22.0487,22.1406,22.2343,22.3299,22.4272,22.5265,22.6276,22.7308,22.8359,22.9430,23.0521,23.1633,23.2765,23.3917,23.5089,23.6281,23.7493,23.8724,23.9974,24.1241,24.2526,24.3828,24.5145,24.6476,24.7821,24.9177,25.0544,25.1919,25.2292,25.3710
45130.7916667,1.3352,3.2050,4.1364,3.8813,6.7128,5.2812,4.7057,2.3467,4.7440,4.8038,4.3338,3.9123,2.5782,3.7162,3.3815,3.5022,4.5324,4.1514,3.0430,2.1770,5.0534,2.0375,1.9618,3.1890,3.3701,6.9312,3.2239,1.2151,4.0811,1.3405,2.8917,1.7032,2.2104,3.4240,3.3361,2.8751,4.5085,4.6321,1.7286,6.1315,5.3117,5.6039,3.2427,4.3307,9.4073,4.5330,3.5318,3.9328,2.1984,2.9873,4.5516,4.2835,4.9595,5.2112,2.0277,2.0074,2.4261,3.7333,6.7462,5.1067,5.3476,4.0613,1.7880,1.6107,2.5659,2.1719,5.4726,4.5569,-1.0914,0.6999,3.1518,3.0932,2.5249,0.7612,3.3470,4.4336,3.6166,4.2461,2.9643,4.6749,9.8940,8.6952,6.2996,5.0257,3.9686,4.1424,6.4324,4.8016,5.7581,4.8319,5.7145,6.6137,7.4599,5.4465,2.7634,3.6166,4.3602,6.5905,5.1807,4.4126,4.8722,8.3436,4.1772,4.6157,6.6672,11.1076,6.8032,6.4360,3.2188,6.0183,4.4472,1.6224,4.5792,3.8077,4.4860,4.5958,2.9418,5.0840,4.1727,4.4054,0.9390,4.0808,2.3204,3.8529,3.1719,4.3775,4.4215,5.9928,3.6936,1.4217,2.5472,2.2622,2.6960,3.2884,4.2210,2.9214,4.3675,6.0630,4.4472,2.5509,1.6385,3.8998,2.7304,4.3552,4.2421,1.1292,1.8266,5.3656,3.5127,2.6540,2.4761,0.9262,1.6454,1.1870,2.8481,5.0055,5.6357,5.3665,4.8814,2.9541,7.7481,5.4854,6.5309,6.9326,8.2046,5.2697,6.2733,4.3008,3.8596,4.1416,0.8222,1.8700,2.0522,4.1661,3.8839,7.2866,3.7013,4.0361,3.2980,7.6582,8.8951,4.7308,4.2510,5.2852,4.1996,5.5241,5.0605,5.1070,5.1536,5.2011,5.2500,5.2831,5.3337,5.5814,5.4276,5.4814,5.5370,5.5948,5.6548,5.7174,5.7827,5.8509,5.9222,5.9970,6.0677,6.1489,6.2342,6.3241,6.4190,6.5191,6.6251,6.7374,6.8565,6.9830,8.4162,8.4745,8.5338,8.5942,8.6558,8.7184,8.7821,8.8469,8.9128,8.9797,9.0476,9.1165,9.1864,9.2571,9.3287,9.4010,9.4741,9.5478,9.6221,9.6968,9.7171,9.7942
45130.8333333,0.3531,0.8064,1.0782,1.0263,1.7749,1.3773,1.2378,0.6205,1.2176,1.2639,1.1470,1.0307,0.6816,0.9825,0.8940,0.9217,1.1862,1.0951,0.7992,0.5663,1.2880,0.5386,0.5186,0.8429,0.8908,1.8217,0.8520,0.3211,1.0644,0.3543,0.6811,0.4501,0.5841,0.9048,0.8816,0.7597,1.1913,1.2240,0.4361,1.6042,1.4034,1.4776,0.8531,1.1404,2.3945,1.1916,0.9289,1.0255,0.5771,0.7850,1.1992,1.1163,1.2699,1.3695,0.5356,0.5302,0.6408,0.9861,1.7501,1.3489,1.4125,1.0728,0.4723,0.4255,0.6575,0.5735,0.9390,0.9061,-0.2857,0.1850,0.8322,0.8040,0.6667,0.2010,0.8837,1.1706,0.9549,1.1211,0.7827,1.2341,2.6115,2.2951,1.6583,1.3200,1.0473,1.0909,1.6886,1.2672,1.4703,1.2726,1.3864,1.7455,1.9480,1.4372,0.7248,0.9544,1.1468,1.7316,1.3609,1.1598,1.2783,1.4912,1.1009,1.1649,1.7008,2.1710,1.7949,1.6979,0.8492,1.5878,0.9523,0.4272,1.1894,1.0008,1.1785,1.0066,0.7652,1.3356,1.0898,1.1233,0.2474,1.0750,0.6110,1.0109,0.8364,1.0958,1.1565,1.5799,0.9682,0.3561,0.6454,0.5825,0.6519,0.7686,1.1129,0.7703,0.7730,1.1184,0.8032,0.6703,0.4320,1.0077,0.7138,0.8164,1.1140,0.2977,0.4816,1.4145,0.9120,0.6902,0.6527,0.2441,0.4326,0.2959,0.6685,1.2927,1.4847,1.3812,1.2759,0.7764,1.9177,1.4394,1.5180,1.8115,2.1461,1.4215,1.6192,1.0079,0.9114,0.8090,0.2164,0.4894,0.5387,1.0445,1.0199,1.3699,0.9500,1.0367,0.8660,1.9993,1.6455,1.2367,1.0993,1.3768,1.0920,1.4389,1.3171,1.3276,1.3379,1.3483,1.3587,1.3648,1.3752,1.3857,1.3964,1.4072,1.4180,1.4291,1.4403,1.4517,1.4633,1.4752,1.4872,1.4994,1.5119,1.5246,1.5376,1.5508,1.5642,1.5779,1.5919,1.6061,1.6206,1.6354,1.6505,1.6658,1.6815,1.6974,1.7136,1.7301,1.7469,1.7640,1.7814,1.7990,1.8169,1.8351,1.8535,1.8721,1.8910,1.9101,1.9293,1.9487,1.9683,1.9880,1.9933,2.0136
45130.8750000,0.0000,0.0000,0.0000,0.0000,0.0000,0.0000,0.0000,0.0000,0.0000,0.0000,0.0000,0.0000,0.0000,0.0000,0.0000,0.0000,0.0000,0.0000,0.0000,0.0000,0.0000,0.0000,0.0000,0.0000,0.0000,0.0000,0.0000,0.0000,0.0000,0.0000,0.0000,0.0000,0.0000,0.0000,0.0000,0.0000,0.0000,0.0000,0.0000,0.0000,0.0000,0.0000,0.0000,0.0000,0.0000,0.0000,0.0000,0.0000,0.0000,0.0000,0.0000,0.0000,0.0000,0.0000,0.0000,0.0000,0.0000,0.0000,0.0000,0.0000,0.0000,0.0000,0.0000,0.0000,0.0000,0.0000,0.0000,0.0000,0.0000,0.0000,0.0000,0.0000,0.0000,0.0000,0.0000,0.0000,0.0000,0.0000,0.0000,0.0000,0.0000,0.0000,0.0000,0.0000,0.0000,0.0000,0.0000,0.0000,0.0000,0.0000,0.0000,0.0000,0.0000,0.0000,0.0000,0.0000,0.0000,0.0000,0.0000,0.0000,0.0000,0.0000,0.0000,0.0000,0.0000,0.0000,0.0000,0.0000,0.0000,0.0000,0.0000,0.0000,0.0000,0.0000,0.0000,0.0000,0.0000,0.0000,0.0000,0.0000,0.0000,0.0000,0.0000,0.0000,0.0000,0.0000,0.0000,0.0000,0.0000,0.0000,0.0000,0.0000,0.0000,0.0000,0.0000,0.0000,0.0000,0.0000,0.0000,0.0000,0.0000,0.0000,0.0000,0.0000,0.0000,0.0000,0.0000,0.0000,0.0000,0.0000,0.0000,0.0000,0.0000,0.0000,0.0000,0.0000,0.0000,0.0000,0.0000,0.0000,0.0000,0.0000,0.0000,0.0000,0.0000,0.0000,0.0000,0.0000,0.0000,0.0000,0.0000,0.0000,0.0000,0.0000,0.0000,0.0000,0.0000,0.0000,0.0000,0.0000,0.0000,0.0000,0.0000,0.0000,0.0000,0.0000,0.0000,0.0000,0.0000,0.0000,0.0000,0.0000,0.0000,0.0000,0.0000,0.0000,0.0000,0.0000,0.0000,0.0000,0.0000,0.0000,0.0000,0.0000,0.0000,0.0000,0.0000,0.0000,0.0000,0.0000,0.0000,0.0000,0.0000,0.0000,0.0000,0.0000,0.0000,0.0000,0.0000,0.0000,0.0000,0.0000,0.0000,0.0000,0.0000,0.0000,0.0000,0.0000,0.0000,0.0000,0.0000,0.0000,0.0000,0.0000,0.0000,0.0000
45130.9166667,0.0000,0.0000,0.0000,0.0000,0.0000,0.0000,0.0000,0.0000,0.0000,0.0000,0.0000,0.0000,0.0000,0.0000,0.0000,0.0000,0.0000,0.0000,0.0000,0.0000,0.0000,0.0000,0.0000,0.0000,0.0000,0.0000,0.0000,0.0000,0.0000,0.0000,0.0000,0.0000,0.0000,0.0000,0.0000,0.0000,0.0000,0.0000,0.0000,0.0000,0.0000,0.0000,0.0000,0.0000,0.0000,0.0000,0.0000,0.0000,0.0000,0.0000,0.0000,0.0000,0.0000,0.0000,0.0000,0.0000,0.0000,0.0000,0.0000,0.0000,0.0000,0.0000,0.0000,0.0000,0.0000,0.0000,0.0000,0.0000,0.0000,0.0000,0.0000,0.0000,0.0000,0.0000,0.0000,0.0000,0.0000,0.0000,0.0000,0.0000,0.0000,0.0000,0.0000,0.0000,0.0000,0.0000,0.0000,0.0000,0.0000,0.0000,0.0000,0.0000,0.0000,0.0000,0.0000,0.0000,0.0000,0.0000,0.0000,0.0000,0.0000,0.0000,0.0000,0.0000,0.0000,0.0000,0.0000,0.0000,0.0000,0.0000,0.0000,0.0000,0.0000,0.0000,0.0000,0.0000,0.0000,0.0000,0.0000,0.0000,0.0000,0.0000,0.0000,0.0000,0.0000,0.0000,0.0000,0.0000,0.0000,0.0000,0.0000,0.0000,0.0000,0.0000,0.0000,0.0000,0.0000,0.0000,0.0000,0.0000,0.0000,0.0000,0.0000,0.0000,0.0000,0.0000,0.0000,0.0000,0.0000,0.0000,0.0000,0.0000,0.0000,0.0000,0.0000,0.0000,0.0000,0.0000,0.0000,0.0000,0.0000,0.0000,0.0000,0.0000,0.0000,0.0000,0.0000,0.0000,0.0000,0.0000,0.0000,0.0000,0.0000,0.0000,0.0000,0.0000,0.0000,0.0000,0.0000,0.0000,0.0000,0.0000,0.0000,0.0000,0.0000,0.0000,0.0000,0.0000,0.0000,0.0000,0.0000,0.0000,0.0000,0.0000,0.0000,0.0000,0.0000,0.0000,0.0000,0.0000,0.0000,0.0000,0.0000,0.0000,0.0000,0.0000,0.0000,0.0000,0.0000,0.0000,0.0000,0.0000,0.0000,0.0000,0.0000,0.0000,0.0000,0.0000,0.0000,0.0000,0.0000,0.0000,0.0000,0.0000,0.0000,0.0000,0.0000,0.0000,0.0000,0.0000,0.0000,0.0000,0.0000,0.0000,0.0000,0.0000
45130.9583333,0.0000,0.0000,0.0000,0.0000,0.0000,0.0000,0.0000,0.0000,0.0000,0.0000,0.0000,0.0000,0.0000,0.0000,0.0000,0.0000,0.0000,0.0000,0.0000,0.0000,0.0000,0.0000,0.0000,0.0000,0.0000,0.0000,0.0000,0.0000,0.0000,0.0000,0.0000,0.0000,0.0000,0.0000,0.0000,0.0000,0.0000,0.0000,0.0000,0.0000,0.0000,0.0000,0.0000,0.0000,0.0000,0.0000,0.0000,0.0000,0.0000,0.0000,0.0000,0.0000,0.0000,0.0000,0.0000,0.0000,0.0000,0.0000,0.0000,0.0000,0.0000,0.0000,0.0000,0.0000,0.0000,0.0000,0.0000,0.0000,0.0000,0.0000,0.0000,0.0000,0.0000,0.0000,0.0000,0.0000,0.0000,0.0000,0.0000,0.0000,0.0000,0.0000,0.0000,0.0000,0.0000,0.0000,0.0000,0.0000,0.0000,0.0000,0.0000,0.0000,0.0000,0.0000,0.0000,0.0000,0.0000,0.0000,0.0000,0.0000,0.0000,0.0000,0.0000,0.0000,0.0000,0.0000,0.0000,0.0000,0.0000,0.0000,0.0000,0.0000,0.0000,0.0000,0.0000,0.0000,0.0000,0.0000,0.0000,0.0000,0.0000,0.0000,0.0000,0.0000,0.0000,0.0000,0.0000,0.0000,0.0000,0.0000,0.0000,0.0000,0.0000,0.0000,0.0000,0.0000,0.0000,0.0000,0.0000,0.0000,0.0000,0.0000,0.0000,0.0000,0.0000,0.0000,0.0000,0.0000,0.0000,0.0000,0.0000,0.0000,0.0000,0.0000,0.0000,0.0000,0.0000,0.0000,0.0000,0.0000,0.0000,0.0000,0.0000,0.0000,0.0000,0.0000,0.0000,0.0000,0.0000,0.0000,0.0000,0.0000,0.0000,0.0000,0.0000,0.0000,0.0000,0.0000,0.0000,0.0000,0.0000,0.0000,0.0000,0.0000,0.0000,0.0000,0.0000,0.0000,0.0000,0.0000,0.0000,0.0000,0.0000,0.0000,0.0000,0.0000,0.0000,0.0000,0.0000,0.0000,0.0000,0.0000,0.0000,0.0000,0.0000,0.0000,0.0000,0.0000,0.0000,0.0000,0.0000,0.0000,0.0000,0.0000,0.0000,0.0000,0.0000,0.0000,0.0000,0.0000,0.0000,0.0000,0.0000,0.0000,0.0000,0.0000,0.0000,0.0000,0.0000,0.0000,0.0000,0.0000,0.0000,0.0000,0.0000,0.0000
45131.0000000,0.0000,0.0000,0.0000,0.0000,0.0000,0.0000,0.0000,0.0000,0.0000,0.0000,0.0000,0.0000,0.0000,0.0000,0.0000,0.0000,0.0000,0.0000,0.0000,0.0000,0.0000,0.0000,0.0000,0.0000,0.0000,0.0000,0.0000,0.0000,0.0000,0.0000,0.0000,0.0000,0.0000,0.0000,0.0000,0.0000,0.0000,0.0000,0.0000,0.0000,0.0000,0.0000,0.0000,0.0000,0.0000,0.0000,0.0000,0.0000,0.0000,0.0000,0.0000,0.0000,0.0000,0.0000,0.0000,0.0000,0.0000,0.0000,0.0000,0.0000,0.0000,0.0000,0.0000,0.0000,0.0000,0.0000,0.0000,0.0000,0.0000,0.0000,0.0000,0.0000,0.0000,0.0000,0.0000,0.0000,0.0000,0.0000,0.0000,0.0000,0.0000,0.0000,0.0000,0.0000,0.0000,0.0000,0.0000,0.0000,0.0000,0.0000,0.0000,0.0000,0.0000,0.0000,0.0000,0.0000,0.0000,0.0000,0.0000,0.0000,0.0000,0.0000,0.0000,0.0000,0.0000,0.0000,0.0000,0.0000,0.0000,0.0000,0.0000,0.0000,0.0000,0.0000,0.0000,0.0000,0.0000,0.0000,0.0000,0.0000,0.0000,0.0000,0.0000,0.0000,0.0000,0.0000,0.0000,0.0000,0.0000,0.0000,0.0000,0.0000,0.0000,0.0000,0.0000,0.0000,0.0000,0.0000,0.0000,0.0000,0.0000,0.0000,0.0000,0.0000,0.0000,0.0000,0.0000,0.0000,0.0000,0.0000,0.0000,0.0000,0.0000,0.0000,0.0000,0.0000,0.0000,0.0000,0.0000,0.0000,0.0000,0.0000,0.0000,0.0000,0.0000,0.0000,0.0000,0.0000,0.0000,0.0000,0.0000,0.0000,0.0000,0.0000,0.0000,0.0000,0.0000,0.0000,0.0000,0.0000,0.0000,0.0000,0.0000,0.0000,0.0000,0.0000,0.0000,0.0000,0.0000,0.0000,0.0000,0.0000,0.0000,0.0000,0.0000,0.0000,0.0000,0.0000,0.0000,0.0000,0.0000,0.0000,0.0000,0.0000,0.0000,0.0000,0.0000,0.0000,0.0000,0.0000,0.0000,0.0000,0.0000,0.0000,0.0000,0.0000,0.0000,0.0000,0.0000,0.0000,0.0000,0.0000,0.0000,0.0000,0.0000,0.0000,0.0000,0.0000,0.0000,0.0000,0.0000,0.0000,0.0000,0.0000,0.0000,0.0000
45131.0416667,0.0000,0.0000,0.0000,0.0000,0.0000,0.0000,0.0000,0.0000,0.0000,0.0000,0.0000,0.0000,0.0000,0.0000,0.0000,0.0000,0.0000,0.0000,0.0000,0.0000,0.0000,0.0000,0.0000,0.0000,0.0000,0.0000,0.0000,0.0000,0.0000,0.0000,0.0000,0.0000,0.0000,0.0000,0.0000,0.0000,0.0000,0.0000,0.0000,0.0000,0.0000,0.0000,0.0000,0.0000,0.0000,0.0000,0.0000,0.0000,0.0000,0.0000,0.0000,0.0000,0.0000,0.0000,0.0000,0.0000,0.0000,0.0000,0.0000,0.0000,0.0000,0.0000,0.0000,0.0000,0.0000,0.0000,0.0000,0.0000,0.0000,0.0000,0.0000,0.0000,0.0000,0.0000,0.0000,0.0000,0.0000,0.0000,0.0000,0.0000,0.0000,0.0000,0.0000,0.0000,0.0000,0.0000,0.0000,0.0000,0.0000,0.0000,0.0000,0.0000,0.0000,0.0000,0.0000,0.0000,0.0000,0.0000,0.0000,0.0000,0.0000,0.0000,0.0000,0.0000,0.0000,0.0000,0.0000,0.0000,0.0000,0.0000,0.0000,0.0000,0.0000,0.0000,0.0000,0.0000,0.0000,0.0000,0.0000,0.0000,0.0000,0.0000,0.0000,0.0000,0.0000,0.0000,0.0000,0.0000,0.0000,0.0000,0.0000,0.0000,0.0000,0.0000,0.0000,0.0000,0.0000,0.0000,0.0000,0.0000,0.0000,0.0000,0.0000,0.0000,0.0000,0.0000,0.0000,0.0000,0.0000,0.0000,0.0000,0.0000,0.0000,0.0000,0.0000,0.0000,0.0000,0.0000,0.0000,0.0000,0.0000,0.0000,0.0000,0.0000,0.0000,0.0000,0.0000,0.0000,0.0000,0.0000,0.0000,0.0000,0.0000,0.0000,0.0000,0.0000,0.0000,0.0000,0.0000,0.0000,0.0000,0.0000,0.0000,0.0000,0.0000,0.0000,0.0000,0.0000,0.0000,0.0000,0.0000,0.0000,0.0000,0.0000,0.0000,0.0000,0.0000,0.0000,0.0000,0.0000,0.0000,0.0000,0.0000,0.0000,0.0000,0.0000,0.0000,0.0000,0.0000,0.0000,0.0000,0.0000,0.0000,0.0000,0.0000,0.0000,0.0000,0.0000,0.0000,0.0000,0.0000,0.0000,0.0000,0.0000,0.0000,0.0000,0.0000,0.0000,0.0000,0.0000,0.0000,0.0000,0.0000,0.0000,0.0000,0.0000
45131.0833333,0.0000,0.0000,0.0000,0.0000,0.0000,0.0000,0.0000,0.0000,0.0000,0.0000,0.0000,0.0000,0.0000,0.0000,0.0000,0.0000,0.0000,0.0000,0.0000,0.0000,0.0000,0.0000,0.0000,0.0000,0.0000,0.0000,0.0000,0.0000,0.0000,0.0000,0.0000,0.0000,0.0000,0.0000,0.0000,0.0000,0.0000,0.0000,0.0000,0.0000,0.0000,0.0000,0.0000,0.0000,0.0000,0.0000,0.0000,0.0000,0.0000,0.0000,0.0000,0.0000,0.0000,0.0000,0.0000,0.0000,0.0000,0.0000,0.0000,0.0000,0.0000,0.0000,0.0000,0.0000,0.0000,0.0000,0.0000,0.0000,0.0000,0.0000,0.0000,0.0000,0.0000,0.0000,0.0000,0.0000,0.0000,0.0000,0.0000,0.0000,0.0000,0.0000,0.0000,0.0000,0.0000,0.0000,0.0000,0.0000,0.0000,0.0000,0.0000,0.0000,0.0000,0.0000,0.0000,0.0000,0.0000,0.0000,0.0000,0.0000,0.0000,0.0000,0.0000,0.0000,0.0000,0.0000,0.0000,0.0000,0.0000,0.0000,0.0000,0.0000,0.0000,0.0000,0.0000,0.0000,0.0000,0.0000,0.0000,0.0000,0.0000,0.0000,0.0000,0.0000,0.0000,0.0000,0.0000,0.0000,0.0000,0.0000,0.0000,0.0000,0.0000,0.0000,0.0000,0.0000,0.0000,0.0000,0.0000,0.0000,0.0000,0.0000,0.0000,0.0000,0.0000,0.0000,0.0000,0.0000,0.0000,0.0000,0.0000,0.0000,0.0000,0.0000,0.0000,0.0000,0.0000,0.0000,0.0000,0.0000,0.0000,0.0000,0.0000,0.0000,0.0000,0.0000,0.0000,0.0000,0.0000,0.0000,0.0000,0.0000,0.0000,0.0000,0.0000,0.0000,0.0000,0.0000,0.0000,0.0000,0.0000,0.0000,0.0000,0.0000,0.0000,0.0000,0.0000,0.0000,0.0000,0.0000,0.0000,0.0000,0.0000,0.0000,0.0000,0.0000,0.0000,0.0000,0.0000,0.0000,0.0000,0.0000,0.0000,0.0000,0.0000,0.0000,0.0000,0.0000,0.0000,0.0000,0.0000,0.0000,0.0000,0.0000,0.0000,0.0000,0.0000,0.0000,0.0000,0.0000,0.0000,0.0000,0.0000,0.0000,0.0000,0.0000,0.0000,0.0000,0.0000,0.0000,0.0000,0.0000,0.0000,0.0000,0.0000,0.0000
45131.1250000,0.0000,0.0000,0.0000,0.0000,0.0000,0.0000,0.0000,0.0000,0.0000,0.0000,0.0000,0.0000,0.0000,0.0000,0.0000,0.0000,0.0000,0.0000,0.0000,0.0000,0.0000,0.0000,0.0000,0.0000,0.0000,0.0000,0.0000,0.0000,0.0000,0.0000,0.0000,0.0000,0.0000,0.0000,0.0000,0.0000,0.0000,0.0000,0.0000,0.0000,0.0000,0.0000,0.0000,0.0000,0.0000,0.0000,0.0000,0.0000,0.0000,0.0000,0.0000,0.0000,0.0000,0.0000,0.0000,0.0000,0.0000,0.0000,0.0000,0.0000,0.0000,0.0000,0.0000,0.0000,0.0000,0.0000,0.0000,0.0000,0.0000,0.0000,0.0000,0.0000,0.0000,0.0000,0.0000,0.0000,0.0000,0.0000,0.0000,0.0000,0.0000,0.0000,0.0000,0.0000,0.0000,0.0000,0.0000,0.0000,0.0000,0.0000,0.0000,0.0000,0.0000,0.0000,0.0000,0.0000,0.0000,0.0000,0.0000,0.0000,0.0000,0.0000,0.0000,0.0000,0.0000,0.0000,0.0000,0.0000,0.0000,0.0000,0.0000,0.0000,0.0000,0.0000,0.0000,0.0000,0.0000,0.0000,0.0000,0.0000,0.0000,0.0000,0.0000,0.0000,0.0000,0.0000,0.0000,0.0000,0.0000,0.0000,0.0000,0.0000,0.0000,0.0000,0.0000,0.0000,0.0000,0.0000,0.0000,0.0000,0.0000,0.0000,0.0000,0.0000,0.0000,0.0000,0.0000,0.0000,0.0000,0.0000,0.0000,0.0000,0.0000,0.0000,0.0000,0.0000,0.0000,0.0000,0.0000,0.0000,0.0000,0.0000,0.0000,0.0000,0.0000,0.0000,0.0000,0.0000,0.0000,0.0000,0.0000,0.0000,0.0000,0.0000,0.0000,0.0000,0.0000,0.0000,0.0000,0.0000,0.0000,0.0000,0.0000,0.0000,0.0000,0.0000,0.0000,0.0000,0.0000,0.0000,0.0000,0.0000,0.0000,0.0000,0.0000,0.0000,0.0000,0.0000,0.0000,0.0000,0.0000,0.0000,0.0000,0.0000,0.0000,0.0000,0.0000,0.0000,0.0000,0.0000,0.0000,0.0000,0.0000,0.0000,0.0000,0.0000,0.0000,0.0000,0.0000,0.0000,0.0000,0.0000,0.0000,0.0000,0.0000,0.0000,0.0000,0.0000,0.0000,0.0000,0.0000,0.0000,0.0000,0.0000,0.0000,0.0000
45131.1666667,0.0000,0.0000,0.0000,0.0000,0.0000,0.0000,0.0000,0.0000,0.0000,0.0000,0.0000,0.0000,0.0000,0.0000,0.0000,0.0000,0.0000,0.0000,0.0000,0.0000,0.0000,0.0000,0.0000,0.0000,0.0000,0.0000,0.0000,0.0000,0.0000,0.0000,0.0000,0.0000,0.0000,0.0000,0.0000,0.0000,0.0000,0.0000,0.0000,0.0000,0.0000,0.0000,0.0000,0.0000,0.0000,0.0000,0.0000,0.0000,0.0000,0.0000,0.0000,0.0000,0.0000,0.0000,0.0000,0.0000,0.0000,0.0000,0.0000,0.0000,0.0000,0.0000,0.0000,0.0000,0.0000,0.0000,0.0000,0.0000,0.0000,0.0000,0.0000,0.0000,0.0000,0.0000,0.0000,0.0000,0.0000,0.0000,0.0000,0.0000,0.0000,0.0000,0.0000,0.0000,0.0000,0.0000,0.0000,0.0000,0.0000,0.0000,0.0000,0.0000,0.0000,0.0000,0.0000,0.0000,0.0000,0.0000,0.0000,0.0000,0.0000,0.0000,0.0000,0.0000,0.0000,0.0000,0.0000,0.0000,0.0000,0.0000,0.0000,0.0000,0.0000,0.0000,0.0000,0.0000,0.0000,0.0000,0.0000,0.0000,0.0000,0.0000,0.0000,0.0000,0.0000,0.0000,0.0000,0.0000,0.0000,0.0000,0.0000,0.0000,0.0000,0.0000,0.0000,0.0000,0.0000,0.0000,0.0000,0.0000,0.0000,0.0000,0.0000,0.0000,0.0000,0.0000,0.0000,0.0000,0.0000,0.0000,0.0000,0.0000,0.0000,0.0000,0.0000,0.0000,0.0000,0.0000,0.0000,0.0000,0.0000,0.0000,0.0000,0.0000,0.0000,0.0000,0.0000,0.0000,0.0000,0.0000,0.0000,0.0000,0.0000,0.0000,0.0000,0.0000,0.0000,0.0000,0.0000,0.0000,0.0000,0.0000,0.0000,0.0000,0.0000,0.0000,0.0000,0.0000,0.0000,0.0000,0.0000,0.0000,0.0000,0.0000,0.0000,0.0000,0.0000,0.0000,0.0000,0.0000,0.0000,0.0000,0.0000,0.0000,0.0000,0.0000,0.0000,0.0000,0.0000,0.0000,0.0000,0.0000,0.0000,0.0000,0.0000,0.0000,0.0000,0.0000,0.0000,0.0000,0.0000,0.0000,0.0000,0.0000,0.0000,0.0000,0.0000,0.0000,0.0000,0.0000,0.0000,0.0000,0.0000,0.0000,0.0000,0.0000
45131.2083333,0.0000,0.0000,0.0000,0.0000,0.0000,0.0000,0.0000,0.0000,0.0000,0.0000,0.0000,0.0000,0.0000,0.0000,0.0000,0.0000,0.0000,0.0000,0.0000,0.0000,0.0000,0.0000,0.0000,0.0000,0.0000,0.0000,0.0000,0.0000,0.0000,0.0000,0.0000,0.0000,0.0000,0.0000,0.0000,0.0000,0.0000,0.0000,0.0000,0.0000,0.0000,0.0000,0.0000,0.0000,0.0000,0.0000,0.0000,0.0000,0.0000,0.0000,0.0000,0.0000,0.0000,0.0000,0.0000,0.0000,0.0000,0.0000,0.0000,0.0000,0.0000,0.0000,0.0000,0.0000,0.0000,0.0000,0.0000,0.0000,0.0000,0.0000,0.0000,0.0000,0.0000,0.0000,0.0000,0.0000,0.0000,0.0000,0.0000,0.0000,0.0000,0.0000,0.0000,0.0000,0.0000,0.0000,0.0000,0.0000,0.0000,0.0000,0.0000,0.0000,0.0000,0.0000,0.0000,0.0000,0.0000,0.0000,0.0000,0.0000,0.0000,0.0000,0.0000,0.0000,0.0000,0.0000,0.0000,0.0000,0.0000,0.0000,0.0000,0.0000,0.0000,0.0000,0.0000,0.0000,0.0000,0.0000,0.0000,0.0000,0.0000,0.0000,0.0000,0.0000,0.0000,0.0000,0.0000,0.0000,0.0000,0.0000,0.0000,0.0000,0.0000,0.0000,0.0000,0.0000,0.0000,0.0000,0.0000,0.0000,0.0000,0.0000,0.0000,0.0000,0.0000,0.0000,0.0000,0.0000,0.0000,0.0000,0.0000,0.0000,0.0000,0.0000,0.0000,0.0000,0.0000,0.0000,0.0000,0.0000,0.0000,0.0000,0.0000,0.0000,0.0000,0.0000,0.0000,0.0000,0.0000,0.0000,0.0000,0.0000,0.0000,0.0000,0.0000,0.0000,0.0000,0.0000,0.0000,0.0000,0.0000,0.0000,0.0000,0.0000,0.0000,0.0000,0.0000,0.0000,0.0000,0.0000,0.0000,0.0000,0.0000,0.0000,0.0000,0.0000,0.0000,0.0000,0.0000,0.0000,0.0000,0.0000,0.0000,0.0000,0.0000,0.0000,0.0000,0.0000,0.0000,0.0000,0.0000,0.0000,0.0000,0.0000,0.0000,0.0000,0.0000,0.0000,0.0000,0.0000,0.0000,0.0000,0.0000,0.0000,0.0000,0.0000,0.0000,0.0000,0.0000,0.0000,0.0000,0.0000,0.0000,0.0000,0.0000,0.0000
45131.2500000,0.1636,0.3736,0.4995,0.4754,0.8220,0.6379,0.5733,0.2875,0.5640,0.5854,0.5291,0.4774,0.3159,0.4552,0.4141,0.4270,0.5495,0.5073,0.3703,0.2625,0.5965,0.2495,0.2403,0.3904,0.4126,0.8434,0.3945,0.1488,0.4929,0.1641,0.3154,0.2084,0.2705,0.4190,0.4081,0.3518,0.5515,0.5666,0.2020,0.7425,0.6496,0.6839,0.3948,0.5278,1.1079,0.5516,0.4300,0.4744,0.2673,0.3633,0.5549,0.5166,0.5877,0.6337,0.2480,0.2454,0.2966,0.4563,0.8097,0.6242,0.6536,0.4964,0.2185,0.1969,0.3043,0.2653,0.4344,0.4191,-0.1318,0.0857,0.3849,0.3717,0.3083,0.0930,0.4085,0.5411,0.4414,0.5182,0.3618,0.5704,1.2067,1.0605,0.7663,0.6100,0.4839,0.5041,0.7802,0.5855,0.6793,0.5880,0.6406,0.8065,0.8999,0.6640,0.3349,0.4409,0.5298,0.7998,0.6283,0.5357,0.5905,0.6888,0.5087,0.5382,0.7858,1.0029,0.8292,0.7844,0.3925,0.7336,0.4401,0.1975,0.5495,0.4623,0.5444,0.4649,0.3535,0.6169,0.5033,0.5188,0.1144,0.4965,0.2822,0.4669,0.3862,0.5060,0.5341,0.7295,0.4471,0.1645,0.2981,0.2691,0.3010,0.3549,0.5138,0.3557,0.3570,0.5164,0.3709,0.3096,0.1995,0.4653,0.3288,0.3770,0.5143,0.1375,0.2224,0.6529,0.4210,0.3186,0.3013,0.1128,0.1998,0.1366,0.3086,0.5967,0.6853,0.6375,0.5889,0.3565,0.8851,0.6644,0.6708,0.8352,0.9893,0.6214,0.7473,0.4652,0.4207,0.3734,0.1000,0.2260,0.2487,0.4821,0.4708,0.6323,0.4385,0.4785,0.3997,0.9226,0.7594,0.5707,0.5073,0.6353,0.5039,0.6640,0.6078,0.6126,0.6174,0.6221,0.6270,0.6298,0.6346,0.6394,0.6444,0.6493,0.6543,0.6594,0.6646,0.6698,0.6752,0.6807,0.6862,0.6919,0.6976,0.7035,0.7094,0.7155,0.7217,0.7281,0.7345,0.7411,0.7478,0.7546,0.7615,0.7686,0.7758,0.7832,0.7907,0.7983,0.8060,0.8139,0.8219,0.8300,0.8383,0.8467,0.8551,0.8637,0.8724,0.8812,0.8901,0.8991,0.9081,0.9172,0.9196,0.9290
45131.2916667,0.8506,1.9421,2.5970,2.4719,4.2745,3.3175,2.9816,1.4951,2.9334,3.0527,2.7596,2.4899,1.6452,2.3735,2.1540,2.2211,2.8694,2.6446,1.9262,1.3655,3.1029,1.2979,1.2501,2.0313,2.1851,4.4221,2.0572,0.7743,2.5803,0.8643,1.6460,1.0960,1.6598,2.3180,2.1246,1.8313,2.8896,2.9761,1.1315,3.8863,3.3821,3.5690,2.0561,2.7484,5.7701,2.8726,2.2395,2.4705,1.3921,1.8923,2.9379,2.7321,3.1689,3.3206,1.2917,1.2782,1.5449,2.3966,4.2326,3.2708,3.4522,2.5926,1.1385,1.0256,1.5852,1.3828,2.2643,2.1848,-0.6864,0.4472,2.0066,1.9561,1.6322,0.4850,2.1605,2.8398,2.3156,2.7244,1.9372,2.9742,6.3356,5.5610,4.0215,3.6088,2.5246,2.6298,4.0702,3.0545,3.5439,3.0674,3.3416,4.2070,4.6956,3.4644,1.7471,2.3005,2.7644,4.1741,3.2791,2.7959,3.0815,3.5948,2.6547,2.9158,4.1535,6.1571,4.6200,4.9177,2.3175,4.4339,2.5598,1.0353,2.8999,2.4135,2.8825,2.5207,1.8542,3.2313,2.6453,2.7249,0.5975,2.6770,1.4796,2.4384,2.0172,2.7176,2.8017,3.8284,2.3356,0.8612,1.5658,1.4237,1.6344,2.3980,2.7070,1.9254,1.8655,2.9723,2.3821,1.6172,1.0423,2.4549,1.7179,1.9696,2.6873,0.7185,1.1620,3.4120,2.2192,1.6751,1.5839,0.5895,1.0450,0.7307,1.6275,3.1262,3.6002,3.3320,3.0782,1.8633,4.6262,3.4724,3.5062,4.3785,5.2817,3.2768,3.9521,2.4600,2.2296,2.0851,0.5230,1.3529,1.3017,2.5470,2.4705,3.5671,2.3119,2.5141,2.1007,4.8467,3.9900,2.9902,2.6734,3.3428,2.6415,3.4789,3.1843,3.2096,3.2344,3.2555,3.2811,3.2960,3.3215,3.3474,3.3737,3.4002,3.4270,3.4641,3.4817,3.5100,3.5389,3.5685,3.5986,3.6295,3.6610,3.6933,3.7273,3.7613,3.7962,3.8320,3.8688,3.9066,3.9455,3.9856,4.0875,4.0627,4.1057,4.1500,4.1956,4.2428,4.2915,4.3418,4.3356,4.4599,4.5176,4.5776,4.6402,4.7056,4.7740,4.8456,4.9208,4.9999,5.4340,5.4815,5.4943,5.5432
45131.3333333,2.0740,4.7355,6.4775,6.0277,10.4238,8.3286,7.2712,3.6462,7.6966,7.6928,6.9367,6.2939,4.1629,5.9276,5.2533,5.5247,13.1769,6.6451,5.8660,3.3907,7.5678,3.2737,3.0492,6.8495,6.0860,10.8059,5.1809,1.8889,6.6839,2.4051,4.7249,3.2419,9.5552,8.5437,5.7526,4.4679,7.2988,8.6736,3.2561,10.1173,8.2522,8.9735,5.0171,6.7067,14.7980,7.0100,5.4651,6.0289,3.3971,5.3679,8.6559,8.0119,14.1039,8.7645,3.2871,4.1420,4.5817,6.4650,11.0302,8.2280,10.3580,6.5686,2.7785,2.5029,6.5355,3.3757,11.3892,6.3546,-2.7580,1.0927,5.3264,5.1073,4.8746,1.1889,5.5414,7.6191,5.6661,6.8537,5.0105,8.1664,15.9742,14.6982,10.1171,10.8021,6.1668,6.9356,9.9420,7.4611,8.6563,7.4929,8.1621,10.2755,12.8903,10.6443,4.6189,5.8112,6.9622,10.6502,8.2032,8.6606,7.5940,9.8999,6.7079,13.4611,11.8755,21.4907,17.8373,17.8008,7.7398,15.1573,8.2887,2.8546,7.6844,6.0122,8.2545,11.7235,4.6171,7.9029,6.9632,7.0220,1.4668,11.5946,3.6379,6.4327,5.1353,7.0914,7.3146,9.8358,6.2264,2.1600,4.1019,4.1064,7.7801,9.7806,6.6843,5.1216,4.6293,8.8177,9.0765,4.1393,2.5476,6.1335,4.2551,4.9489,6.8211,1.7562,3.0871,8.6457,5.6329,4.6260,3.8814,1.4436,2.5745,1.8685,4.2564,7.8435,9.4890,8.2237,8.0357,4.6638,20.8253,8.9368,10.1153,10.7338,15.0475,8.8735,9.8744,7.4794,5.8280,8.1430,1.3012,4.7348,3.2565,7.3516,6.4098,14.4548,5.7456,6.6165,5.2674,12.5702,10.5004,7.5152,6.5172,8.2390,6.4536,8.7639,8.0300,8.1086,8.1873,8.2674,8.3495,8.3964,8.4794,8.5645,8.6521,8.7413,8.8330,8.9274,9.0247,9.1251,9.2288,9.3358,9.4465,9.5609,9.6792,9.8018,9.9287,10.0978,10.2376,10.3827,10.5335,10.6903,10.8533,11.0229,11.1994,11.3831,11.5745,11.7739,11.9817,12.1984,12.4244,12.6601,12.9060,13.1627,13.4308,17.3812,17.4893,17.5988,17.7097,17.8217,17.9348,18.0489,18.1639,18.2796,18.3106,18.4299
45131.3750000,2.8622,6.5356,9.4065,8.3196,23.8981,13.9193,10.0372,9.9712,16.2164,12.8621,11.5022,10.5908,6.9818,9.8165,7.8901,8.5261,30.8258,10.8506,22.1795,5.6355,19.4588,5.4300,4.2099,12.5454,9.0763,23.0969,8.9490,2.6085,13.5048,7.9939,7.8923,12.9780,25.6747,27.8082,30.6128,25.6909,14.2661,12.6095,5.4805,20.6973,11.9060,14.6458,6.9302,10.2057,22.7201,15.2830,9.3546,8.3285,5.7856,7.7104,34.8662,31.1294,32.9117,18.5148,5.7038,19.1860,6.1322,15.0916,21.2411,13.6232,36.5637,11.0682,3.8386,3.4580,13.7480,4.6651,27.7427,26.6124,-13.9059,1.5470,11.4887,7.3680,17.8639,1.7545,12.2887,16.9726,9.1326,17.9385,7.7635,13.1768,34.6523,30.0443,16.6398,39.4632,8.5277,10.1953,14.3421,10.3176,11.9703,34.8801,20.8129,20.7551,27.5253,40.3857,9.9426,9.3692,11.4071,18.0925,13.3683,33.3311,11.1598,39.6578,11.0340,31.9914,41.5031,46.9876,39.2751,40.2125,16.9362,32.8671,17.5863,9.3752,11.1996,9.5322,31.3677,28.0979,7.3558,13.0114,15.1562,13.8648,2.0591,26.9349,5.2351,13.2101,8.2463,10.6938,14.5989,20.1356,13.2704,3.5731,8.6448,15.6984,19.2143,24.4103,13.8556,7.9023,7.1742,28.3409,21.7564,5.9454,3.9318,10.5422,10.1525,7.9803,12.4815,2.6773,6.7144,16.7795,13.5996,6.7161,8.4823,2.0634,3.5957,4.2344,6.1561,12.7543,19.6016,12.2245,16.2078,7.4163,47.5935,15.9875,23.4816,15.9141,23.6692,24.0516,17.3008,27.6530,21.7828,18.6735,2.1238,11.1372,5.0201,23.5400,12.4931,32.9664,9.9452,13.7221,8.5982,24.3957,21.7381,12.2079,9.5335,12.7482,10.0131,14.2489,13.0785,13.2646,13.4907,13.6880,13.8914,14.0640,14.2773,14.4976,14.7250,14.9588,15.2002,15.4497,15.7077,15.9746,16.2508,16.5366,16.8325,17.1389,17.4561,17.7848,18.1253,18.4782,18.8439,19.2229,19.6159,20.0233,20.4458,20.8840,21.3384,21.8097,22.2986,36.2480,36.3794,36.5131,36.6492,36.7876,36.9283,37.0712,37.2163,37.3635,37.5127,37.6638,37.8166,37.9712,38.1272,38.2846,38.4432,38.6028,38.6452,38.8098
45131.4166667,2.8893,6.5979,12.2735,14.2279,93.1692,20.3611,19.4514,9.0135,58.7416,18.6153,17.0957,15.7821,10.3157,14.5436,8.1143,13.0434,51.4055,15.4197,37.9721,5.5562,17.7573,10.5297,5.6722,13.8321,13.6900,73.3546,13.9741,10.6267,49.3811,11.9604,42.5813,19.5454,45.9785,47.7320,53.1210,44.7914,58.7277,21.4981,6.9661,66.5805,24.5779,19.9186,7.0027,10.6121,93.1669,48.2600,13.5515,13.1935,8.3351,16.2092,58.8488,52.4574,54.7142,62.1511,7.8703,31.4845,8.4791,59.4353,73.8755,19.4172,60.5335,16.2112,5.6164,5.7472,15.4009,4.7162,47.3744,45.4959,-21.7744,2.2393,38.4019,7.6452,27.8012,2.3670,11.2105,58.3313,13.1065,69.5886,8.8431,22.4533,108.7250,93.2251,23.5334,66.5889,8.6264,10.6155,16.0581,10.4369,29.2018,58.3747,71.8982,81.2443,82.9342,67.4998,39.6110,13.2915,16.3512,26.6713,18.6939,56.2753,17.8388,65.7718,15.6913,53.7391,67.7533,74.7148,62.9455,65.3676,27.8580,52.4354,28.3544,16.6913,13.2628,12.9653,52.4833,47.5807,8.8544,18.2126,54.2649,51.0343,2.8860,44.9345,7.7762,41.5480,7.9858,47.9666,43.5223,60.4136,43.2384,5.5224,31.8951,27.3979,33.4734,42.3531,58.8508,9.7646,9.5592,47.2502,37.1614,32.3142,5.2446,43.3650,35.0425,10.9809,48.7680,2.6833,24.3121,67.6943,50.3777,9.6476,34.3667,2.4109,4.7290,12.9398,8.0357,17.9194,61.0217,14.7034,58.6240,10.3358,77.6008,66.3279,65.2817,17.8807,52.4402,33.0401,29.9018,46.7360,36.4565,31.3692,4.4423,19.5349,6.7774,38.8074,36.3739,54.1270,11.4289,44.0750,12.1048,77.3729,66.4350,16.9664,53.5227,16.7890,13.2976,19.8717,18.2814,18.6242,18.9745,19.3343,19.7047,20.0484,20.4381,20.8397,21.2534,21.6786,22.1166,22.5682,23.0337,23.5138,24.0088,24.5194,25.0461,25.5894,26.1498,26.7281,56.6678,56.7752,56.8846,56.9962,57.1100,57.2260,57.3443,57.4649,57.5878,57.7130,57.8406,57.9706,58.1030,58.2378,58.3750,58.5144,58.6562,58.8003,58.9465,59.0949,59.2453,59.3977,59.5518,59.7077,59.8650,60.0238,60.1837,60.3447,60.3870,60.5529
45131.4583333,2.6656,8.0159,23.5920,99.3829,125.6103,27.6818,26.7156,12.5934,79.7370,85.3894,84.1950,21.5440,49.0260,68.3703,70.2523,17.5091,69.6241,20.4196,15.5565,6.6954,85.3144,21.6100,8.5386,10.1169,19.0533,97.7875,73.5405,14.5739,67.2714,8.1330,31.7007,9.0308,20.6763,25.5692,73.1974,62.0476,79.8206,78.4576,10.4243,89.1787,91.0161,25.9223,6.4663,11.7796,123.2132,65.2147,18.2454,29.1776,11.7453,9.7698,22.6050,71.3631,73.9166,25.0676,9.1349,22.8248,12.6924,81.6040,98.7923,83.5664,81.4839,21.9704,5.9767,7.5770,9.9700,15.4937,64.9580,62.4646,-4.7460,3.2208,16.0927,9.4207,13.2559,10.8641,22.3364,79.3503,63.3213,95.2511,17.0355,23.3551,144.0850,123.6827,102.9076,26.2275,7.9732,16.1757,101.4272,27.2796,101.3666,79.0175,97.4485,109.0979,110.6705,91.1143,14.8143,17.4071,21.8459,36.0989,24.4418,22.6846,74.4111,88.4960,67.4419,72.9691,90.4465,98.3367,83.3722,87.1295,38.0773,69.5111,38.3721,5.7546,73.8715,17.3210,71.1702,64.9962,12.2101,78.4614,74.0025,69.3635,3.8201,61.0384,43.4590,56.5611,30.0814,65.1892,58.7499,80.6795,59.0846,12.5924,44.5069,17.4353,7.1537,12.5689,11.1840,54.0190,51.8751,36.3933,14.7172,44.9905,38.7338,59.1019,48.6352,47.8059,66.2294,5.4687,34.5535,91.4773,15.7181,13.4125,11.0988,4.0034,5.8827,6.6651,11.5050,85.2599,81.8900,87.7601,22.0290,44.3238,103.3469,89.4725,27.1945,46.3795,58.3866,97.6123,93.8834,63.8045,49.8311,43.1286,4.3701,27.8531,8.9280,52.5945,49.2933,72.7120,14.4702,59.9774,16.0903,102.7112,27.5450,22.2292,20.1273,21.0749,21.5906,82.0473,73.9669,74.0447,74.1212,74.1979,74.2757,74.3197,74.3968,74.4751,74.5546,74.6343,74.7151,74.7972,74.8807,74.9657,75.0522,75.1403,75.2299,75.3213,75.4144,75.5092,75.6059,75.7045,75.8050,75.9074,76.0119,76.1185,76.2271,76.3379,76.4508,76.5659,76.6832,76.8027,76.9245,77.0484,77.1745,77.3028,77.4333,77.5658,77.7004,77.8369,77.9753,78.1155,78.2574,78.4009,78.5458,78.6919,78.8392,78.9874,79.0258,79.1787
45131.5000000,2.4824,18.5558,99.2737,117.9196,147.5981,117.9873,111.6221,15.8755,94.2394,100.8573,99.6746,87.4990,58.8309,81.2050,83.6089,75.0277,82.2998,78.5228,62.5844,50.0413,100.7221,15.3102,10.5343,17.9681,79.7375,114.4935,87.5924,6.1357,79.7432,10.1814,70.9862,13.8127,37.4636,78.0543,87.1285,74.1327,94.3900,92.7094,13.5091,104.6978,107.2659,103.7460,10.2269,13.0327,143.5600,77.0568,72.3806,89.8765,50.6863,9.7977,94.5405,84.4987,87.2321,98.8961,11.2934,16.5978,14.7752,96.9034,115.8246,98.5310,95.9368,86.9119,12.0123,9.6780,12.1277,17.4079,77.2405,74.3452,-29.2650,13.4044,63.0803,18.4644,16.8506,14.4718,19.6855,93.8730,75.2677,112.8393,21.4545,28.8540,167.9114,144.3105,120.8871,106.5742,13.2668,21.5637,119.0719,31.5663,119.4228,93.2815,114.9353,128.0657,129.5401,107.3197,65.7910,84.1097,92.0294,145.6301,104.0870,90.5474,87.8046,104.1088,79.8766,86.3127,106.0173,114.4711,97.4394,102.0869,45.5140,81.3912,45.6659,29.7880,87.3402,74.5950,84.1559,77.1618,14.7181,92.5060,87.6910,82.1203,4.7975,72.3344,52.3700,67.1458,92.3941,77.2230,69.4633,94.6707,70.2263,35.9394,53.5509,46.5123,12.9338,16.3415,95.1391,64.5982,62.0480,75.8827,61.2348,54.0747,47.1104,70.1681,58.3184,57.1312,78.4202,6.9250,42.0499,107.8030,19.1766,16.6627,13.5355,19.5650,30.7409,8.5996,14.0557,100.6564,96.2836,103.4519,93.6798,53.0775,120.9104,105.3707,103.5455,116.7539,147.4095,115.2122,110.2568,75.7415,59.3430,51.5863,18.6518,34.0754,45.1030,62.3642,58.4936,85.6109,17.1811,71.1426,63.6502,119.9965,104.1947,88.0006,86.3847,106.7996,95.2913,96.5574,87.2028,87.2748,87.3456,87.4165,87.4885,87.5289,87.6003,87.6727,87.7463,87.8201,87.8948,87.9708,88.0482,88.1268,88.2069,88.2885,88.3715,88.4562,88.5424,88.6303,88.7199,88.8113,88.9044,88.9994,89.0963,89.1951,89.2959,89.3986,89.5034,89.6102,89.7191,89.8300,89.9430,90.0580,90.1751,90.2942,90.4153,90.5384,90.6634,90.7902,90.9187,91.0490,91.1808,91.3141,91.4487,91.5845,91.7213,91.8590,91.8942,92.0363
45131.5416667,12.5249,119.3778,106.6362,126.7437,157.9591,126.4832,119.7684,78.3484,101.0882,108.1633,107.0068,94.0149,63.5068,87.2898,89.9600,80.7024,88.2740,84.2974,67.4329,54.1610,107.9951,16.6582,63.2734,18.6367,85.7986,122.3024,21.2881,3.5169,85.6397,11.4319,17.3516,5.2789,17.6080,83.9746,93.7585,79.8939,101.2756,99.4366,15.1018,111.9716,114.9253,111.0682,12.6438,26.4930,153.0267,82.6285,77.8481,96.5786,54.8446,19.7497,101.4301,90.7062,93.5004,105.9537,12.3230,16.4230,16.1614,22.7654,123.8028,105.5806,102.7291,93.3438,17.1438,11.6240,13.9648,85.7100,83.0669,79.9834,-30.3452,15.1102,67.9350,89.7651,86.7142,16.2433,21.5166,100.7396,80.9295,27.8905,23.4902,29.3950,179.0179,153.9294,129.3371,114.2616,19.7481,98.5928,127.3555,112.0115,127.9413,100.0064,123.1935,136.9770,138.3701,114.9521,70.9539,90.4429,98.7795,155.8871,111.5479,97.1729,94.1090,111.4464,85.7489,92.6121,113.2996,121.9459,103.9815,109.0740,49.0207,86.9143,49.0863,32.5060,93.6956,80.1639,90.2804,82.9202,15.8809,99.1144,22.3393,88.1441,21.2844,77.6628,56.6277,72.1426,22.6260,82.9045,74.4991,101.2149,75.5010,39.1988,13.7258,50.3582,14.0025,10.1896,102.1681,69.6383,16.1758,81.4474,65.9899,58.4138,51.1490,75.4060,62.9400,61.5632,84.1827,34.4906,45.6575,115.5071,20.8304,18.4186,62.2040,21.6923,33.5349,9.5622,15.2561,107.9312,103.0427,110.8536,100.4401,57.2383,129.1226,112.8605,110.8832,124.7530,157.4151,123.5367,117.9445,81.3944,63.8432,55.5953,20.7284,37.0604,48.8774,66.9644,62.8234,91.6635,72.8224,76.4159,68.5181,128.0563,111.3937,94.3617,92.7545,114.4531,102.3439,103.3743,93.4263,93.4938,93.5600,93.6265,93.6939,93.7316,93.7984,93.8663,93.9352,94.0043,94.0743,94.1455,94.2180,94.2917,94.3668,94.4432,94.5211,94.6004,94.6812,94.7636,94.8477,94.9333,95.0207,95.1098,95.2007,95.2934,95.3879,95.4843,95.5826,95.6828,95.7849,95.8890,95.9950,96.1030,96.2129,96.3247,96.4384,96.5539,96.6713,96.7903,96.9110,97.0333,97.1571,97.2822,97.4086,97.5361,97.6646,97.7940,97.8267,97.9602
45131.5833333,10.6115,115.7958,103.4810,21.2818,153.5392,122.8464,116.2848,16.7699,98.1242,105.0123,103.8573,91.2020,61.4623,84.6536,87.2264,78.2358,85.6619,81.7739,65.3080,52.3497,104.8549,15.6059,11.9112,83.6263,17.5174,118.8959,10.6855,2.7265,44.1741,10.9252,16.5920,12.3346,16.7859,34.7175,38.5827,77.4088,98.2995,96.5205,14.3627,108.8000,111.6196,107.8898,47.8583,109.2050,148.9026,80.1765,75.4635,93.6921,53.0169,88.9075,98.4517,88.0080,90.7628,102.8915,10.8837,16.5147,14.7191,11.6387,120.3359,102.5236,99.7685,90.5604,15.8458,11.8803,7.2833,31.1071,19.2312,77.5331,-29.9982,14.2995,65.8044,17.3397,14.8663,15.4048,91.6094,97.7732,78.4650,26.0247,22.4134,154.1439,174.2183,149.7544,125.6911,110.9531,118.5693,95.6663,123.7729,108.7528,124.2865,97.0866,119.6508,133.1384,134.5441,111.6541,15.1461,87.7108,95.8621,151.5132,108.3260,94.3040,91.3565,108.2608,83.1862,89.8727,110.1154,118.6387,101.0834,106.0080,47.4267,84.4434,47.5170,31.2688,90.9323,77.7331,87.6105,80.4134,66.3834,96.2363,21.4762,20.9766,20.3174,75.3219,54.7598,69.9408,96.4581,80.4222,72.2692,98.3422,73.1954,17.7052,55.9783,11.7272,7.5890,15.0946,99.1511,67.4493,64.7822,79.0166,63.9136,56.5172,49.3962,18.3644,14.5923,59.6175,81.6771,4.7993,7.4025,112.1980,19.9097,17.5792,14.0898,20.7245,32.2824,19.4744,63.8350,104.8055,100.1038,107.6683,97.5203,55.4050,125.5598,48.9573,107.7139,121.2846,153.1132,119.9835,114.6185,19.4753,61.8572,53.8146,19.7766,35.7178,47.2141,64.9212,60.8899,89.0079,70.5891,74.1034,66.3839,124.5370,108.2524,91.5948,89.9975,111.1566,99.3151,100.4052,90.7059,90.7740,90.8409,90.9081,90.9762,91.0143,91.0818,91.1504,91.2200,91.2899,91.3606,91.4326,91.5059,91.5804,91.6563,91.7335,91.8123,91.8925,91.9742,92.0575,92.1425,92.2291,92.3174,92.4075,92.4994,92.5931,92.6887,92.7861,92.8855,92.9868,93.0901,93.1953,93.3025,93.4117,93.5228,93.6358,93.7507,93.8675,93.9861,94.1065,94.2285,94.3521,94.4772,94.6037,94.7314,94.8603,94.9902,95.1210,95.1542,95.2890
45131.6250000,8.4949,22.8903,22.5458,18.0145,135.8472,29.8540,102.4001,13.9573,25.0495,27.4060,26.5754,23.4648,15.5879,21.7504,18.1971,20.2792,75.3688,71.8366,56.9842,12.9626,92.3929,12.8385,9.9483,73.1691,14.9795,105.3913,14.4654,2.2780,12.2610,5.6339,13.7617,8.3176,13.8786,24.7493,27.2279,26.5739,24.3926,24.6643,11.7402,29.7562,98.4869,26.7468,49.0952,96.0482,132.4968,70.5444,66.0820,82.2493,45.8964,30.9635,86.6477,77.3519,79.9604,90.7599,9.1609,7.7982,8.4082,15.4500,106.5742,90.4114,88.0606,23.7153,12.8856,9.6321,8.9336,12.7599,16.4688,67.8773,-28.2352,3.5287,16.0644,14.6681,12.4611,3.7651,21.3604,20.5036,68.7560,22.0541,18.5909,135.7331,155.0480,133.1284,32.6715,28.7737,104.1822,24.2028,109.5273,95.7992,109.7199,85.5322,105.5379,117.8424,119.3210,98.5563,12.8696,18.7253,23.1397,38.3540,27.5304,82.9475,25.0739,95.6324,73.0873,30.0114,97.5151,105.5802,89.6736,93.8947,41.2985,74.7742,41.5009,26.5674,23.7544,19.5807,77.0757,16.6598,16.2024,84.8586,18.4832,18.1728,4.3509,66.1315,10.7506,18.2322,84.4589,70.6476,63.5410,87.0045,64.1323,8.0212,8.0073,20.2835,6.4770,12.8845,87.1607,58.8372,56.4922,69.4386,15.8244,12.1727,19.1799,15.9365,12.4482,51.9984,71.7780,4.0779,6.4096,99.0122,16.9468,14.7117,11.9449,17.0718,27.4747,19.5250,15.7953,25.8796,88.4503,94.9876,85.9261,14.8745,111.3820,35.5932,95.1140,107.4886,135.9133,105.7903,101.3918,16.8040,54.0897,14.9216,16.2073,9.5716,40.7499,56.9452,53.3657,78.5418,61.8222,20.2995,17.2392,110.5763,95.8151,80.6595,21.4259,28.9762,23.2977,88.6581,79.9721,80.0444,80.1155,80.1868,80.2590,80.2997,80.3714,80.4442,80.5181,80.5923,80.6674,80.7438,80.8215,80.9006,80.9812,81.0632,81.1467,81.2318,81.3185,81.4069,81.4970,81.5889,81.6827,81.7782,81.8757,81.9751,82.0765,82.1798,82.2853,82.3927,82.5022,82.6138,82.7275,82.8432,82.9611,83.0809,83.2028,83.3266,83.4523,83.5799,83.7093,83.8403,83.9730,84.1070,84.2425,84.3791,84.5168,84.6554,84.6909,84.8339
45131.6666667,2.5643,8.7274,16.9853,13.6303,20.2509,22.4028,21.6951,7.7942,69.2373,20.7336,15.9633,17.6676,11.2686,16.4135,13.6834,15.3023,17.9501,16.8696,12.6008,5.7810,12.4201,5.6742,7.3675,12.0241,6.5810,85.4446,7.8472,2.3399,11.7019,3.3163,17.4595,7.6300,9.0203,18.2285,24.7564,15.4604,69.2933,68.1203,17.7519,23.2654,17.4440,20.8428,16.5441,20.5931,108.0934,56.4967,15.0059,65.6152,9.1343,15.2247,17.7115,61.8345,64.1717,20.4707,16.8959,8.4817,9.6139,13.1944,86.2784,21.2399,21.3253,17.9573,17.6829,14.5696,54.2870,15.2307,56.1076,53.9016,-6.1516,2.4400,9.7932,60.3346,9.2805,2.6423,15.8312,68.8677,15.3174,15.9488,36.4472,108.8294,126.5203,108.4400,25.2690,21.4731,83.2335,18.2890,88.5467,76.8653,88.3512,20.0137,19.0800,95.3041,96.8141,79.3482,9.8018,14.0776,17.6639,29.1781,21.2855,18.4863,19.3545,77.0906,16.9600,63.2748,78.9363,86.1562,72.8010,76.0293,32.5033,60.5245,32.8311,5.9495,12.5615,14.6260,17.3047,20.6526,8.7817,19.9958,14.1238,11.1009,3.2212,52.7733,8.1889,48.8108,26.7762,56.4269,50.8278,70.3167,50.9993,6.0808,5.9009,32.6939,8.8281,10.5620,69.6916,46.4367,44.5614,55.4946,44.0263,38.4652,6.5924,51.0493,9.5112,41.0296,16.7012,2.1921,12.2314,79.6774,8.8142,6.8078,9.0293,5.2925,6.1479,10.7632,43.6329,74.1517,71.3263,14.1977,18.7917,37.9504,90.4048,77.9362,76.6180,87.1102,110.4320,18.5598,81.9172,17.1969,42.8636,36.9249,2.7690,23.3318,8.9995,45.3677,42.4592,63.2024,49.1252,51.8277,13.1723,89.8927,77.4916,64.6856,63.2057,78.8513,18.5197,71.4223,64.2640,64.3387,64.4123,64.4860,64.5607,64.6030,64.6771,64.7523,64.8287,64.9053,64.9829,65.0619,65.1421,65.2238,65.3069,65.3915,65.4777,65.5655,65.6550,65.7461,65.8391,65.9338,66.0304,66.1289,66.2294,66.3318,66.4363,66.5428,66.6514,66.7621,66.8749,66.9898,67.1069,67.2261,67.3474,67.4708,67.5963,67.7238,67.8532,67.9846,68.1178,68.2527,68.3892,68.5272,68.6667,68.8073,68.9490,69.0917,69.1287,69.2758
45131.7083333,3.0957,7.5434,11.3057,8.9981,17.4208,15.7655,14.6932,6.8929,22.0181,14.5769,12.1307,12.1095,7.8145,11.3964,15.5111,10.6573,13.2062,12.2755,8.9997,5.0058,11.9538,5.3718,5.4689,7.8423,7.8192,48.4007,9.9685,2.8210,10.4337,4.4754,7.2807,5.8601,7.4184,9.8290,11.9185,8.1517,18.5437,37.1162,11.3712,17.5791,14.2655,15.7269,10.5323,13.7452,62.0264,17.0219,10.6163,34.8766,5.2407,9.7226,13.0737,16.6193,35.5263,12.9416,5.6166,8.6423,9.5631,11.4225,21.4007,15.3119,15.7531,12.4863,7.5454,10.2922,8.3147,10.6604,29.9887,16.6598,-3.9247,1.8314,8.4326,11.8138,6.6705,2.0024,10.5390,14.8967,10.8750,13.2535,11.1804,56.1063,36.8813,32.5859,18.5467,15.1684,43.1891,12.6924,49.1223,41.4141,23.4350,14.4358,14.6856,52.5724,28.2218,18.2379,7.6023,10.3873,10.9580,20.2663,15.3694,13.2006,14.2697,42.7278,12.3520,19.9721,16.2223,50.6152,42.3735,43.3509,18.5262,35.5460,19.2360,4.5109,11.8497,10.9234,12.9316,16.2645,6.9488,12.6816,10.2337,11.2051,2.5206,29.1710,6.3604,14.6448,18.2419,30.9819,16.0701,40.0566,27.7690,3.9577,5.8837,17.1730,9.5897,8.7996,37.2417,24.5773,23.7202,30.6708,23.6346,9.6126,5.9377,10.3462,7.4239,22.3129,12.3542,2.6309,4.2710,17.1214,10.8273,7.0278,6.8872,3.6068,4.6113,3.8923,22.7236,17.3728,15.0255,12.3547,11.8109,20.6432,51.2224,18.7738,25.3175,49.1061,61.7544,13.7126,45.6623,17.3104,23.6806,20.3661,3.2642,12.3188,6.2045,16.1851,24.0802,35.6157,26.8010,28.5261,9.6333,51.4265,43.7489,35.5848,34.1540,42.9277,12.7703,39.8102,35.8240,35.9155,36.0054,36.0957,36.1871,36.2395,36.3302,36.4222,36.5156,36.6092,36.7040,36.8004,36.8985,36.9981,37.0996,37.2028,37.3079,37.4149,37.5239,37.6350,37.7481,37.8635,37.9810,38.1009,38.2230,38.3476,38.4745,38.6039,38.7358,38.8702,39.0071,39.1466,39.2886,39.4332,39.5803,39.7299,39.8820,40.0365,40.1934,40.3525,40.5138,40.6771,40.8424,41.0095,41.1783,41.3485,41.5200,41.6926,41.7385,41.9165
45131.7500000,2.4233,6.4080,7.5408,7.0437,12.2185,10.5076,9.6235,5.4816,9.2678,9.7227,8.6614,7.9591,4.6831,7.5576,6.9191,7.0867,8.9518,8.2259,5.8239,4.0938,9.8946,4.1473,3.5642,5.8198,6.1212,14.9146,5.8560,2.2084,7.6134,3.4977,6.6683,3.0941,5.8730,8.4039,10.7852,6.5399,8.4066,25.1987,3.7233,12.0521,9.6498,10.8989,6.7713,8.8185,43.0304,9.6752,7.1036,9.6245,4.3511,6.2681,8.9305,9.2653,24.1816,10.1202,3.6873,6.7377,5.7394,9.0585,13.5413,10.3078,10.7100,8.2850,4.4890,2.9276,5.5617,3.9494,20.1465,14.0171,-2.4437,1.2821,5.8087,5.6758,4.6737,1.4160,6.0867,8.0624,6.5779,10.5261,6.2781,14.4329,21.3154,18.8127,12.4523,10.1698,15.1205,8.2962,14.8387,11.5184,18.2628,9.7271,12.3674,17.2912,15.2792,9.9098,5.1896,8.5698,8.6377,13.3543,10.4618,8.8349,8.9452,29.2189,7.7262,17.1899,12.3037,35.1772,29.2886,29.8441,12.3942,24.5160,12.9728,3.1319,8.6181,7.5279,8.8777,12.1756,5.3881,9.8802,7.8692,8.6159,1.7732,7.9571,4.4118,8.3414,13.4311,8.7256,8.9916,27.5233,8.2166,2.9416,5.0760,4.1157,5.3532,7.7163,25.1695,16.3590,15.7890,20.7838,15.7624,5.4880,4.5388,8.3538,5.1812,14.8926,7.9123,2.0601,3.3307,9.7748,6.4256,5.2922,4.7803,1.8626,3.2049,2.3007,7.9145,9.7974,10.3357,10.2606,8.8937,6.6409,35.3276,11.5662,16.7219,15.6476,18.9199,10.2178,31.3095,10.0664,8.1307,13.5849,1.5999,4.1049,4.1283,10.7919,8.4959,24.3441,18.0282,19.2689,6.5474,17.0660,30.0585,10.6577,12.5690,12.5011,8.4519,12.8099,11.7972,12.0295,12.2701,12.5210,12.7835,13.0268,13.3121,13.6110,13.9245,14.2524,14.5964,14.9575,15.3369,25.3520,25.4316,25.5126,25.5951,25.6790,25.7646,25.8517,25.9405,26.0310,26.1232,26.2173,26.3131,26.4108,26.5104,26.6119,26.7153,26.8207,26.9281,27.0375,27.1489,27.2622,27.3776,27.4949,27.6142,27.7353,27.8582,27.9830,28.1094,28.2375,28.3671,28.4981,28.6303,28.7638,28.8982,29.0335,29.0695,29.2090
45131.7916667,1.5047,3.6667,4.6823,4.3730,7.5627,5.9764,5.3094,2.6452,5.3957,5.4200,4.8877,4.4134,2.9070,4.1885,3.8111,3.9524,5.1248,4.6825,3.4381,2.4677,5.7594,2.2966,2.2121,3.5945,3.7987,7.8219,3.6337,1.3703,4.6195,1.5119,3.3716,1.9198,2.4916,3.8597,3.7602,3.2411,5.0814,5.2209,1.9768,6.8756,5.9863,6.3192,3.6587,4.8851,10.6999,5.1169,3.9865,4.4488,2.4846,3.3721,5.1340,4.8494,5.6341,5.8814,2.2867,2.2628,2.7351,4.2080,7.6462,5.7560,6.0277,4.5781,2.0155,1.8156,2.9200,2.4486,6.8483,5.5368,-1.2280,0.7920,3.5543,3.5045,2.8466,0.8614,3.7733,4.9980,4.0778,4.7859,3.3413,5.2687,11.1508,9.8003,7.1059,5.6728,4.4737,4.6729,7.2607,5.4130,6.3855,5.4736,6.6058,7.4549,8.4367,6.1400,3.1215,4.0779,4.9201,7.4368,5.8262,4.9804,5.5036,10.3590,4.7118,5.2761,7.5955,13.5415,7.6709,7.2567,3.6326,6.7870,5.3158,1.8332,5.1889,4.2986,5.0643,5.4597,3.3329,5.7402,4.7200,5.0204,1.0621,4.6042,2.6193,4.3518,3.5776,5.0163,5.0002,6.7584,4.1726,1.6307,2.9097,2.5720,3.1213,3.8419,4.7599,3.2955,5.4352,7.4830,5.5129,2.8806,1.8491,4.4219,3.0911,5.3593,4.7907,1.2753,2.0618,6.0505,3.9018,3.0062,2.7937,1.0472,1.8583,1.3629,3.3242,5.6811,6.3639,6.0970,5.5198,3.3409,8.4745,6.1930,7.7256,7.8374,9.2716,5.9997,7.1124,4.5833,4.4972,4.0694,0.9302,2.1156,2.3186,4.7724,4.3862,8.9572,4.2041,4.5833,3.7244,8.5919,10.9690,5.3468,4.8176,5.9781,4.7052,6.2490,5.7263,5.7808,5.8357,5.8918,5.9498,5.9903,6.0510,6.1141,6.4556,6.2258,6.2932,6.3634,6.4368,6.5135,6.5940,6.6785,6.7674,6.8610,7.7067,7.0508,7.1590,7.2737,7.3952,7.5243,7.6615,7.8078,7.9637,8.1303,10.2521,10.3176,10.3844,10.4524,10.5216,10.5921,10.6638,10.7367,10.8108,10.8861,10.9625,11.0400,11.1185,11.1981,11.2786,11.3599,11.4421,11.5250,11.6085,11.6925,11.7151,11.8018
45131.8333333,0.2374,0.5421,0.7248,0.6899,1.1929,0.9258,0.8320,0.4172,0.8186,0.8497,0.7695,0.6929,0.4585,0.6606,0.6011,0.6198,0.7975,0.7364,0.5375,0.3810,0.8658,0.3621,0.3488,0.5667,0.5989,1.2245,0.5728,0.2160,0.7156,0.2383,0.4580,0.3026,0.3927,0.6083,0.5926,0.5108,0.8008,0.8227,0.2933,1.0782,0.9433,0.9931,0.5734,0.7664,1.6090,0.8010,0.6245,0.6891,0.3882,0.5277,0.8060,0.7504,0.8536,0.9205,0.3602,0.3564,0.4308,0.6628,1.1761,0.9066,0.9494,0.7211,0.3174,0.2860,0.4420,0.3855,0.6312,0.6091,-0.1912,0.1248,0.5595,0.5404,0.4481,0.1356,0.5939,0.7867,0.6419,0.7533,0.5259,0.8291,1.7543,1.5419,1.1142,0.8869,0.7037,0.7331,1.1345,0.8514,0.9878,0.8551,0.9315,1.1727,1.3087,0.9657,0.4872,0.6413,0.7706,1.1632,0.9142,0.7793,0.8590,1.0019,0.7399,0.7828,1.1428,1.4586,1.2061,1.1408,0.5711,1.0670,0.6404,0.2875,0.7992,0.6726,0.7919,0.6764,0.5144,0.8974,0.7322,0.7548,0.1667,0.7224,0.4107,0.6794,0.5619,0.7363,0.7772,1.0615,0.6507,0.2395,0.4338,0.3917,0.4382,0.5165,0.7477,0.5177,0.5195,0.7515,0.5398,0.4506,0.2904,0.6772,0.4792,0.5487,0.7485,0.2003,0.3238,0.9502,0.6127,0.4637,0.4387,0.1644,0.2911,0.1989,0.4493,0.8684,0.9974,0.9278,0.8572,0.5205,1.2881,0.9669,0.9985,1.2161,1.4405,0.9302,1.0876,0.6772,0.6125,0.5438,0.1458,0.3292,0.3621,0.7019,0.6855,0.9204,0.6384,0.6966,0.5820,1.3429,1.1054,0.8308,0.7385,0.9248,0.7336,0.9666,0.8849,0.8919,0.8988,0.9058,0.9128,0.9169,0.9239,0.9309,0.9381,0.9453,0.9526,0.9601,0.9676,0.9753,0.9831,0.9910,0.9991,1.0073,1.0157,1.0242,1.0329,1.0418,1.0508,1.0600,1.0694,1.0790,1.0887,1.0986,1.1088,1.1191,1.1296,1.1403,1.1512,1.1622,1.1735,1.1850,1.1966,1.2085,1.2205,1.2327,1.2451,1.2576,1.2702,1.2830,1.2960,1.3090,1.3221,1.3353,1.3389,1.3525
45131.8750000,0.0000,0.0000,0.0000,0.0000,0.0000,0.0000,0.0000,0.0000,0.0000,0.0000,0.0000,0.0000,0.0000,0.0000,0.0000,0.0000,0.0000,0.0000,0.0000,0.0000,0.0000,0.0000,0.0000,0.0000,0.0000,0.0000,0.0000,0.0000,0.0000,0.0000,0.0000,0.0000,0.0000,0.0000,0.0000,0.0000,0.0000,0.0000,0.0000,0.0000,0.0000,0.0000,0.0000,0.0000,0.0000,0.0000,0.0000,0.0000,0.0000,0.0000,0.0000,0.0000,0.0000,0.0000,0.0000,0.0000,0.0000,0.0000,0.0000,0.0000,0.0000,0.0000,0.0000,0.0000,0.0000,0.0000,0.0000,0.0000,0.0000,0.0000,0.0000,0.0000,0.0000,0.0000,0.0000,0.0000,0.0000,0.0000,0.0000,0.0000,0.0000,0.0000,0.0000,0.0000,0.0000,0.0000,0.0000,0.0000,0.0000,0.0000,0.0000,0.0000,0.0000,0.0000,0.0000,0.0000,0.0000,0.0000,0.0000,0.0000,0.0000,0.0000,0.0000,0.0000,0.0000,0.0000,0.0000,0.0000,0.0000,0.0000,0.0000,0.0000,0.0000,0.0000,0.0000,0.0000,0.0000,0.0000,0.0000,0.0000,0.0000,0.0000,0.0000,0.0000,0.0000,0.0000,0.0000,0.0000,0.0000,0.0000,0.0000,0.0000,0.0000,0.0000,0.0000,0.0000,0.0000,0.0000,0.0000,0.0000,0.0000,0.0000,0.0000,0.0000,0.0000,0.0000,0.0000,0.0000,0.0000,0.0000,0.0000,0.0000,0.0000,0.0000,0.0000,0.0000,0.0000,0.0000,0.0000,0.0000,0.0000,0.0000,0.0000,0.0000,0.0000,0.0000,0.0000,0.0000,0.0000,0.0000,0.0000,0.0000,0.0000,0.0000,0.0000,0.0000,0.0000,0.0000,0.0000,0.0000,0.0000,0.0000,0.0000,0.0000,0.0000,0.0000,0.0000,0.0000,0.0000,0.0000,0.0000,0.0000,0.0000,0.0000,0.0000,0.0000,0.0000,0.0000,0.0000,0.0000,0.0000,0.0000,0.0000,0.0000,0.0000,0.0000,0.0000,0.0000,0.0000,0.0000,0.0000,0.0000,0.0000,0.0000,0.0000,0.0000,0.0000,0.0000,0.0000,0.0000,0.0000,0.0000,0.0000,0.0000,0.0000,0.0000,0.0000,0.0000,0.0000,0.0000,0.0000,0.0000,0.0000,0.0000,0.0000,0.0000
45131.9166667,0.0000,0.0000,0.0000,0.0000,0.0000,0.0000,0.0000,0.0000,0.0000,0.0000,0.0000,0.0000,0.0000,0.0000,0.0000,0.0000,0.0000,0.0000,0.0000,0.0000,0.0000,0.0000,0.0000,0.0000,0.0000,0.0000,0.0000,0.0000,0.0000,0.0000,0.0000,0.0000,0.0000,0.0000,0.0000,0.0000,0.0000,0.0000,0.0000,0.0000,0.0000,0.0000,0.0000,0.0000,0.0000,0.0000,0.0000,0.0000,0.0000,0.0000,0.0000,0.0000,0.0000,0.0000,0.0000,0.0000,0.0000,0.0000,0.0000,0.0000,0.0000,0.0000,0.0000,0.0000,0.0000,0.0000,0.0000,0.0000,0.0000,0.0000,0.0000,0.0000,0.0000,0.0000,0.0000,0.0000,0.0000,0.0000,0.0000,0.0000,0.0000,0.0000,0.0000,0.0000,0.0000,0.0000,0.0000,0.0000,0.0000,0.0000,0.0000,0.0000,0.0000,0.0000,0.0000,0.0000,0.0000,0.0000,0.0000,0.0000,0.0000,0.0000,0.0000,0.0000,0.0000,0.0000,0.0000,0.0000,0.0000,0.0000,0.0000,0.0000,0.0000,0.0000,0.0000,0.0000,0.0000,0.0000,0.0000,0.0000,0.0000,0.0000,0.0000,0.0000,0.0000,0.0000,0.0000,0.0000,0.0000,0.0000,0.0000,0.0000,0.0000,0.0000,0.0000,0.0000,0.0000,0.0000,0.0000,0.0000,0.0000,0.0000,0.0000,0.0000,0.0000,0.0000,0.0000,0.0000,0.0000,0.0000,0.0000,0.0000,0.0000,0.0000,0.0000,0.0000,0.0000,0.0000,0.0000,0.0000,0.0000,0.0000,0.0000,0.0000,0.0000,0.0000,0.0000,0.0000,0.0000,0.0000,0.0000,0.0000,0.0000,0.0000,0.0000,0.0000,0.0000,0.0000,0.0000,0.0000,0.0000,0.0000,0.0000,0.0000,0.0000,0.0000,0.0000,0.0000,0.0000,0.0000,0.0000,0.0000,0.0000,0.0000,0.0000,0.0000,0.0000,0.0000,0.0000,0.0000,0.0000,0.0000,0.0000,0.0000,0.0000,0.0000,0.0000,0.0000,0.0000,0.0000,0.0000,0.0000,0.0000,0.0000,0.0000,0.0000,0.0000,0.0000,0.0000,0.0000,0.0000,0.0000,0.0000,0.0000,0.0000,0.0000,0.0000,0.0000,0.0000,0.0000,0.0000,0.0000,0.0000,0.0000,0.0000,0.0000
45131.9583333,0.0000,0.0000,0.0000,0.0000,0.0000,0.0000,0.0000,0.0000,0.0000,0.0000,0.0000,0.0000,0.0000,0.0000,0.0000,0.0000,0.0000,0.0000,0.0000,0.0000,0.0000,0.0000,0.0000,0.0000,0.0000,0.0000,0.0000,0.0000,0.0000,0.0000,0.0000,0.0000,0.0000,0.0000,0.0000,0.0000,0.0000,0.0000,0.0000,0.0000,0.0000,0.0000,0.0000,0.0000,0.0000,0.0000,0.0000,0.0000,0.0000,0.0000,0.0000,0.0000,0.0000,0.0000,0.0000,0.0000,0.0000,0.0000,0.0000,0.0000,0.0000,0.0000,0.0000,0.0000,0.0000,0.0000,0.0000,0.0000,0.0000,0.0000,0.0000,0.0000,0.0000,0.0000,0.0000,0.0000,0.0000,0.0000,0.0000,0.0000,0.0000,0.0000,0.0000,0.0000,0.0000,0.0000,0.0000,0.0000,0.0000,0.0000,0.0000,0.0000,0.0000,0.0000,0.0000,0.0000,0.0000,0.0000,0.0000,0.0000,0.0000,0.0000,0.0000,0.0000,0.0000,0.0000,0.0000,0.0000,0.0000,0.0000,0.0000,0.0000,0.0000,0.0000,0.0000,0.0000,0.0000,0.0000,0.0000,0.0000,0.0000,0.0000,0.0000,0.0000,0.0000,0.0000,0.0000,0.0000,0.0000,0.0000,0.0000,0.0000,0.0000,0.0000,0.0000,0.0000,0.0000,0.0000,0.0000,0.0000,0.0000,0.0000,0.0000,0.0000,0.0000,0.0000,0.0000,0.0000,0.0000,0.0000,0.0000,0.0000,0.0000,0.0000,0.0000,0.0000,0.0000,0.0000,0.0000,0.0000,0.0000,0.0000,0.0000,0.0000,0.0000,0.0000,0.0000,0.0000,0.0000,0.0000,0.0000,0.0000,0.0000,0.0000,0.0000,0.0000,0.0000,0.0000,0.0000,0.0000,0.0000,0.0000,0.0000,0.0000,0.0000,0.0000,0.0000,0.0000,0.0000,0.0000,0.0000,0.0000,0.0000,0.0000,0.0000,0.0000,0.0000,0.0000,0.0000,0.0000,0.0000,0.0000,0.0000,0.0000,0.0000,0.0000,0.0000,0.0000,0.0000,0.0000,0.0000,0.0000,0.0000,0.0000,0.0000,0.0000,0.0000,0.0000,0.0000,0.0000,0.0000,0.0000,0.0000,0.0000,0.0000,0.0000,0.0000,0.0000,0.0000,0.0000,0.0000,0.0000,0.0000,0.0000,0.0000,0.0000
45132.0000000,0.0000,0.0000,0.0000,0.0000,0.0000,0.0000,0.0000,0.0000,0.0000,0.0000,0.0000,0.0000,0.0000,0.0000,0.0000,0.0000,0.0000,0.0000,0.0000,0.0000,0.0000,0.0000,0.0000,0.0000,0.0000,0.0000,0.0000,0.0000,0.0000,0.0000,0.0000,0.0000,0.0000,0.0000,0.0000,0.0000,0.0000,0.0000,0.0000,0.0000,0.0000,0.0000,0.0000,0.0000,0.0000,0.0000,0.0000,0.0000,0.0000,0.0000,0.0000,0.0000,0.0000,0.0000,0.0000,0.0000,0.0000,0.0000,0.0000,0.0000,0.0000,0.0000,0.0000,0.0000,0.0000,0.0000,0.0000,0.0000,0.0000,0.0000,0.0000,0.0000,0.0000,0.0000,0.0000,0.0000,0.0000,0.0000,0.0000,0.0000,0.0000,0.0000,0.0000,0.0000,0.0000,0.0000,0.0000,0.0000,0.0000,0.0000,0.0000,0.0000,0.0000,0.0000,0.0000,0.0000,0.0000,0.0000,0.0000,0.0000,0.0000,0.0000,0.0000,0.0000,0.0000,0.0000,0.0000,0.0000,0.0000,0.0000,0.0000,0.0000,0.0000,0.0000,0.0000,0.0000,0.0000,0.0000,0.0000,0.0000,0.0000,0.0000,0.0000,0.0000,0.0000,0.0000,0.0000,0.0000,0.0000,0.0000,0.0000,0.0000,0.0000,0.0000,0.0000,0.0000,0.0000,0.0000,0.0000,0.0000,0.0000,0.0000,0.0000,0.0000,0.0000,0.0000,0.0000,0.0000,0.0000,0.0000,0.0000,0.0000,0.0000,0.0000,0.0000,0.0000,0.0000,0.0000,0.0000,0.0000,0.0000,0.0000,0.0000,0.0000,0.0000,0.0000,0.0000,0.0000,0.0000,0.0000,0.0000,0.0000,0.0000,0.0000,0.0000,0.0000,0.0000,0.0000,0.0000,0.0000,0.0000,0.0000,0.0000,0.0000,0.0000,0.0000,0.0000,0.0000,0.0000,0.0000,0.0000,0.0000,0.0000,0.0000,0.0000,0.0000,0.0000,0.0000,0.0000,0.0000,0.0000,0.0000,0.0000,0.0000,0.0000,0.0000,0.0000,0.0000,0.0000,0.0000,0.0000,0.0000,0.0000,0.0000,0.0000,0.0000,0.0000,0.0000,0.0000,0.0000,0.0000,0.0000,0.0000,0.0000,0.0000,0.0000,0.0000,0.0000,0.0000,0.0000,0.0000,0.0000,0.0000,0.0000,0.0000,0.0000
45132.0416667,0.0000,0.0000,0.0000,0.0000,0.0000,0.0000,0.0000,0.0000,0.0000,0.0000,0.0000,0.0000,0.0000,0.0000,0.0000,0.0000,0.0000,0.0000,0.0000,0.0000,0.0000,0.0000,0.0000,0.0000,0.0000,0.0000,0.0000,0.0000,0.0000,0.0000,0.0000,0.0000,0.0000,0.0000,0.0000,0.0000,0.0000,0.0000,0.0000,0.0000,0.0000,0.0000,0.0000,0.0000,0.0000,0.0000,0.0000,0.0000,0.0000,0.0000,0.0000,0.0000,0.0000,0.0000,0.0000,0.0000,0.0000,0.0000,0.0000,0.0000,0.0000,0.0000,0.0000,0.0000,0.0000,0.0000,0.0000,0.0000,0.0000,0.0000,0.0000,0.0000,0.0000,0.0000,0.0000,0.0000,0.0000,0.0000,0.0000,0.0000,0.0000,0.0000,0.0000,0.0000,0.0000,0.0000,0.0000,0.0000,0.0000,0.0000,0.0000,0.0000,0.0000,0.0000,0.0000,0.0000,0.0000,0.0000,0.0000,0.0000,0.0000,0.0000,0.0000,0.0000,0.0000,0.0000,0.0000,0.0000,0.0000,0.0000,0.0000,0.0000,0.0000,0.0000,0.0000,0.0000,0.0000,0.0000,0.0000,0.0000,0.0000,0.0000,0.0000,0.0000,0.0000,0.0000,0.0000,0.0000,0.0000,0.0000,0.0000,0.0000,0.0000,0.0000,0.0000,0.0000,0.0000,0.0000,0.0000,0.0000,0.0000,0.0000,0.0000,0.0000,0.0000,0.0000,0.0000,0.0000,0.0000,0.0000,0.0000,0.0000,0.0000,0.0000,0.0000,0.0000,0.0000,0.0000,0.0000,0.0000,0.0000,0.0000,0.0000,0.0000,0.0000,0.0000,0.0000,0.0000,0.0000,0.0000,0.0000,0.0000,0.0000,0.0000,0.0000,0.0000,0.0000,0.0000,0.0000,0.0000,0.0000,0.0000,0.0000,0.0000,0.0000,0.0000,0.0000,0.0000,0.0000,0.0000,0.0000,0.0000,0.0000,0.0000,0.0000,0.0000,0.0000,0.0000,0.0000,0.0000,0.0000,0.0000,0.0000,0.0000,0.0000,0.0000,0.0000,0.0000,0.0000,0.0000,0.0000,0.0000,0.0000,0.0000,0.0000,0.0000,0.0000,0.0000,0.0000,0.0000,0.0000,0.0000,0.0000,0.0000,0.0000,0.0000,0.0000,0.0000,0.0000,0.0000,0.0000,0.0000,0.0000,0.0000,0.0000,0.0000
45132.0833333,0.0000,0.0000,0.0000,0.0000,0.0000,0.0000,0.0000,0.0000,0.0000,0.0000,0.0000,0.0000,0.0000,0.0000,0.0000,0.0000,0.0000,0.0000,0.0000,0.0000,0.0000,0.0000,0.0000,0.0000,0.0000,0.0000,0.0000,0.0000,0.0000,0.0000,0.0000,0.0000,0.0000,0.0000,0.0000,0.0000,0.0000,0.0000,0.0000,0.0000,0.0000,0.0000,0.0000,0.0000,0.0000,0.0000,0.0000,0.0000,0.0000,0.0000,0.0000,0.0000,0.0000,0.0000,0.0000,0.0000,0.0000,0.0000,0.0000,0.0000,0.0000,0.0000,0.0000,0.0000,0.0000,0.0000,0.0000,0.0000,0.0000,0.0000,0.0000,0.0000,0.0000,0.0000,0.0000,0.0000,0.0000,0.0000,0.0000,0.0000,0.0000,0.0000,0.0000,0.0000,0.0000,0.0000,0.0000,0.0000,0.0000,0.0000,0.0000,0.0000,0.0000,0.0000,0.0000,0.0000,0.0000,0.0000,0.0000,0.0000,0.0000,0.0000,0.0000,0.0000,0.0000,0.0000,0.0000,0.0000,0.0000,0.0000,0.0000,0.0000,0.0000,0.0000,0.0000,0.0000,0.0000,0.0000,0.0000,0.0000,0.0000,0.0000,0.0000,0.0000,0.0000,0.0000,0.0000,0.0000,0.0000,0.0000,0.0000,0.0000,0.0000,0.0000,0.0000,0.0000,0.0000,0.0000,0.0000,0.0000,0.0000,0.0000,0.0000,0.0000,0.0000,0.0000,0.0000,0.0000,0.0000,0.0000,0.0000,0.0000,0.0000,0.0000,0.0000,0.0000,0.0000,0.0000,0.0000,0.0000,0.0000,0.0000,0.0000,0.0000,0.0000,0.0000,0.0000,0.0000,0.0000,0.0000,0.0000,0.0000,0.0000,0.0000,0.0000,0.0000,0.0000,0.0000,0.0000,0.0000,0.0000,0.0000,0.0000,0.0000,0.0000,0.0000,0.0000,0.0000,0.0000,0.0000,0.0000,0.0000,0.0000,0.0000,0.0000,0.0000,0.0000,0.0000,0.0000,0.0000,0.0000,0.0000,0.0000,0.0000,0.0000,0.0000,0.0000,0.0000,0.0000,0.0000,0.0000,0.0000,0.0000,0.0000,0.0000,0.0000,0.0000,0.0000,0.0000,0.0000,0.0000,0.0000,0.0000,0.0000,0.0000,0.0000,0.0000,0.0000,0.0000,0.0000,0.0000,0.0000,0.0000,0.0000,0.0000,0.0000
45132.1250000,0.0000,0.0000,0.0000,0.0000,0.0000,0.0000,0.0000,0.0000,0.0000,0.0000,0.0000,0.0000,0.0000,0.0000,0.0000,0.0000,0.0000,0.0000,0.0000,0.0000,0.0000,0.0000,0.0000,0.0000,0.0000,0.0000,0.0000,0.0000,0.0000,0.0000,0.0000,0.0000,0.0000,0.0000,0.0000,0.0000,0.0000,0.0000,0.0000,0.0000,0.0000,0.0000,0.0000,0.0000,0.0000,0.0000,0.0000,0.0000,0.0000,0.0000,0.0000,0.0000,0.0000,0.0000,0.0000,0.0000,0.0000,0.0000,0.0000,0.0000,0.0000,0.0000,0.0000,0.0000,0.0000,0.0000,0.0000,0.0000,0.0000,0.0000,0.0000,0.0000,0.0000,0.0000,0.0000,0.0000,0.0000,0.0000,0.0000,0.0000,0.0000,0.0000,0.0000,0.0000,0.0000,0.0000,0.0000,0.0000,0.0000,0.0000,0.0000,0.0000,0.0000,0.0000,0.0000,0.0000,0.0000,0.0000,0.0000,0.0000,0.0000,0.0000,0.0000,0.0000,0.0000,0.0000,0.0000,0.0000,0.0000,0.0000,0.0000,0.0000,0.0000,0.0000,0.0000,0.0000,0.0000,0.0000,0.0000,0.0000,0.0000,0.0000,0.0000,0.0000,0.0000,0.0000,0.0000,0.0000,0.0000,0.0000,0.0000,0.0000,0.0000,0.0000,0.0000,0.0000,0.0000,0.0000,0.0000,0.0000,0.0000,0.0000,0.0000,0.0000,0.0000,0.0000,0.0000,0.0000,0.0000,0.0000,0.0000,0.0000,0.0000,0.0000,0.0000,0.0000,0.0000,0.0000,0.0000,0.0000,0.0000,0.0000,0.0000,0.0000,0.0000,0.0000,0.0000,0.0000,0.0000,0.0000,0.0000,0.0000,0.0000,0.0000,0.0000,0.0000,0.0000,0.0000,0.0000,0.0000,0.0000,0.0000,0.0000,0.0000,0.0000,0.0000,0.0000,0.0000,0.0000,0.0000,0.0000,0.0000,0.0000,0.0000,0.0000,0.0000,0.0000,0.0000,0.0000,0.0000,0.0000,0.0000,0.0000,0.0000,0.0000,0.0000,0.0000,0.0000,0.0000,0.0000,0.0000,0.0000,0.0000,0.0000,0.0000,0.0000,0.0000,0.0000,0.0000,0.0000,0.0000,0.0000,0.0000,0.0000,0.0000,0.0000,0.0000,0.0000,0.0000,0.0000,0.0000,0.0000,0.0000,0.0000,0.0000,0.0000
45132.1666667,0.0000,0.0000,0.0000,0.0000,0.0000,0.0000,0.0000,0.0000,0.0000,0.0000,0.0000,0.0000,0.0000,0.0000,0.0000,0.0000,0.0000,0.0000,0.0000,0.0000,0.0000,0.0000,0.0000,0.0000,0.0000,0.0000,0.0000,0.0000,0.0000,0.0000,0.0000,0.0000,0.0000,0.0000,0.0000,0.0000,0.0000,0.0000,0.0000,0.0000,0.0000,0.0000,0.0000,0.0000,0.0000,0.0000,0.0000,0.0000,0.0000,0.0000,0.0000,0.0000,0.0000,0.0000,0.0000,0.0000,0.0000,0.0000,0.0000,0.0000,0.0000,0.0000,0.0000,0.0000,0.0000,0.0000,0.0000,0.0000,0.0000,0.0000,0.0000,0.0000,0.0000,0.0000,0.0000,0.0000,0.0000,0.0000,0.0000,0.0000,0.0000,0.0000,0.0000,0.0000,0.0000,0.0000,0.0000,0.0000,0.0000,0.0000,0.0000,0.0000,0.0000,0.0000,0.0000,0.0000,0.0000,0.0000,0.0000,0.0000,0.0000,0.0000,0.0000,0.0000,0.0000,0.0000,0.0000,0.0000,0.0000,0.0000,0.0000,0.0000,0.0000,0.0000,0.0000,0.0000,0.0000,0.0000,0.0000,0.0000,0.0000,0.0000,0.0000,0.0000,0.0000,0.0000,0.0000,0.0000,0.0000,0.0000,0.0000,0.0000,0.0000,0.0000,0.0000,0.0000,0.0000,0.0000,0.0000,0.0000,0.0000,0.0000,0.0000,0.0000,0.0000,0.0000,0.0000,0.0000,0.0000,0.0000,0.0000,0.0000,0.0000,0.0000,0.0000,0.0000,0.0000,0.0000,0.0000,0.0000,0.0000,0.0000,0.0000,0.0000,0.0000,0.0000,0.0000,0.0000,0.0000,0.0000,0.0000,0.0000,0.0000,0.0000,0.0000,0.0000,0.0000,0.0000,0.0000,0.0000,0.0000,0.0000,0.0000,0.0000,0.0000,0.0000,0.0000,0.0000,0.0000,0.0000,0.0000,0.0000,0.0000,0.0000,0.0000,0.0000,0.0000,0.0000,0.0000,0.0000,0.0000,0.0000,0.0000,0.0000,0.0000,0.0000,0.0000,0.0000,0.0000,0.0000,0.0000,0.0000,0.0000,0.0000,0.0000,0.0000,0.0000,0.0000,0.0000,0.0000,0.0000,0.0000,0.0000,0.0000,0.0000,0.0000,0.0000,0.0000,0.0000,0.0000,0.0000,0.0000,0.0000,0.0000,0.0000,0.0000
45132.2083333,0.0000,0.0000,0.0000,0.0000,0.0000,0.0000,0.0000,0.0000,0.0000,0.0000,0.0000,0.0000,0.0000,0.0000,0.0000,0.0000,0.0000,0.0000,0.0000,0.0000,0.0000,0.0000,0.0000,0.0000,0.0000,0.0000,0.0000,0.0000,0.0000,0.0000,0.0000,0.0000,0.0000,0.0000,0.0000,0.0000,0.0000,0.0000,0.0000,0.0000,0.0000,0.0000,0.0000,0.0000,0.0000,0.0000,0.0000,0.0000,0.0000,0.0000,0.0000,0.0000,0.0000,0.0000,0.0000,0.0000,0.0000,0.0000,0.0000,0.0000,0.0000,0.0000,0.0000,0.0000,0.0000,0.0000,0.0000,0.0000,0.0000,0.0000,0.0000,0.0000,0.0000,0.0000,0.0000,0.0000,0.0000,0.0000,0.0000,0.0000,0.0000,0.0000,0.0000,0.0000,0.0000,0.0000,0.0000,0.0000,0.0000,0.0000,0.0000,0.0000,0.0000,0.0000,0.0000,0.0000,0.0000,0.0000,0.0000,0.0000,0.0000,0.0000,0.0000,0.0000,0.0000,0.0000,0.0000,0.0000,0.0000,0.0000,0.0000,0.0000,0.0000,0.0000,0.0000,0.0000,0.0000,0.0000,0.0000,0.0000,0.0000,0.0000,0.0000,0.0000,0.0000,0.0000,0.0000,0.0000,0.0000,0.0000,0.0000,0.0000,0.0000,0.0000,0.0000,0.0000,0.0000,0.0000,0.0000,0.0000,0.0000,0.0000,0.0000,0.0000,0.0000,0.0000,0.0000,0.0000,0.0000,0.0000,0.0000,0.0000,0.0000,0.0000,0.0000,0.0000,0.0000,0.0000,0.0000,0.0000,0.0000,0.0000,0.0000,0.0000,0.0000,0.0000,0.0000,0.0000,0.0000,0.0000,0.0000,0.0000,0.0000,0.0000,0.0000,0.0000,0.0000,0.0000,0.0000,0.0000,0.0000,0.0000,0.0000,0.0000,0.0000,0.0000,0.0000,0.0000,0.0000,0.0000,0.0000,0.0000,0.0000,0.0000,0.0000,0.0000,0.0000,0.0000,0.0000,0.0000,0.0000,0.0000,0.0000,0.0000,0.0000,0.0000,0.0000,0.0000,0.0000,0.0000,0.0000,0.0000,0.0000,0.0000,0.0000,0.0000,0.0000,0.0000,0.0000,0.0000,0.0000,0.0000,0.0000,0.0000,0.0000,0.0000,0.0000,0.0000,0.0000,0.0000,0.0000,0.0000,0.0000,0.0000,0.0000,0.0000
45132.2500000,0.1837,0.4185,0.5602,0.5324,0.9193,0.7145,0.6423,0.3233,0.6328,0.6565,0.5933,0.5360,0.3565,0.5114,0.4651,0.4802,0.6174,0.5702,0.4174,0.2968,0.6688,0.2803,0.2710,0.4386,0.4635,0.9449,0.4428,0.1679,0.5538,0.1855,0.3547,0.2340,0.3038,0.4707,0.4580,0.3954,0.6185,0.6356,0.2273,0.8323,0.7278,0.7666,0.4426,0.5914,1.2392,0.6199,0.4835,0.5322,0.3019,0.4078,0.6224,0.5800,0.6596,0.7104,0.2794,0.2753,0.3329,0.5113,0.9063,0.6993,0.7324,0.5566,0.2450,0.2206,0.3413,0.2974,0.4868,0.4696,-0.1438,0.0976,0.4302,0.4148,0.3440,0.1051,0.4556,0.6033,0.4923,0.5773,0.4030,0.6351,1.3436,1.1810,0.8535,0.6796,0.5390,0.5617,0.8690,0.6523,0.7566,0.6552,0.7134,0.8981,1.0022,0.7396,0.3734,0.4913,0.5903,0.8905,0.6998,0.5969,0.6579,0.7672,0.5683,0.6011,0.8770,1.1191,0.9258,0.8757,0.4403,0.8198,0.4937,0.2223,0.6136,0.5167,0.6081,0.5195,0.3954,0.6887,0.5620,0.5795,0.1295,0.5549,0.3159,0.5219,0.4311,0.5652,0.5969,0.8143,0.4997,0.1846,0.3336,0.3014,0.3368,0.3965,0.5734,0.3975,0.3991,0.5768,0.4146,0.3463,0.2233,0.5199,0.3677,0.4216,0.5743,0.1545,0.2492,0.7283,0.4700,0.3558,0.3369,0.1274,0.2245,0.1530,0.3449,0.6656,0.7646,0.7111,0.6573,0.3990,0.9870,0.7412,0.7483,0.9314,1.1026,0.6930,0.8334,0.5195,0.4703,0.4177,0.1128,0.2536,0.2783,0.5387,0.5260,0.7053,0.4895,0.5340,0.4462,1.0281,0.8465,0.6364,0.5657,0.7080,0.5617,0.7401,0.6776,0.6830,0.6882,0.6935,0.6989,0.7020,0.7073,0.7127,0.7182,0.7237,0.7292,0.7349,0.7406,0.7465,0.7524,0.7585,0.7647,0.7710,0.7774,0.7839,0.7905,0.7973,0.8042,0.8112,0.8184,0.8257,0.8332,0.8408,0.8485,0.8564,0.8644,0.8726,0.8809,0.8894,0.8980,0.9068,0.9157,0.9248,0.9340,0.9433,0.9528,0.9623,0.9720,0.9818,0.9917,1.0017,1.0118,1.0219,1.0246,1.0350
45132.2916667,0.8850,2.0166,2.6995,2.5657,4.4309,3.4440,3.0961,1.5586,3.0505,3.1735,2.8688,2.5914,1.7205,2.4722,2.2422,2.3149,2.9874,2.7555,2.0124,1.4311,3.2247,1.3516,1.3069,2.1152,2.2779,4.5935,2.1403,0.8099,2.6880,0.9061,1.7159,1.1412,1.7434,2.4223,2.2099,1.9079,3.0051,3.0959,1.1853,4.0386,3.5124,3.7083,2.1362,2.8545,5.9819,2.9923,2.3341,2.5692,1.4577,1.9689,3.0569,2.8455,3.3031,3.4516,1.3494,1.3294,1.6081,2.4913,4.3937,3.3995,3.5907,2.6967,1.1838,1.0661,1.6503,1.4386,2.3566,2.2744,-0.6868,0.4791,2.0864,2.0297,1.6941,0.5141,2.2398,2.9411,2.3999,2.8183,2.0062,3.0725,6.5462,5.7471,4.1577,3.7557,2.6092,2.7197,4.2058,3.1569,3.6612,3.1710,3.4520,4.3447,4.8490,3.5785,1.8070,2.3773,2.8560,4.3086,3.3867,2.8884,3.1837,3.7124,2.7500,3.0255,4.3004,6.4219,4.7950,5.1369,2.4275,4.6287,2.6790,1.0814,3.0043,2.5008,2.9873,2.6168,1.9232,3.3451,2.7209,2.8226,0.6275,2.7789,1.5362,2.5273,2.0873,2.8188,2.9039,3.9625,2.4196,0.8965,1.6252,1.4797,1.6988,2.5156,2.8016,1.9990,1.9334,3.0936,2.4952,1.6772,1.0818,2.5440,1.7808,2.0422,2.7818,0.7482,1.2071,3.5277,2.2976,1.7344,1.6423,0.6172,1.0884,0.7599,1.6874,3.2332,3.7247,3.4452,3.1847,1.9333,4.7824,3.5912,3.6261,4.5275,5.4634,3.3892,4.0891,2.5488,2.3132,2.1713,0.5482,1.4212,1.3523,2.6422,2.5626,3.7072,2.3964,2.6046,2.1774,5.0113,4.1272,3.0942,2.7672,3.4572,2.7322,3.5982,3.2945,3.3205,3.3461,3.3717,3.3936,3.4090,3.4351,3.4618,3.4888,3.5160,3.5436,3.5718,3.5998,3.6289,3.6587,3.6890,3.7201,3.7518,3.7842,3.8175,3.8411,3.8875,3.9235,3.9604,3.9984,4.0374,4.0776,4.1190,4.2294,4.1985,4.2429,4.2888,4.3361,4.3849,4.4355,4.4878,4.5420,4.5331,4.6713,4.7340,4.7995,4.8680,4.9398,5.0152,5.0944,5.1779,5.6515,5.7004,5.7136,5.7640
45132.3333333,2.1593,4.9205,6.7637,6.2609,10.8130,8.6871,7.5561,3.8038,8.0890,8.0412,7.2484,6.5897,4.3808,6.2002,5.4722,5.7815,14.8055,6.9593,6.3082,3.5655,7.8708,3.4275,3.1900,7.4683,6.4919,11.2401,5.4192,1.9773,7.0284,2.5704,5.0557,3.4631,11.0149,9.4647,6.0672,4.6587,7.6352,9.2826,3.5214,10.6194,8.5774,9.3725,5.2171,6.9717,15.4791,7.3084,5.7008,6.2751,3.5603,5.7211,9.2380,8.5546,15.8283,9.2192,3.4573,4.4610,4.9156,6.8203,11.5662,8.6004,11.0751,6.8763,2.8920,2.6045,7.2746,3.5159,12.8817,6.7690,-2.9170,1.1833,5.6211,5.3780,5.2098,1.2788,5.8082,8.0198,5.8976,7.1415,5.2663,8.6126,16.6249,15.3964,10.5371,11.6168,6.3914,7.2849,10.3012,7.7338,8.9665,7.7698,8.4541,10.6375,13.5471,11.3371,4.8441,6.0497,7.2415,11.0816,8.5198,9.2331,7.8743,10.3979,6.9952,15.0889,12.5734,23.7426,19.7271,19.7757,8.5451,16.7152,9.1035,3.0389,8.0835,6.2543,8.7462,13.1482,4.8101,8.1940,7.2956,7.3385,1.5451,12.9275,3.7868,6.7461,5.3564,7.4632,7.6630,10.2662,6.5356,2.2610,4.3057,4.3695,8.7562,11.0398,6.9408,5.4149,4.8148,9.4492,10.1628,4.3318,2.6479,6.3946,4.4254,5.1582,7.1056,1.8316,3.2482,8.9920,5.8738,4.8904,4.0320,1.5141,2.6884,1.9608,4.4708,8.1529,9.9333,8.5251,8.3974,4.8613,23.1662,9.3193,10.6862,11.1202,15.9778,9.3188,10.2685,7.9765,6.1013,9.0398,1.3709,5.2702,3.3995,7.8072,6.7161,16.0673,5.9825,6.9376,5.4913,13.1258,10.9912,7.8209,6.7589,8.5484,6.6870,9.1196,8.3606,8.4445,8.5288,8.6146,8.7027,8.7529,8.8420,8.9337,9.0280,9.1244,9.2235,9.3257,9.4313,9.5403,9.6530,9.7696,9.8902,10.0152,10.1447,10.2790,10.4183,9.8938,10.7621,10.9225,11.0895,11.2633,11.4444,11.6332,11.8299,12.0351,12.2492,12.4727,12.7060,12.9498,13.2044,13.4705,13.7487,14.0397,14.3440,19.0992,19.2101,19.3224,19.4361,19.5511,19.6672,19.7843,19.9023,20.0212,20.0524,20.1749
45132.3750000,2.8026,6.3867,9.2784,8.1272,24.3425,13.9046,9.8096,10.3980,16.5657,12.8737,11.5004,10.6225,7.0385,9.8283,7.7983,8.4792,32.7922,10.8604,23.7455,5.6939,20.1399,5.4397,4.1421,13.0024,9.1030,23.4797,8.9891,2.5681,13.7704,8.5307,7.9966,13.8571,27.7058,29.7473,32.8130,27.5728,14.4547,12.6266,5.6258,21.0777,11.6762,14.6167,6.7777,10.0968,22.4435,15.6043,9.3809,8.1530,5.8286,7.6949,37.1539,33.1663,34.9668,18.9181,5.7620,20.5966,6.1094,15.5333,21.5004,13.6216,38.8033,11.0995,3.7578,3.3843,14.5092,4.5698,29.6325,28.4339,-14.5081,1.5884,11.8093,7.3045,19.0106,1.8089,12.6547,17.4132,9.0981,18.4720,7.7319,13.1788,35.2211,30.5310,16.5871,41.9911,8.3239,10.1310,14.0519,10.0753,11.6791,37.0342,21.3443,20.9372,28.0344,42.8434,10.1748,9.3282,11.3643,18.0636,13.2927,35.4036,10.9682,41.9673,11.0195,33.9674,43.8171,49.3458,41.3009,42.4056,17.8771,34.5025,18.4727,10.0033,11.0953,9.4602,33.2177,29.8190,7.3142,12.9227,15.4615,14.0337,2.0461,28.4765,5.1452,13.4421,8.2151,10.5821,14.8146,20.4118,13.5367,3.5809,8.8198,16.6916,20.4493,25.9924,14.0034,7.9148,7.0993,29.9422,23.0703,5.8533,3.8888,10.5380,10.3892,7.9418,12.5306,2.6556,6.8793,16.8960,13.9216,6.6647,8.6179,2.0447,3.5349,4.3393,6.0849,12.6628,19.9037,12.0093,16.4148,7.3715,50.1386,15.9661,24.0808,15.6190,23.7047,24.9917,17.2820,29.2880,22.9911,19.7042,2.1448,11.8181,4.9818,24.7948,12.6625,34.7454,9.9784,13.9625,8.5651,24.6245,22.0775,12.1336,9.3531,12.5801,9.8749,14.1611,13.0074,13.2003,11.5821,13.6422,13.8540,14.0363,14.2590,14.4891,14.7269,14.9717,15.2246,15.4863,15.7571,16.0374,16.3276,16.6282,16.9396,17.2622,17.5966,17.9432,18.3025,18.6751,19.0615,19.4623,19.8780,20.3093,20.7569,21.2212,21.7031,22.2033,22.7224,37.9976,38.1245,38.2537,38.3851,38.5187,38.6545,38.7924,38.9323,39.0742,39.2180,39.3636,39.5108,39.6597,39.8099,39.9615,40.1141,40.2676,40.3070,40.4652
45132.4166667,2.7679,6.3080,12.0268,14.1220,96.4947,20.2920,19.4510,9.0106,60.9731,18.5737,17.0701,15.7979,10.3764,14.5446,7.8404,13.0235,53.3426,15.3872,39.6159,5.4410,17.6509,10.6459,5.5857,13.8828,13.7162,75.7723,14.0277,11.0498,51.3047,12.4604,44.4745,20.3078,48.0813,49.6898,55.3246,46.7236,60.9535,21.5859,7.0007,68.8530,24.6267,19.7683,6.7006,10.2636,96.0134,50.0352,13.5542,13.0682,8.3747,16.5151,61.0723,54.4627,56.7063,64.3896,7.8915,32.8172,8.4179,61.8273,76.3396,19.3444,62.6671,16.2078,5.5342,5.7019,15.5130,4.5201,49.2703,47.3349,-21.9307,2.3436,39.9899,7.4093,28.8359,2.4550,11.1014,60.5264,13.0501,72.2948,8.6430,22.4999,112.0436,96.0997,23.3808,69.0206,8.2430,10.2773,15.5347,9.9792,29.2451,60.4745,74.4939,83.9763,85.5887,69.8507,41.2738,13.2150,16.2683,26.5673,18.5446,58.3278,17.7369,67.9818,15.6390,55.6979,69.9260,76.8418,64.8339,67.4258,28.9163,53.9875,29.3296,17.5148,12.9580,12.8350,54.2839,49.2928,8.6883,18.0508,56.1844,52.7832,2.9008,46.4394,7.7019,42.9353,7.7066,49.5493,44.8605,62.1668,44.6907,5.5457,33.0867,28.4364,34.7196,43.8973,60.8579,9.6347,9.4200,48.7367,38.4401,33.4763,5.1694,44.7578,36.2902,10.8829,50.3140,3.1980,25.2584,69.8424,52.1405,9.5565,35.6184,2.3673,4.6486,13.4224,7.9024,17.7292,62.8130,14.3008,60.4830,10.2459,79.8076,68.4037,67.2943,17.2672,53.3020,33.6205,29.9227,48.2655,37.6052,32.3715,4.5828,20.2833,6.7014,39.9801,37.4583,55.7250,11.2371,45.4811,12.0147,79.5159,68.3642,16.7932,55.2944,16.4830,13.0581,19.6693,18.1090,18.4599,18.8188,19.1875,19.5673,19.9226,20.3228,20.7352,21.1603,21.5975,22.0480,22.5126,22.9918,23.4860,23.9959,24.5219,25.0646,25.6246,26.2025,26.7989,58.2453,58.3473,58.4513,58.5574,58.6655,58.7757,58.8880,59.0026,59.1193,59.2383,59.3595,59.4829,59.6087,59.7366,59.8668,59.9992,60.1338,60.2704,60.4092,60.5499,60.6925,60.8369,60.9830,61.1306,61.2797,61.4300,61.5814,61.7337,61.7727,61.9296
45132.4583333,2.5538,7.7731,23.7011,101.9119,128.3618,27.7090,26.8010,12.6584,81.7045,87.4695,86.3051,21.6431,50.5832,70.1975,72.1594,17.5698,71.3724,20.4728,15.6632,6.6229,87.3668,22.1422,8.5517,9.9354,19.1665,99.8481,75.5371,15.0310,69.0109,8.2441,32.2073,8.9978,20.9520,25.8075,75.1524,63.8094,81.7722,80.3604,10.5271,91.1398,93.1197,25.8638,6.1879,11.4549,125.5508,66.8284,18.3279,29.4098,11.8690,9.6283,22.6164,73.1525,75.6853,25.0496,9.1533,23.3798,12.7283,83.6869,100.8774,85.5063,83.3452,22.0475,5.8645,7.5590,9.9024,15.5866,66.6684,64.1350,-4.5210,3.3952,16.1801,9.2365,13.2881,11.7312,22.6653,81.2720,64.9834,97.5531,17.0731,23.2719,146.7505,126.0362,105.1105,26.2444,7.6207,16.0432,103.5744,27.2268,103.6229,80.8641,99.6554,111.3812,112.8842,93.1351,14.8971,17.3975,21.8503,36.0910,24.3808,22.7122,76.1275,90.4183,69.1122,74.7317,92.3355,100.1640,85.0478,88.9376,39.2043,70.9533,39.4336,5.7571,75.5827,17.2973,72.8162,66.5889,12.1728,80.1777,75.7352,70.9658,3.9005,62.4564,44.6967,57.8840,30.3270,66.6337,60.0002,82.2035,60.4165,12.8079,45.6572,17.6170,6.9873,12.4915,10.8438,55.2732,53.0700,36.5993,14.6904,46.0562,39.7704,60.3094,49.7513,48.8457,67.5350,5.4885,35.4501,93.2074,15.6151,13.3748,11.0432,4.0326,5.8392,6.6990,11.4456,86.8917,83.3361,89.4015,21.8816,45.2893,105.0821,91.1437,27.0713,46.3652,85.0142,99.5163,95.5493,65.0892,50.8349,44.0292,4.4366,28.5987,8.8960,53.6155,50.2488,74.0285,26.3975,61.1718,16.0539,104.3922,27.3271,22.1176,20.0360,20.8312,21.5300,83.5401,75.3354,75.4090,75.4813,75.5539,75.6274,75.6687,75.7417,75.8158,75.8911,75.9665,76.0430,76.1207,76.1999,76.2804,76.3623,76.4458,76.5308,76.6174,76.7057,76.7957,76.8874,76.9809,77.0763,77.1736,77.2728,77.3739,77.4771,77.5823,77.6896,77.7989,77.9104,78.0239,78.1396,78.2573,78.3772,78.4992,78.6231,78.7491,78.8770,79.0068,79.1384,79.2716,79.4065,79.5429,79.6806,79.8195,79.9594,80.1003,80.1363,80.2815
45132.5000000,2.3600,18.5781,101.5654,120.6034,150.4874,120.4986,114.0643,16.0018,96.3492,103.0807,101.9311,89.5720,60.5445,83.1796,85.6658,76.9065,84.1880,80.3803,64.2959,51.6245,102.9148,15.4452,10.5875,18.0138,81.7154,116.6797,89.7400,6.1563,81.6237,10.3379,72.8757,13.9562,38.4582,79.9706,89.2304,76.0430,96.4800,94.7490,13.6744,106.7870,109.5044,105.8815,9.9674,12.7073,146.0106,78.8039,74.1694,91.9619,52.2370,9.5777,96.6265,86.4257,89.1335,100.9732,11.3540,16.7525,14.8325,99.1296,118.0325,100.6025,97.9271,88.8945,12.0843,9.6940,12.1040,17.2440,79.0895,76.1547,-28.8007,14.4132,64.7113,18.5242,16.9449,15.4938,19.7299,95.9309,77.0692,115.2813,21.5556,28.8349,170.6857,146.7766,123.2168,108.7973,13.0126,21.5332,121.3449,31.5361,121.8120,95.2630,117.2776,130.4759,131.8758,109.4738,67.5023,86.0527,94.0307,148.3989,106.2198,92.5177,89.6624,106.1701,81.6933,88.2223,108.0426,116.4245,99.2505,104.0360,46.8010,82.9844,46.8978,30.9579,89.2286,76.3312,85.9836,78.9430,14.7344,94.4077,89.6171,83.9174,4.9340,73.9555,53.8237,68.6781,94.4978,78.8816,70.9292,96.4039,71.7798,37.1361,54.9310,47.7760,12.9484,16.3518,97.0509,66.0648,63.4510,77.3667,62.5823,55.3336,48.3392,71.5508,59.6114,58.3405,79.8838,6.9880,43.1076,109.6737,19.1237,16.6747,13.5217,20.2616,31.5489,8.6721,14.0337,102.3951,97.8281,105.1952,95.3028,54.1514,122.7332,107.1391,105.2583,118.5422,149.6375,117.2137,112.0108,77.1241,60.4420,52.5829,19.3129,34.9267,46.1359,63.4781,59.5414,87.0154,17.0754,72.4314,64.8783,121.7542,105.8224,89.5201,87.9423,108.6182,97.0303,98.1368,88.6595,88.7268,88.7929,88.8593,88.9265,88.9639,89.0306,89.0983,89.1671,89.2361,89.3060,89.3771,89.4494,89.5231,89.5981,89.6745,89.7523,89.8316,89.9124,89.9948,90.0788,90.1645,90.2520,90.3411,90.4321,90.5249,90.6195,90.7161,90.8145,90.9149,91.0173,91.1216,91.2279,91.3361,91.4463,91.5584,91.6724,91.7883,91.9060,92.0254,92.1465,92.2692,92.3934,92.5190,92.6458,92.7738,92.9028,93.0326,93.0653,93.1993
45132.5416667,12.5849,120.2745,107.5256,127.6340,158.8210,127.3639,120.6394,79.2421,101.9591,109.0398,107.8824,94.8944,64.4293,88.1724,90.8358,81.5819,89.1432,85.1676,68.3334,55.0714,108.8539,16.7567,64.1772,18.7305,86.6696,123.1330,21.3844,3.5234,86.4935,11.5721,17.4649,5.2075,17.7093,84.8225,94.6025,80.7452,102.1095,100.2684,15.2227,112.7953,115.7537,111.8977,12.5891,26.5647,153.8170,83.4604,78.6910,97.4189,55.7127,19.8405,102.2605,91.5362,94.3229,106.7687,12.4253,16.4977,16.2411,22.8334,124.5932,106.3871,103.5354,94.1609,17.2266,11.6632,14.0280,86.5340,83.8775,80.7963,-29.3909,15.9864,68.7568,90.5774,87.5307,17.1192,21.6036,101.5404,81.7393,27.9424,23.5493,29.3908,179.7525,154.6719,130.1060,115.0474,19.7568,99.3826,128.1175,112.7893,128.7104,100.7903,123.9651,137.7259,139.1107,115.7093,71.7535,91.2204,99.5498,156.6438,112.3127,97.9483,94.8818,112.2016,86.5544,93.4141,114.0810,122.7101,104.7629,109.8571,49.8601,87.7022,49.9222,33.3502,94.4813,80.9619,91.0660,83.7179,15.9854,99.8876,22.4111,88.9218,22.1380,78.4421,57.4183,72.9124,22.6980,83.6529,75.2454,101.9359,76.2411,39.9776,13.8357,51.1083,14.1015,10.1639,102.8627,70.3339,16.2618,82.1094,66.6580,59.0730,51.8028,76.0315,63.5701,62.1827,84.7730,35.1161,46.2599,116.0589,20.8629,18.4598,62.7557,22.2483,34.0607,9.6297,15.2975,108.3963,103.4869,111.3042,100.9094,57.7186,129.5488,113.3101,111.3154,125.1659,157.8192,123.9723,118.3564,81.8253,64.2622,56.0120,21.1796,37.5213,49.3218,67.3848,63.2406,92.0667,73.2437,76.8307,68.9393,128.4288,111.7810,94.7677,93.1656,114.8528,102.7570,103.7658,93.8222,93.8882,93.9532,94.0184,94.0845,94.1211,94.1866,94.2532,94.3209,94.3887,94.4574,94.5274,94.5985,94.6709,94.7447,94.8198,94.8963,94.9743,95.0538,95.1349,95.2175,95.3018,95.3878,95.4755,95.5650,95.6562,95.7493,95.8442,95.9411,96.0398,96.1405,96.2430,96.3476,96.4540,96.5624,96.6726,96.7848,96.8987,97.0145,97.1320,97.2511,97.3718,97.4940,97.6175,97.7423,97.8682,97.9952,98.1229,98.1548,98.2866
45132.5833333,10.6591,116.7825,104.4384,21.3062,154.5085,123.8095,117.2347,16.8867,99.0534,105.9537,104.7999,92.1368,62.4141,85.5851,88.1567,79.1585,86.5758,82.6869,66.2396,53.2823,105.7781,15.6982,12.0187,84.5495,17.5951,119.7927,10.6162,2.7261,44.1354,11.0615,16.6984,12.4066,16.8834,34.7873,38.6209,78.3076,99.1935,97.4095,14.4806,109.6845,112.5178,108.7825,48.4827,110.1182,149.7786,81.0475,76.3472,94.5917,53.9088,89.8258,99.3423,88.8884,91.6347,103.7674,10.9662,16.5953,14.7856,11.5826,121.1972,103.3913,100.6309,91.4324,15.9239,11.9235,12.7092,31.6018,19.3173,78.3904,-29.0949,15.1651,66.6590,17.4022,14.9238,16.2711,92.4985,98.6350,79.3191,26.0647,22.4705,155.0665,175.0635,150.5878,126.5405,111.8115,119.4508,96.5174,124.6126,109.6024,125.1401,97.9284,120.5037,133.9747,135.3681,112.4823,15.2355,88.5447,96.6931,152.3794,109.1602,95.1379,92.1812,109.0820,84.0382,90.7274,110.9584,119.4614,101.9136,106.8483,48.2787,85.2679,48.3648,32.1208,91.7755,78.5786,88.4509,81.2624,67.2264,97.0717,21.5380,21.0459,21.1768,76.1504,55.5896,70.7588,97.3063,81.2347,73.0735,99.1434,74.0062,18.1618,56.7960,11.8488,7.5906,15.1606,99.9618,68.2394,65.5673,79.7904,64.6892,57.2844,50.1603,18.4346,14.6832,60.3643,82.4147,4.8651,7.4630,112.9323,19.9592,17.6400,14.1689,21.4028,32.9398,19.8520,64.4897,105.4584,100.7257,108.3065,98.1625,56.0235,126.1711,48.8040,108.3160,121.8725,153.7184,120.6017,115.1987,19.4945,62.3948,54.3374,20.3078,36.2578,47.7427,65.4277,61.3836,89.5076,71.0949,74.6022,66.8827,125.0222,108.7421,92.0939,90.5024,111.6659,99.8311,100.8907,91.1870,91.2527,91.3172,91.3821,91.4479,91.4841,91.5495,91.6159,91.6835,91.7514,91.8202,91.8902,91.9615,92.0341,92.1081,92.1835,92.2604,92.3388,92.4187,92.5002,92.5834,92.6682,92.7548,92.8430,92.9331,93.0250,93.1188,93.2145,93.3120,93.4115,93.5129,93.6163,93.7216,93.8289,93.9381,94.0492,94.1622,94.2770,94.3937,94.5120,94.6320,94.7536,94.8767,95.0012,95.1269,95.2537,95.3815,95.5101,95.5422,95.6749
45132.6250000,8.5324,23.0199,22.6010,17.9640,137.8186,29.9093,104.1081,14.0463,25.1203,27.4935,26.6894,23.5866,15.7526,21.8709,18.2578,20.4065,76.7487,73.1984,58.2679,13.1301,93.9496,21.8321,10.0125,74.6188,14.9785,106.9370,14.5661,2.2239,12.1087,5.6058,13.7952,8.3103,13.9592,24.8905,27.3864,26.7641,24.4485,24.7193,11.8525,29.7539,100.0615,26.7292,49.9739,97.6753,134.1871,71.8293,67.3936,83.7356,47.0735,31.2036,88.1320,78.7419,81.3336,92.2347,9.1913,7.7240,8.3169,15.3957,108.1197,91.8801,89.4815,23.8142,12.9665,9.6602,8.8874,12.8111,16.4793,69.1915,-27.6771,3.7242,16.1482,14.6719,12.4715,3.9540,21.4719,20.4794,70.0651,22.0370,18.6368,137.8007,156.9129,134.8129,32.6523,28.8314,105.8982,24.2847,111.1028,97.3341,111.3661,86.9413,107.1570,119.4955,120.9281,100.0602,12.8984,18.7554,23.1754,38.3588,27.5509,84.3488,25.1189,97.0828,74.4071,30.0998,98.9533,106.9724,90.9870,95.2900,42.3211,75.9658,42.4970,27.5276,23.8069,19.6472,78.4119,16.5373,16.3071,86.2395,18.4559,18.1409,4.4963,67.3597,10.8064,18.2855,85.9760,71.9098,64.7010,88.3227,65.3542,8.1497,7.9570,20.7481,6.3861,12.8846,88.6158,60.0393,57.6649,70.6651,15.9065,12.2331,19.4483,15.9193,12.4862,53.0966,73.0208,4.1083,6.4158,100.4955,16.9491,14.7551,11.9871,17.8833,28.3461,20.0588,15.9085,25.8777,89.7298,96.3834,87.2461,14.9561,112.8056,35.6033,96.4600,108.8737,137.5535,107.3010,102.7500,16.7646,55.0513,14.9737,16.9079,9.6746,41.6323,57.8627,54.2331,79.6098,62.8098,20.3099,17.2655,111.8283,96.9913,81.7741,21.3959,28.9439,23.2861,89.7948,81.0354,81.1020,81.1676,81.2335,81.3003,81.3366,81.4030,81.4706,81.5393,81.6083,81.6783,81.7496,81.8223,81.8964,81.9719,82.0489,82.1274,82.2076,82.2894,82.3728,82.4580,82.5450,82.6338,82.7244,82.8170,82.9114,83.0079,83.1063,83.2067,83.3092,83.4137,83.5202,83.6288,83.7395,83.8522,83.9669,84.0835,84.2022,84.3226,84.4450,84.5690,84.6947,84.8220,84.9506,85.0806,85.2118,85.3440,85.4771,85.5106,85.6480
45132.6666667,2.6780,8.8851,17.1070,13.7773,20.5657,22.5141,21.7645,7.9347,68.4782,20.8603,16.1358,17.7758,11.4108,16.5395,13.8129,15.4360,18.1408,17.0472,12.7634,5.9590,12.7587,5.7979,7.4875,12.1685,6.8699,84.5096,8.0881,2.4563,11.9294,3.4215,17.3951,7.6773,9.1016,18.2457,24.5509,15.4687,68.4919,67.3696,17.7153,23.4851,17.6919,21.0568,16.5600,20.6472,106.7744,56.0702,15.1491,64.8351,9.2739,15.2639,17.8764,61.2081,63.5555,20.6475,16.9422,8.5380,9.7079,13.3500,85.2514,21.3891,21.5098,18.0698,17.6140,14.5317,53.6280,15.1292,55.5383,53.3805,-5.9124,2.6220,10.0120,59.5688,6.1684,2.8237,15.8954,68.0440,15.4531,16.0799,36.1014,106.8734,124.7391,107.0233,25.4259,21.5821,81.9178,18.3872,87.4000,75.8439,87.0977,20.1596,19.2608,93.9813,95.5500,78.3317,9.9510,14.2126,17.7990,29.2337,21.4196,18.6143,19.5283,76.1683,17.1225,62.6133,78.0923,85.3427,72.1893,75.2708,32.6065,60.1685,32.9833,6.1366,12.8194,14.7985,17.4848,20.6526,8.9511,20.1747,14.3197,11.3712,3.3849,52.3652,8.3435,48.4806,26.6795,55.9092,50.5128,69.6441,50.5767,6.1914,6.1045,32.6138,8.9384,10.6558,68.7875,46.0343,44.2172,55.0098,43.7156,38.2453,6.6943,50.6365,9.6739,40.8163,16.8697,2.3184,12.3631,78.6281,9.0301,10.2800,9.1709,5.4972,6.3176,10.8172,43.2462,73.1898,70.5423,11.9001,18.9554,37.7845,89.2819,76.9335,75.6466,86.0125,108.8241,18.7224,80.8686,17.2726,42.5850,36.7637,2.8940,23.4102,9.1087,45.0637,42.2198,62.5279,48.6452,51.3078,13.3017,88.7412,76.5212,63.8805,62.3698,77.6965,18.5711,70.5104,63.4975,63.5724,63.6460,63.7199,63.7947,63.8357,63.9100,63.9853,64.0619,64.1387,64.2166,64.2958,64.3765,64.4586,64.5422,64.6275,64.7144,64.8030,64.8934,64.9855,65.0796,65.1756,65.2735,65.3735,65.4755,65.5796,65.6859,65.7943,65.9050,66.0179,66.1331,66.2505,66.3702,66.4921,66.6163,66.7427,66.8713,67.0021,67.1350,67.2699,67.4067,67.5454,67.6858,67.8278,67.9713,68.1161,68.2621,68.4092,68.4464,68.5981
45132.7083333,2.9312,7.2512,11.1926,8.5003,16.9292,15.8898,14.9228,6.9542,23.8475,14.7342,12.0432,12.3014,7.9407,11.5563,16.8550,10.8090,13.2771,12.3648,9.1010,4.7834,11.4819,5.2667,5.4523,7.5448,7.4125,27.6400,10.1463,2.6861,10.1889,4.6612,7.2395,6.0937,7.6816,9.8245,12.3991,8.1282,19.6951,42.4736,12.9269,17.5689,14.0070,15.6150,10.7816,14.0038,69.8997,17.9017,10.7411,40.2258,5.4651,9.9743,13.0574,17.5661,40.4391,12.4791,5.5851,9.3087,10.1749,11.5864,21.8319,15.4203,15.8106,12.6525,8.0511,11.5856,8.5261,11.6836,34.4934,18.1099,-3.9393,1.8902,8.3164,12.4505,6.5349,2.0587,10.7274,15.3166,10.9846,13.4805,11.7159,65.4399,38.4684,34.0455,18.5856,15.2992,50.2227,12.8485,55.9032,47.5546,24.9294,14.5380,14.5418,59.9433,29.5924,18.7181,7.5482,10.3721,10.5945,20.4730,15.4479,13.3035,14.3288,48.6158,12.4303,21.4916,15.6375,56.5930,47.4968,48.9045,20.8501,39.7180,21.4760,4.5579,11.5976,16.4711,12.9426,17.5041,6.6573,12.2443,9.8534,10.9718,2.5644,33.1842,6.3234,15.4495,20.3040,35.3195,16.8353,45.1787,31.7280,4.0204,5.6538,19.7997,10.2159,8.8931,42.8555,28.3171,27.2745,34.8870,27.1026,10.1476,6.2709,10.1910,7.3702,25.4752,12.3971,2.5284,4.0865,17.4139,11.0453,6.9147,6.8554,3.9751,4.6572,4.0686,26.3079,18.0150,14.7377,11.7292,11.3239,23.5529,57.8966,19.3621,27.2386,55.5784,70.1143,13.4468,51.8521,18.7707,26.8872,23.1138,3.6157,14.1204,6.3148,17.2291,27.1140,40.2576,30.5645,32.4489,9.6848,57.9211,49.4531,40.5242,39.1106,49.0848,12.9208,45.1610,40.6188,40.7036,40.7870,40.8706,40.9552,41.0029,41.0868,41.1720,41.2583,41.3449,41.4326,41.5218,41.6124,41.7046,41.7984,41.8938,41.9910,42.0900,42.1909,42.2937,42.3984,42.5052,42.6141,42.7251,42.8383,42.9537,43.0713,43.1913,43.3137,43.4384,43.5655,43.6950,43.8269,43.9612,44.0979,44.2370,44.3784,44.5221,44.6681,44.8162,44.9664,45.1185,45.2725,45.4282,45.5855,45.7442,45.9041,46.0652,46.1064,46.2725
45132.7500000,2.4560,6.3955,7.6163,7.1217,12.3323,10.5050,9.6058,5.4462,9.2850,9.7250,8.6763,7.9676,4.7707,7.5748,6.9268,7.1091,8.9888,8.2652,5.8894,4.1603,9.9129,4.1630,3.6292,5.9435,6.2089,14.8055,5.9335,2.2498,7.6887,3.4667,6.5736,3.1359,5.7720,8.3078,10.4540,6.5067,8.4831,23.8190,3.6984,12.0780,9.7604,10.9427,6.7485,8.8088,40.7479,9.6450,7.1301,9.4534,4.4013,6.2530,8.9628,9.2057,22.9390,10.1611,3.7513,6.5175,5.6873,8.9407,13.5130,10.3140,10.7283,8.2898,4.4038,2.9642,5.5204,4.0020,19.0474,13.4385,-2.3184,1.3559,5.8940,5.7294,4.7239,1.4960,6.1638,8.1594,6.6707,10.3566,6.2415,8.5742,21.1064,18.6358,12.4602,10.1587,9.8754,8.3070,14.6214,11.3248,17.6298,9.7352,12.2148,16.8334,15.2074,10.0152,5.2462,8.4804,8.6562,13.3098,10.4531,8.8459,9.0392,27.6215,7.8126,16.4899,12.3763,33.5099,27.9309,28.3532,12.0306,23.4856,12.6372,3.2064,8.6792,7.5632,8.9071,11.8214,5.4604,9.9226,7.9253,8.6432,1.8450,7.9990,4.5188,8.3112,12.8183,8.7092,9.0074,26.1688,8.1597,2.9698,5.1065,4.1857,5.3448,7.5879,23.6881,15.5009,14.9918,19.7516,14.9930,5.4848,4.4751,8.3363,5.2356,14.2246,7.9880,2.1149,3.4008,9.8758,6.4868,5.2982,4.8269,1.9241,3.2704,2.3198,7.6511,9.8022,10.4424,10.2998,8.9856,6.6123,20.5923,11.4949,16.2299,15.4406,18.6082,10.2273,29.5908,9.8906,8.0450,13.0364,1.6589,4.1307,4.1633,10.6043,8.4694,23.1379,17.1360,18.3178,6.5809,16.8567,28.4837,10.5398,12.1379,12.2852,8.4407,12.6227,11.6292,11.8466,12.0713,12.3054,12.5501,12.7742,13.0394,13.3172,13.6083,13.9124,14.2312,14.5658,14.9170,24.0965,24.1764,24.2577,24.3405,24.4247,24.5105,24.5979,24.6870,24.7777,24.8701,24.9644,25.0604,25.1583,25.2581,25.3598,25.4635,25.5691,25.6766,25.7862,25.8978,26.0113,26.1268,26.2443,26.3637,26.4850,26.6081,26.7330,26.8596,26.9878,27.1175,27.2487,27.3811,27.5146,27.6492,27.7846,27.8197,27.9593
45132.7916667,1.4668,3.5526,4.5547,4.2527,7.3449,5.8062,5.1620,2.5836,5.2443,5.2748,4.7577,4.3008,2.8484,4.0868,3.7168,3.8572,4.9958,4.5696,3.3635,2.4202,5.5909,2.2406,2.1665,3.5066,3.7062,7.6032,3.5415,1.3428,4.5021,1.4839,3.2635,1.8716,2.4304,3.7657,3.6642,3.1635,4.9489,5.0856,1.9247,6.6884,5.8244,6.1487,3.5592,4.7511,10.3399,4.9901,3.8902,4.3266,2.4362,3.2846,4.9980,4.7220,5.4676,5.7213,2.2379,2.2048,2.6671,4.0960,7.4231,5.6029,5.8690,4.4607,1.9636,1.7684,2.8413,2.3869,6.4985,5.2968,-1.1422,0.8054,3.4747,3.4104,2.7745,0.8729,3.6759,4.8660,3.9782,4.6518,3.2486,5.1127,10.8167,9.5139,6.9023,5.5133,4.3479,4.5654,7.0506,5.2644,6.1937,5.3264,6.3765,7.2404,8.1867,5.9699,3.0461,3.9722,4.7872,7.2132,5.6829,4.8464,5.3577,9.8169,4.5934,5.1218,7.3682,12.8918,7.4682,7.0615,3.5697,6.6185,5.1544,1.8153,5.0480,4.1916,4.9322,5.2516,3.2532,5.5868,4.5931,4.8791,1.0650,4.4924,2.5648,4.2469,3.4814,4.8702,4.8782,6.5782,4.0689,1.6018,2.8402,2.5190,3.0337,3.2081,4.6314,3.2182,5.1778,7.1250,5.2586,2.8073,1.8126,4.3037,3.0198,5.1282,4.6680,1.2597,2.0255,5.8818,3.8006,2.9264,2.7314,1.0468,1.8360,1.3332,3.2198,5.5159,6.1913,5.9169,5.3681,3.2677,8.2054,6.0178,7.4150,7.6048,8.9853,5.8135,6.8931,4.4400,4.3586,3.9241,0.9311,2.0807,2.2728,4.6440,4.2863,8.5246,4.0890,4.4559,3.6352,8.3956,10.4116,5.1996,4.6783,5.8017,4.5736,6.0697,5.5661,5.6183,5.6707,5.7242,5.7795,5.8176,5.8752,5.9350,6.2545,6.0420,6.1057,6.1721,6.2413,6.3137,6.3894,6.4688,6.5522,6.6400,6.7325,6.8181,6.9192,7.0262,7.1395,7.2597,7.3873,7.5232,7.6679,7.8224,7.9874,9.8369,9.9017,9.9677,10.0348,10.1032,10.1727,10.2434,10.3152,10.3882,10.4623,10.5374,10.6135,10.6906,10.7686,10.8474,10.9270,11.0073,11.0882,11.1695,11.1911,11.2750
45132.8333333,0.4336,0.9879,1.3225,1.2569,2.1705,1.6870,1.5166,0.7635,1.4943,1.5502,1.4086,1.2657,0.8417,1.2076,1.0983,1.1339,1.4578,1.3466,0.9857,0.7010,1.5795,0.6620,0.6401,1.0360,1.0949,2.2319,1.0461,0.3966,1.3083,0.4383,0.8380,0.5528,0.7178,1.1122,1.0822,0.9343,1.4615,1.5019,0.5371,1.9666,1.7199,1.8115,1.0460,1.3977,2.9289,1.4651,1.1428,1.2589,0.7137,0.9640,1.4711,1.3710,1.5592,1.6794,0.6606,0.6509,0.7873,1.2092,2.1433,1.6540,1.7326,1.3168,0.5797,0.5220,0.8081,0.7044,1.1540,1.1140,-0.3338,0.2378,1.0254,0.9870,0.8188,0.2576,1.0847,1.4358,1.1739,1.3726,0.9586,1.5084,3.1907,2.8064,2.0299,1.6172,1.2823,1.3382,2.0672,1.5527,1.7997,1.5610,1.6974,2.1355,2.3834,1.7606,0.8922,1.1714,1.4066,2.1169,1.6667,1.4228,1.5688,1.8273,1.3528,1.4302,2.0847,2.6598,2.2019,2.0819,1.0524,1.9513,1.1803,0.5340,1.4600,1.2306,1.4472,1.2372,0.9426,1.6387,1.3375,1.3797,0.3135,1.3223,0.7545,1.2444,1.0257,1.3465,1.4232,1.9380,1.1911,0.4428,0.7968,0.7208,0.8041,0.9453,1.3646,0.9482,0.9521,1.3746,0.9896,0.8272,0.5341,1.2396,0.8807,1.0069,1.3686,0.3711,0.5967,1.7327,1.1196,0.8478,0.8046,0.3084,0.5396,0.3665,0.8236,1.5844,1.8207,1.6926,1.5650,0.9604,2.3477,1.7637,1.8857,2.2185,2.6246,1.7700,1.9830,1.2383,1.1231,0.9988,0.2737,0.6089,0.6663,1.2866,1.2574,1.6815,1.1689,1.2748,1.0662,2.4475,2.0164,1.5175,1.3490,1.6865,1.3388,1.7642,1.6164,1.6292,1.6419,1.6546,1.6674,1.6748,1.6876,1.7005,1.7137,1.7268,1.7401,1.7537,1.7675,1.7815,1.7957,1.8102,1.8250,1.8400,1.8553,1.8709,1.8867,1.9029,1.9194,1.9362,1.9533,1.9708,1.9885,2.0067,2.0251,2.0440,2.0631,2.0826,2.1025,2.1228,2.1433,2.1643,2.1855,2.2071,2.2290,2.2513,2.2738,2.2967,2.3197,2.3431,2.3667,2.3904,2.4144,2.4385,2.4450,2.4698
45132.8750000,0.0000,0.0000,0.0000,0.0000,0.0000,0.0000,0.0000,0.0000,0.0000,0.0000,0.0000,0.0000,0.0000,0.0000,0.0000,0.0000,0.0000,0.0000,0.0000,0.0000,0.0000,0.0000,0.0000,0.0000,0.0000,0.0000,0.0000,0.0000,0.0000,0.0000,0.0000,0.0000,0.0000,0.0000,0.0000,0.0000,0.0000,0.0000,0.0000,0.0000,0.0000,0.0000,0.0000,0.0000,0.0000,0.0000,0.0000,0.0000,0.0000,0.0000,0.0000,0.0000,0.0000,0.0000,0.0000,0.0000,0.0000,0.0000,0.0000,0.0000,0.0000,0.0000,0.0000,0.0000,0.0000,0.0000,0.0000,0.0000,0.0000,0.0000,0.0000,0.0000,0.0000,0.0000,0.0000,0.0000,0.0000,0.0000,0.0000,0.0000,0.0000,0.0000,0.0000,0.0000,0.0000,0.0000,0.0000,0.0000,0.0000,0.0000,0.0000,0.0000,0.0000,0.0000,0.0000,0.0000,0.0000,0.0000,0.0000,0.0000,0.0000,0.0000,0.0000,0.0000,0.0000,0.0000,0.0000,0.0000,0.0000,0.0000,0.0000,0.0000,0.0000,0.0000,0.0000,0.0000,0.0000,0.0000,0.0000,0.0000,0.0000,0.0000,0.0000,0.0000,0.0000,0.0000,0.0000,0.0000,0.0000,0.0000,0.0000,0.0000,0.0000,0.0000,0.0000,0.0000,0.0000,0.0000,0.0000,0.0000,0.0000,0.0000,0.0000,0.0000,0.0000,0.0000,0.0000,0.0000,0.0000,0.0000,0.0000,0.0000,0.0000,0.0000,0.0000,0.0000,0.0000,0.0000,0.0000,0.0000,0.0000,0.0000,0.0000,0.0000,0.0000,0.0000,0.0000,0.0000,0.0000,0.0000,0.0000,0.0000,0.0000,0.0000,0.0000,0.0000,0.0000,0.0000,0.0000,0.0000,0.0000,0.0000,0.0000,0.0000,0.0000,0.0000,0.0000,0.0000,0.0000,0.0000,0.0000,0.0000,0.0000,0.0000,0.0000,0.0000,0.0000,0.0000,0.0000,0.0000,0.0000,0.0000,0.0000,0.0000,0.0000,0.0000,0.0000,0.0000,0.0000,0.0000,0.0000,0.0000,0.0000,0.0000,0.0000,0.0000,0.0000,0.0000,0.0000,0.0000,0.0000,0.0000,0.0000,0.0000,0.0000,0.0000,0.0000,0.0000,0.0000,0.0000,0.0000,0.0000,0.0000,0.0000,0.0000,0.0000
45132.9166667,0.0000,0.0000,0.0000,0.0000,0.0000,0.0000,0.0000,0.0000,0.0000,0.0000,0.0000,0.0000,0.0000,0.0000,0.0000,0.0000,0.0000,0.0000,0.0000,0.0000,0.0000,0.0000,0.0000,0.0000,0.0000,0.0000,0.0000,0.0000,0.0000,0.0000,0.0000,0.0000,0.0000,0.0000,0.0000,0.0000,0.0000,0.0000,0.0000,0.0000,0.0000,0.0000,0.0000,0.0000,0.0000,0.0000,0.0000,0.0000,0.0000,0.0000,0.0000,0.0000,0.0000,0.0000,0.0000,0.0000,0.0000,0.0000,0.0000,0.0000,0.0000,0.0000,0.0000,0.0000,0.0000,0.0000,0.0000,0.0000,0.0000,0.0000,0.0000,0.0000,0.0000,0.0000,0.0000,0.0000,0.0000,0.0000,0.0000,0.0000,0.0000,0.0000,0.0000,0.0000,0.0000,0.0000,0.0000,0.0000,0.0000,0.0000,0.0000,0.0000,0.0000,0.0000,0.0000,0.0000,0.0000,0.0000,0.0000,0.0000,0.0000,0.0000,0.0000,0.0000,0.0000,0.0000,0.0000,0.0000,0.0000,0.0000,0.0000,0.0000,0.0000,0.0000,0.0000,0.0000,0.0000,0.0000,0.0000,0.0000,0.0000,0.0000,0.0000,0.0000,0.0000,0.0000,0.0000,0.0000,0.0000,0.0000,0.0000,0.0000,0.0000,0.0000,0.0000,0.0000,0.0000,0.0000,0.0000,0.0000,0.0000,0.0000,0.0000,0.0000,0.0000,0.0000,0.0000,0.0000,0.0000,0.0000,0.0000,0.0000,0.0000,0.0000,0.0000,0.0000,0.0000,0.0000,0.0000,0.0000,0.0000,0.0000,0.0000,0.0000,0.0000,0.0000,0.0000,0.0000,0.0000,0.0000,0.0000,0.0000,0.0000,0.0000,0.0000,0.0000,0.0000,0.0000,0.0000,0.0000,0.0000,0.0000,0.0000,0.0000,0.0000,0.0000,0.0000,0.0000,0.0000,0.0000,0.0000,0.0000,0.0000,0.0000,0.0000,0.0000,0.0000,0.0000,0.0000,0.0000,0.0000,0.0000,0.0000,0.0000,0.0000,0.0000,0.0000,0.0000,0.0000,0.0000,0.0000,0.0000,0.0000,0.0000,0.0000,0.0000,0.0000,0.0000,0.0000,0.0000,0.0000,0.0000,0.0000,0.0000,0.0000,0.0000,0.0000,0.0000,0.0000,0.0000,0.0000,0.0000,0.0000,0.0000,0.0000,0.0000
45132.9583333,0.0000,0.0000,0.0000,0.0000,0.0000,0.0000,0.0000,0.0000,0.0000,0.0000,0.0000,0.0000,0.0000,0.0000,0.0000,0.0000,0.0000,0.0000,0.0000,0.0000,0.0000,0.0000,0.0000,0.0000,0.0000,0.0000,0.0000,0.0000,0.0000,0.0000,0.0000,0.0000,0.0000,0.0000,0.0000,0.0000,0.0000,0.0000,0.0000,0.0000,0.0000,0.0000,0.0000,0.0000,0.0000,0.0000,0.0000,0.0000,0.0000,0.0000,0.0000,0.0000,0.0000,0.0000,0.0000,0.0000,0.0000,0.0000,0.0000,0.0000,0.0000,0.0000,0.0000,0.0000,0.0000,0.0000,0.0000,0.0000,0.0000,0.0000,0.0000,0.0000,0.0000,0.0000,0.0000,0.0000,0.0000,0.0000,0.0000,0.0000,0.0000,0.0000,0.0000,0.0000,0.0000,0.0000,0.0000,0.0000,0.0000,0.0000,0.0000,0.0000,0.0000,0.0000,0.0000,0.0000,0.0000,0.0000,0.0000,0.0000,0.0000,0.0000,0.0000,0.0000,0.0000,0.0000,0.0000,0.0000,0.0000,0.0000,0.0000,0.0000,0.0000,0.0000,0.0000,0.0000,0.0000,0.0000,0.0000,0.0000,0.0000,0.0000,0.0000,0.0000,0.0000,0.0000,0.0000,0.0000,0.0000,0.0000,0.0000,0.0000,0.0000,0.0000,0.0000,0.0000,0.0000,0.0000,0.0000,0.0000,0.0000,0.0000,0.0000,0.0000,0.0000,0.0000,0.0000,0.0000,0.0000,0.0000,0.0000,0.0000,0.0000,0.0000,0.0000,0.0000,0.0000,0.0000,0.0000,0.0000,0.0000,0.0000,0.0000,0.0000,0.0000,0.0000,0.0000,0.0000,0.0000,0.0000,0.0000,0.0000,0.0000,0.0000,0.0000,0.0000,0.0000,0.0000,0.0000,0.0000,0.0000,0.0000,0.0000,0.0000,0.0000,0.0000,0.0000,0.0000,0.0000,0.0000,0.0000,0.0000,0.0000,0.0000,0.0000,0.0000,0.0000,0.0000,0.0000,0.0000,0.0000,0.0000,0.0000,0.0000,0.0000,0.0000,0.0000,0.0000,0.0000,0.0000,0.0000,0.0000,0.0000,0.0000,0.0000,0.0000,0.0000,0.0000,0.0000,0.0000,0.0000,0.0000,0.0000,0.0000,0.0000,0.0000,0.0000,0.0000,0.0000,0.0000,0.0000,0.0000,0.0000,0.0000,0.0000,0.0000
45133.0000000,0.0000,0.0000,0.0000,0.0000,0.0000,0.0000,0.0000,0.0000,0.0000,0.0000,0.0000,0.0000,0.0000,0.0000,0.0000,0.0000,0.0000,0.0000,0.0000,0.0000,0.0000,0.0000,0.0000,0.0000,0.0000,0.0000,0.0000,0.0000,0.0000,0.0000,0.0000,0.0000,0.0000,0.0000,0.0000,0.0000,0.0000,0.0000,0.0000,0.0000,0.0000,0.0000,0.0000,0.0000,0.0000,0.0000,0.0000,0.0000,0.0000,0.0000,0.0000,0.0000,0.0000,0.0000,0.0000,0.0000,0.0000,0.0000,0.0000,0.0000,0.0000,0.0000,0.0000,0.0000,0.0000,0.0000,0.0000,0.0000,0.0000,0.0000,0.0000,0.0000,0.0000,0.0000,0.0000,0.0000,0.0000,0.0000,0.0000,0.0000,0.0000,0.0000,0.0000,0.0000,0.0000,0.0000,0.0000,0.0000,0.0000,0.0000,0.0000,0.0000,0.0000,0.0000,0.0000,0.0000,0.0000,0.0000,0.0000,0.0000,0.0000,0.0000,0.0000,0.0000,0.0000,0.0000,0.0000,0.0000,0.0000,0.0000,0.0000,0.0000,0.0000,0.0000,0.0000,0.0000,0.0000,0.0000,0.0000,0.0000,0.0000,0.0000,0.0000,0.0000,0.0000,0.0000,0.0000,0.0000,0.0000,0.0000,0.0000,0.0000,0.0000,0.0000,0.0000,0.0000,0.0000,0.0000,0.0000,0.0000,0.0000,0.0000,0.0000,0.0000,0.0000,0.0000,0.0000,0.0000,0.0000,0.0000,0.0000,0.0000,0.0000,0.0000,0.0000,0.0000,0.0000,0.0000,0.0000,0.0000,0.0000,0.0000,0.0000,0.0000,0.0000,0.0000,0.0000,0.0000,0.0000,0.0000,0.0000,0.0000,0.0000,0.0000,0.0000,0.0000,0.0000,0.0000,0.0000,0.0000,0.0000,0.0000,0.0000,0.0000,0.0000,0.0000,0.0000,0.0000,0.0000,0.0000,0.0000,0.0000,0.0000,0.0000,0.0000,0.0000,0.0000,0.0000,0.0000,0.0000,0.0000,0.0000,0.0000,0.0000,0.0000,0.0000,0.0000,0.0000,0.0000,0.0000,0.0000,0.0000,0.0000,0.0000,0.0000,0.0000,0.0000,0.0000,0.0000,0.0000,0.0000,0.0000,0.0000,0.0000,0.0000,0.0000,0.0000,0.0000,0.0000,0.0000,0.0000,0.0000,0.0000,0.0000,0.0000,0.0000
45133.0416667,0.0000,0.0000,0.0000,0.0000,0.0000,0.0000,0.0000,0.0000,0.0000,0.0000,0.0000,0.0000,0.0000,0.0000,0.0000,0.0000,0.0000,0.0000,0.0000,0.0000,0.0000,0.0000,0.0000,0.0000,0.0000,0.0000,0.0000,0.0000,0.0000,0.0000,0.0000,0.0000,0.0000,0.0000,0.0000,0.0000,0.0000,0.0000,0.0000,0.0000,0.0000,0.0000,0.0000,0.0000,0.0000,0.0000,0.0000,0.0000,0.0000,0.0000,0.0000,0.0000,0.0000,0.0000,0.0000,0.0000,0.0000,0.0000,0.0000,0.0000,0.0000,0.0000,0.0000,0.0000,0.0000,0.0000,0.0000,0.0000,0.0000,0.0000,0.0000,0.0000,0.0000,0.0000,0.0000,0.0000,0.0000,0.0000,0.0000,0.0000,0.0000,0.0000,0.0000,0.0000,0.0000,0.0000,0.0000,0.0000,0.0000,0.0000,0.0000,0.0000,0.0000,0.0000,0.0000,0.0000,0.0000,0.0000,0.0000,0.0000,0.0000,0.0000,0.0000,0.0000,0.0000,0.0000,0.0000,0.0000,0.0000,0.0000,0.0000,0.0000,0.0000,0.0000,0.0000,0.0000,0.0000,0.0000,0.0000,0.0000,0.0000,0.0000,0.0000,0.0000,0.0000,0.0000,0.0000,0.0000,0.0000,0.0000,0.0000,0.0000,0.0000,0.0000,0.0000,0.0000,0.0000,0.0000,0.0000,0.0000,0.0000,0.0000,0.0000,0.0000,0.0000,0.0000,0.0000,0.0000,0.0000,0.0000,0.0000,0.0000,0.0000,0.0000,0.0000,0.0000,0.0000,0.0000,0.0000,0.0000,0.0000,0.0000,0.0000,0.0000,0.0000,0.0000,0.0000,0.0000,0.0000,0.0000,0.0000,0.0000,0.0000,0.0000,0.0000,0.0000,0.0000,0.0000,0.0000,0.0000,0.0000,0.0000,0.0000,0.0000,0.0000,0.0000,0.0000,0.0000,0.0000,0.0000,0.0000,0.0000,0.0000,0.0000,0.0000,0.0000,0.0000,0.0000,0.0000,0.0000,0.0000,0.0000,0.0000,0.0000,0.0000,0.0000,0.0000,0.0000,0.0000,0.0000,0.0000,0.0000,0.0000,0.0000,0.0000,0.0000,0.0000,0.0000,0.0000,0.0000,0.0000,0.0000,0.0000,0.0000,0.0000,0.0000,0.0000,0.0000,0.0000,0.0000,0.0000,0.0000,0.0000,0.0000,0.0000,0.0000
45133.0833333,0.0000,0.0000,0.0000,0.0000,0.0000,0.0000,0.0000,0.0000,0.0000,0.0000,0.0000,0.0000,0.0000,0.0000,0.0000,0.0000,0.0000,0.0000,0.0000,0.0000,0.0000,0.0000,0.0000,0.0000,0.0000,0.0000,0.0000,0.0000,0.0000,0.0000,0.0000,0.0000,0.0000,0.0000,0.0000,0.0000,0.0000,0.0000,0.0000,0.0000,0.0000,0.0000,0.0000,0.0000,0.0000,0.0000,0.0000,0.0000,0.0000,0.0000,0.0000,0.0000,0.0000,0.0000,0.0000,0.0000,0.0000,0.0000,0.0000,0.0000,0.0000,0.0000,0.0000,0.0000,0.0000,0.0000,0.0000,0.0000,0.0000,0.0000,0.0000,0.0000,0.0000,0.0000,0.0000,0.0000,0.0000,0.0000,0.0000,0.0000,0.0000,0.0000,0.0000,0.0000,0.0000,0.0000,0.0000,0.0000,0.0000,0.0000,0.0000,0.0000,0.0000,0.0000,0.0000,0.0000,0.0000,0.0000,0.0000,0.0000,0.0000,0.0000,0.0000,0.0000,0.0000,0.0000,0.0000,0.0000,0.0000,0.0000,0.0000,0.0000,0.0000,0.0000,0.0000,0.0000,0.0000,0.0000,0.0000,0.0000,0.0000,0.0000,0.0000,0.0000,0.0000,0.0000,0.0000,0.0000,0.0000,0.0000,0.0000,0.0000,0.0000,0.0000,0.0000,0.0000,0.0000,0.0000,0.0000,0.0000,0.0000,0.0000,0.0000,0.0000,0.0000,0.0000,0.0000,0.0000,0.0000,0.0000,0.0000,0.0000,0.0000,0.0000,0.0000,0.0000,0.0000,0.0000,0.0000,0.0000,0.0000,0.0000,0.0000,0.0000,0.0000,0.0000,0.0000,0.0000,0.0000,0.0000,0.0000,0.0000,0.0000,0.0000,0.0000,0.0000,0.0000,0.0000,0.0000,0.0000,0.0000,0.0000,0.0000,0.0000,0.0000,0.0000,0.0000,0.0000,0.0000,0.0000,0.0000,0.0000,0.0000,0.0000,0.0000,0.0000,0.0000,0.0000,0.0000,0.0000,0.0000,0.0000,0.0000,0.0000,0.0000,0.0000,0.0000,0.0000,0.0000,0.0000,0.0000,0.0000,0.0000,0.0000,0.0000,0.0000,0.0000,0.0000,0.0000,0.0000,0.0000,0.0000,0.0000,0.0000,0.0000,0.0000,0.0000,0.0000,0.0000,0.0000,0.0000,0.0000,0.0000,0.0000,0.0000,0.0000
45133.1250000,0.0000,0.0000,0.0000,0.0000,0.0000,0.0000,0.0000,0.0000,0.0000,0.0000,0.0000,0.0000,0.0000,0.0000,0.0000,0.0000,0.0000,0.0000,0.0000,0.0000,0.0000,0.0000,0.0000,0.0000,0.0000,0.0000,0.0000,0.0000,0.0000,0.0000,0.0000,0.0000,0.0000,0.0000,0.0000,0.0000,0.0000,0.0000,0.0000,0.0000,0.0000,0.0000,0.0000,0.0000,0.0000,0.0000,0.0000,0.0000,0.0000,0.0000,0.0000,0.0000,0.0000,0.0000,0.0000,0.0000,0.0000,0.0000,0.0000,0.0000,0.0000,0.0000,0.0000,0.0000,0.0000,0.0000,0.0000,0.0000,0.0000,0.0000,0.0000,0.0000,0.0000,0.0000,0.0000,0.0000,0.0000,0.0000,0.0000,0.0000,0.0000,0.0000,0.0000,0.0000,0.0000,0.0000,0.0000,0.0000,0.0000,0.0000,0.0000,0.0000,0.0000,0.0000,0.0000,0.0000,0.0000,0.0000,0.0000,0.0000,0.0000,0.0000,0.0000,0.0000,0.0000,0.0000,0.0000,0.0000,0.0000,0.0000,0.0000,0.0000,0.0000,0.0000,0.0000,0.0000,0.0000,0.0000,0.0000,0.0000,0.0000,0.0000,0.0000,0.0000,0.0000,0.0000,0.0000,0.0000,0.0000,0.0000,0.0000,0.0000,0.0000,0.0000,0.0000,0.0000,0.0000,0.0000,0.0000,0.0000,0.0000,0.0000,0.0000,0.0000,0.0000,0.0000,0.0000,0.0000,0.0000,0.0000,0.0000,0.0000,0.0000,0.0000,0.0000,0.0000,0.0000,0.0000,0.0000,0.0000,0.0000,0.0000,0.0000,0.0000,0.0000,0.0000,0.0000,0.0000,0.0000,0.0000,0.0000,0.0000,0.0000,0.0000,0.0000,0.0000,0.0000,0.0000,0.0000,0.0000,0.0000,0.0000,0.0000,0.0000,0.0000,0.0000,0.0000,0.0000,0.0000,0.0000,0.0000,0.0000,0.0000,0.0000,0.0000,0.0000,0.0000,0.0000,0.0000,0.0000,0.0000,0.0000,0.0000,0.0000,0.0000,0.0000,0.0000,0.0000,0.0000,0.0000,0.0000,0.0000,0.0000,0.0000,0.0000,0.0000,0.0000,0.0000,0.0000,0.0000,0.0000,0.0000,0.0000,0.0000,0.0000,0.0000,0.0000,0.0000,0.0000,0.0000,0.0000,0.0000,0.0000,0.0000,0.0000,0.0000
45133.1666667,0.0000,0.0000,0.0000,0.0000,0.0000,0.0000,0.0000,0.0000,0.0000,0.0000,0.0000,0.0000,0.0000,0.0000,0.0000,0.0000,0.0000,0.0000,0.0000,0.0000,0.0000,0.0000,0.0000,0.0000,0.0000,0.0000,0.0000,0.0000,0.0000,0.0000,0.0000,0.0000,0.0000,0.0000,0.0000,0.0000,0.0000,0.0000,0.0000,0.0000,0.0000,0.0000,0.0000,0.0000,0.0000,0.0000,0.0000,0.0000,0.0000,0.0000,0.0000,0.0000,0.0000,0.0000,0.0000,0.0000,0.0000,0.0000,0.0000,0.0000,0.0000,0.0000,0.0000,0.0000,0.0000,0.0000,0.0000,0.0000,0.0000,0.0000,0.0000,0.0000,0.0000,0.0000,0.0000,0.0000,0.0000,0.0000,0.0000,0.0000,0.0000,0.0000,0.0000,0.0000,0.0000,0.0000,0.0000,0.0000,0.0000,0.0000,0.0000,0.0000,0.0000,0.0000,0.0000,0.0000,0.0000,0.0000,0.0000,0.0000,0.0000,0.0000,0.0000,0.0000,0.0000,0.0000,0.0000,0.0000,0.0000,0.0000,0.0000,0.0000,0.0000,0.0000,0.0000,0.0000,0.0000,0.0000,0.0000,0.0000,0.0000,0.0000,0.0000,0.0000,0.0000,0.0000,0.0000,0.0000,0.0000,0.0000,0.0000,0.0000,0.0000,0.0000,0.0000,0.0000,0.0000,0.0000,0.0000,0.0000,0.0000,0.0000,0.0000,0.0000,0.0000,0.0000,0.0000,0.0000,0.0000,0.0000,0.0000,0.0000,0.0000,0.0000,0.0000,0.0000,0.0000,0.0000,0.0000,0.0000,0.0000,0.0000,0.0000,0.0000,0.0000,0.0000,0.0000,0.0000,0.0000,0.0000,0.0000,0.0000,0.0000,0.0000,0.0000,0.0000,0.0000,0.0000,0.0000,0.0000,0.0000,0.0000,0.0000,0.0000,0.0000,0.0000,0.0000,0.0000,0.0000,0.0000,0.0000,0.0000,0.0000,0.0000,0.0000,0.0000,0.0000,0.0000,0.0000,0.0000,0.0000,0.0000,0.0000,0.0000,0.0000,0.0000,0.0000,0.0000,0.0000,0.0000,0.0000,0.0000,0.0000,0.0000,0.0000,0.0000,0.0000,0.0000,0.0000,0.0000,0.0000,0.0000,0.0000,0.0000,0.0000,0.0000,0.0000,0.0000,0.0000,0.0000,0.0000,0.0000,0.0000,0.0000,0.0000,0.0000
45133.2083333,0.0000,0.0000,0.0000,0.0000,0.0000,0.0000,0.0000,0.0000,0.0000,0.0000,0.0000,0.0000,0.0000,0.0000,0.0000,0.0000,0.0000,0.0000,0.0000,0.0000,0.0000,0.0000,0.0000,0.0000,0.0000,0.0000,0.0000,0.0000,0.0000,0.0000,0.0000,0.0000,0.0000,0.0000,0.0000,0.0000,0.0000,0.0000,0.0000,0.0000,0.0000,0.0000,0.0000,0.0000,0.0000,0.0000,0.0000,0.0000,0.0000,0.0000,0.0000,0.0000,0.0000,0.0000,0.0000,0.0000,0.0000,0.0000,0.0000,0.0000,0.0000,0.0000,0.0000,0.0000,0.0000,0.0000,0.0000,0.0000,0.0000,0.0000,0.0000,0.0000,0.0000,0.0000,0.0000,0.0000,0.0000,0.0000,0.0000,0.0000,0.0000,0.0000,0.0000,0.0000,0.0000,0.0000,0.0000,0.0000,0.0000,0.0000,0.0000,0.0000,0.0000,0.0000,0.0000,0.0000,0.0000,0.0000,0.0000,0.0000,0.0000,0.0000,0.0000,0.0000,0.0000,0.0000,0.0000,0.0000,0.0000,0.0000,0.0000,0.0000,0.0000,0.0000,0.0000,0.0000,0.0000,0.0000,0.0000,0.0000,0.0000,0.0000,0.0000,0.0000,0.0000,0.0000,0.0000,0.0000,0.0000,0.0000,0.0000,0.0000,0.0000,0.0000,0.0000,0.0000,0.0000,0.0000,0.0000,0.0000,0.0000,0.0000,0.0000,0.0000,0.0000,0.0000,0.0000,0.0000,0.0000,0.0000,0.0000,0.0000,0.0000,0.0000,0.0000,0.0000,0.0000,0.0000,0.0000,0.0000,0.0000,0.0000,0.0000,0.0000,0.0000,0.0000,0.0000,0.0000,0.0000,0.0000,0.0000,0.0000,0.0000,0.0000,0.0000,0.0000,0.0000,0.0000,0.0000,0.0000,0.0000,0.0000,0.0000,0.0000,0.0000,0.0000,0.0000,0.0000,0.0000,0.0000,0.0000,0.0000,0.0000,0.0000,0.0000,0.0000,0.0000,0.0000,0.0000,0.0000,0.0000,0.0000,0.0000,0.0000,0.0000,0.0000,0.0000,0.0000,0.0000,0.0000,0.0000,0.0000,0.0000,0.0000,0.0000,0.0000,0.0000,0.0000,0.0000,0.0000,0.0000,0.0000,0.0000,0.0000,0.0000,0.0000,0.0000,0.0000,0.0000,0.0000,0.0000,0.0000,0.0000,0.0000,0.0000,0.0000
45133.2500000,0.1131,0.2579,0.3451,0.3282,0.5671,0.4404,0.3958,0.1988,0.3897,0.4044,0.3654,0.3300,0.2188,0.3147,0.2862,0.2953,0.3799,0.3508,0.2564,0.1820,0.4120,0.1725,0.1664,0.2699,0.2852,0.5823,0.2726,0.1030,0.3407,0.1138,0.2181,0.1440,0.1869,0.2896,0.2820,0.2432,0.3809,0.3914,0.1397,0.5127,0.4484,0.4722,0.2726,0.3643,0.7642,0.3813,0.2973,0.3276,0.1852,0.2510,0.3832,0.3570,0.4060,0.4376,0.1716,0.1695,0.2050,0.3151,0.5589,0.4311,0.4515,0.3431,0.1510,0.1361,0.2105,0.1835,0.3006,0.2902,-0.0882,0.0615,0.2676,0.2578,0.2138,0.0669,0.2834,0.3751,0.3066,0.3587,0.2505,0.3942,0.8337,0.7332,0.5303,0.4225,0.3349,0.3495,0.5399,0.4055,0.4701,0.4077,0.4434,0.5579,0.6225,0.4598,0.2330,0.3059,0.3673,0.5528,0.4352,0.3715,0.4096,0.4771,0.3526,0.3729,0.5437,0.6937,0.5741,0.5428,0.2738,0.5086,0.3071,0.1387,0.3806,0.3206,0.3772,0.3224,0.2455,0.4271,0.3486,0.3595,0.0812,0.3444,0.1964,0.3241,0.2673,0.3508,0.3706,0.5050,0.3102,0.1151,0.2074,0.1875,0.2093,0.2462,0.3556,0.2469,0.2479,0.3580,0.2576,0.2153,0.1389,0.3228,0.2285,0.2621,0.3565,0.0964,0.1552,0.4515,0.2916,0.2208,0.2094,0.0799,0.1401,0.0953,0.2144,0.4128,0.4743,0.4410,0.4076,0.2480,0.6117,0.4595,0.4639,0.5773,0.6830,0.4295,0.5166,0.3224,0.2923,0.2599,0.0710,0.1582,0.1733,0.3349,0.3273,0.4381,0.3044,0.3321,0.2777,0.6379,0.5255,0.3954,0.3515,0.4395,0.3489,0.4598,0.4212,0.4246,0.4279,0.4312,0.4345,0.4365,0.4398,0.4432,0.4466,0.4501,0.4535,0.4571,0.4607,0.4643,0.4681,0.4718,0.4757,0.4796,0.4836,0.4877,0.4918,0.4960,0.5003,0.5047,0.5092,0.5138,0.5184,0.5231,0.5279,0.5329,0.5379,0.5430,0.5481,0.5534,0.5588,0.5643,0.5698,0.5754,0.5812,0.5870,0.5929,0.5988,0.6049,0.6109,0.6171,0.6233,0.6296,0.6359,0.6376,0.6441
45133.2916667,0.7277,1.6599,2.2207,2.1123,3.6505,2.8350,2.5483,1.2801,2.5088,2.6089,2.3582,2.1290,1.4101,2.0302,1.8430,1.9015,2.4521,2.2626,1.6509,1.1720,2.6529,1.1107,1.0717,1.7383,1.8633,3.7735,1.7589,0.6639,2.2055,0.7399,1.4084,0.9356,1.3763,1.9598,1.8171,1.5674,2.4676,2.5403,0.9551,3.3184,2.8905,3.0494,1.7575,2.3490,4.9274,2.4584,1.9171,2.1127,1.1942,1.6186,2.5037,2.3299,2.6917,2.8352,1.1069,1.0931,1.3217,2.0453,3.6138,2.7927,2.9433,2.2162,0.9736,0.8770,1.3565,1.1830,1.9376,1.8702,-0.5725,0.3935,1.7229,1.6732,1.3950,0.4287,1.8473,2.4311,1.9862,2.3290,1.6506,2.5436,5.4097,4.7529,3.4395,3.0180,2.1623,2.2559,3.4861,2.6182,3.0354,2.6320,2.8630,3.6024,4.0209,2.9699,1.5042,1.9758,2.3727,3.5723,2.8121,2.4003,2.6466,3.0831,2.2786,2.4826,3.5494,5.1120,3.9052,4.0699,1.9554,3.7004,2.1662,0.8992,2.4817,2.0726,2.4660,2.1479,1.5929,2.7686,2.2540,2.3354,0.5247,2.2850,1.2738,2.0958,1.7290,2.3199,2.4056,3.2791,2.0066,0.7457,1.3475,1.2256,1.3966,1.9650,2.3162,1.6436,1.6043,2.5043,1.9719,1.3929,0.8990,2.1052,1.4785,1.6959,2.3068,0.6238,1.0042,2.9224,1.9006,1.4360,1.3617,0.5171,0.9075,0.6285,1.3976,2.6774,3.0829,2.8546,2.6386,1.6054,3.9599,2.9742,3.0030,3.7457,4.4968,2.7998,3.3759,2.1065,1.9127,1.7734,0.4590,1.1433,1.1223,2.1853,2.1242,3.0137,1.9831,2.1572,1.8042,4.1447,3.4147,2.5633,2.2892,2.8593,2.2627,2.9806,2.7303,2.7520,2.7734,2.7949,2.8167,2.8268,2.8487,2.8709,2.8934,2.9161,2.9391,2.9625,2.9930,3.0101,3.0349,3.0601,3.0858,3.1121,3.1389,3.1664,3.1880,3.2238,3.2533,3.2836,3.3146,3.3464,3.3791,3.4127,3.4907,3.5226,3.5141,3.5510,3.5890,3.6281,3.6684,3.7099,3.7527,3.7564,3.8519,3.9005,3.9509,4.0034,4.0581,4.1151,4.1746,4.2370,4.5462,4.5870,4.5980,4.6400
45133.3333333,1.8311,4.1771,5.6843,5.3159,9.1873,7.2845,6.4137,3.2219,6.6542,6.7206,6.0636,5.4966,3.6444,5.1958,4.6387,4.8571,10.2227,5.8169,4.8895,2.9877,6.6775,2.8635,2.6976,5.6199,5.1833,9.5013,4.5291,1.6714,5.7931,2.0473,4.0121,2.7090,7.0423,6.8128,4.5749,3.9462,6.3633,6.7038,2.7218,8.7493,7.2779,7.8431,4.4255,5.9149,12.8792,6.1905,4.8274,5.3200,3.0071,4.5691,7.2252,6.7008,10.9366,7.5507,2.8723,3.3932,3.8620,5.5330,9.5377,7.1836,8.6151,5.7315,2.4517,2.2083,5.1654,2.9793,8.7190,5.3436,-2.1174,0.9860,4.6020,4.4257,4.0626,1.0743,4.8074,6.5426,4.9973,5.9798,4.3317,6.9965,13.9257,12.6592,8.8373,8.7382,5.4422,5.6762,8.7745,6.5891,7.6404,6.6232,7.2065,9.0687,11.0136,8.8461,4.0056,5.0939,6.1050,9.2824,7.2017,7.1950,6.7048,8.4579,5.8797,10.4030,10.0156,17.0010,14.1161,13.9557,6.2723,12.0973,6.7773,2.4744,6.6459,5.2955,6.9671,9.0616,4.0676,6.9794,6.0209,6.1113,1.3269,9.0750,3.2232,5.5821,4.4939,6.1364,6.3568,8.5629,5.3855,1.9143,3.5687,3.4827,6.0128,7.4702,5.8764,4.4105,4.0878,7.2243,7.0650,3.6353,2.2662,5.3927,3.7628,4.3606,5.9734,1.5723,2.6888,7.5572,4.9196,3.9703,3.4361,1.3052,2.3007,1.6331,3.7064,6.8758,8.2032,7.2468,6.9735,4.1166,16.2212,7.7812,8.5304,9.4612,12.7287,7.5954,8.6358,6.2294,5.0400,6.4696,1.1725,3.8152,2.8760,6.2148,5.5872,11.3330,5.0537,5.7322,4.6290,10.8972,9.0738,6.5893,5.7543,7.2453,5.6994,7.6751,7.0356,7.1011,7.1664,7.2326,7.3004,7.7179,7.4075,7.4774,7.5490,7.6218,7.6964,7.7730,7.8518,7.9328,8.0163,8.1023,8.1909,8.2823,8.3766,8.4740,8.5745,8.3153,8.8126,8.9262,9.0439,9.1659,9.2924,9.4236,9.5597,9.7011,9.8478,10.0003,10.1588,10.3235,10.4947,10.6729,10.8582,11.0510,11.2517,13.8923,13.9886,14.0860,14.1847,14.2844,14.3850,14.4866,14.5888,14.6918,14.7197,14.8258
45133.3750000,1.3982,3.1895,4.3156,4.0589,7.6991,5.6467,4.8968,2.8258,5.2781,5.1919,4.6831,4.2438,2.8126,4.0269,3.5874,3.7296,6.2636,4.4829,4.3315,2.3295,5.7642,2.2110,2.0595,3.7627,3.6640,7.8076,3.5221,1.2759,4.5693,1.7881,2.8705,2.4722,3.8578,5.0947,5.2200,4.4514,5.0479,5.0393,1.8744,6.9035,5.5894,6.0413,3.3779,4.5846,9.6945,5.1291,3.8153,4.0605,2.3745,3.2065,6.5995,6.0488,6.6961,5.9561,2.2252,3.1979,2.6068,4.4151,7.4299,5.5345,7.4413,4.4207,1.8712,1.6854,3.2278,2.2736,5.2044,5.0112,-1.9478,0.7537,3.6459,3.2468,3.5612,0.8241,3.8807,5.1764,3.8876,5.0744,3.2001,5.1077,11.2956,9.9020,6.7945,7.3431,4.1489,4.4237,6.7305,5.0224,5.8242,6.8526,6.1796,7.3830,9.1790,7.8086,3.1738,3.9042,4.7007,7.1463,5.5610,6.3641,5.1292,7.9425,4.5233,6.2841,8.7828,10.7675,8.9419,8.6815,4.1388,7.7841,4.5403,2.1626,4.8362,4.0820,6.2912,5.4736,3.1310,5.4614,4.7848,4.8075,1.0103,5.6234,2.4582,4.3880,3.4296,4.4827,4.9823,6.8037,4.2463,1.4794,2.8234,3.1450,3.6323,4.4022,4.7659,3.1912,3.1458,5.8723,4.3295,2.7109,1.7575,4.1834,3.1572,3.3559,4.6790,1.2170,2.1333,5.9951,4.0736,2.8258,2.8335,0.9989,1.7479,1.3180,2.7184,5.2969,6.4436,5.5575,5.4909,3.1674,9.9650,6.0159,6.6063,7.2674,8.9474,6.3099,6.7244,5.4469,4.6988,4.1286,0.9088,2.5012,2.2006,5.2763,4.3728,7.0558,3.9489,4.5101,3.5641,8.5184,7.1369,5.0714,4.4125,5.5772,4.4194,5.9006,5.4076,5.4567,5.5054,5.5575,5.6078,5.6409,5.6916,5.7434,5.7963,5.8497,5.9041,5.9597,6.0166,6.0748,6.1343,6.1952,6.2576,6.3215,6.3870,6.4541,6.5229,6.5935,6.6658,6.7401,6.8162,6.8943,6.9745,7.0568,7.1412,7.2279,7.3169,8.4038,8.4684,8.5342,8.6010,8.6691,8.7382,8.8084,8.8797,8.9521,9.0254,9.0997,9.1748,9.2508,9.3275,9.4049,9.4829,9.5614,9.5828,9.6637
45133.4166667,1.6811,3.8349,5.3013,5.1736,12.4410,7.0087,6.3581,3.1560,8.2843,6.4326,5.8270,5.2792,3.4947,5.0093,4.2973,4.6709,7.7790,5.5448,5.4204,2.7534,6.4934,2.8741,2.5475,4.3646,4.5675,11.6447,4.4110,1.9453,7.1466,2.1593,5.1358,2.9568,4.8846,6.3688,6.5388,5.5893,8.1682,6.4025,2.2515,10.3582,7.3316,7.4271,4.0616,5.4914,15.1294,7.6438,4.7296,5.1230,2.9416,4.2420,8.2084,7.5265,8.3084,9.1151,2.7332,3.9123,3.2162,7.3111,11.3586,6.8440,9.2204,5.4846,2.3372,2.0266,3.6228,2.7339,6.4987,6.2608,-2.3062,0.9398,5.5838,3.8830,4.3190,1.0162,4.4110,8.0578,4.8196,8.4093,3.8447,6.4859,16.8560,14.7011,8.3927,9.1232,4.9873,5.2790,8.1485,6.0367,7.8423,8.5047,9.6797,11.7109,12.6768,9.6799,5.1778,4.8254,5.8158,8.8667,6.8598,7.9105,6.4665,9.8306,5.5888,7.8066,10.8434,13.2392,11.0138,10.7128,5.1433,9.5905,5.6241,2.7426,5.8502,5.0219,7.8105,6.8156,3.7894,6.7409,7.5138,7.4994,1.2517,6.9856,3.0701,6.5376,4.0482,7.2291,7.2754,9.9655,6.4380,1.8508,4.4607,3.9623,4.5677,5.5211,7.8504,3.8638,3.8671,7.2961,5.4150,4.5916,2.1624,6.6194,4.9106,4.1343,7.3529,1.4817,3.3667,9.6101,6.5500,3.5025,4.6167,1.2147,2.1548,1.9673,3.3345,6.5425,9.5844,6.7649,8.5523,3.9116,12.3005,9.6504,9.6578,8.7838,11.9967,7.5498,8.5602,6.7864,5.8538,5.1535,1.2006,3.1645,2.7095,6.5528,6.3251,8.7367,4.7332,6.7797,4.4027,12.6426,10.5537,6.2549,7.5242,6.8481,5.4342,7.2803,6.6735,6.7367,6.7994,6.8628,6.9274,6.9713,7.0365,7.1029,7.1706,7.2391,7.3088,7.3800,7.4526,7.5269,7.6028,7.6803,7.7596,7.8408,7.9237,8.0087,8.0955,9.6596,9.7239,9.7893,9.8561,9.9241,9.9934,10.0641,10.1361,10.2095,10.2842,10.3604,10.4379,10.5168,10.5970,10.6787,10.7617,10.8460,10.9315,11.0183,11.1063,11.1954,11.2856,11.3768,11.4688,11.5617,11.6552,11.7494,11.7749,11.8720
45133.4583333,2.9195,6.8980,10.8803,20.2303,29.0339,13.5770,12.4383,6.1440,19.1212,20.1797,19.1387,10.2789,11.2980,15.9571,15.5489,8.9750,17.6049,10.6129,7.8399,5.0069,20.3442,6.7311,4.8887,7.4435,8.9432,25.8281,15.6596,4.2416,16.4132,3.6379,8.9902,4.4253,6.8948,9.8595,15.8298,13.5196,18.9362,19.0012,4.5213,23.1429,21.9108,14.0938,7.0550,9.8188,33.2428,17.0807,9.1245,11.1884,5.7351,6.9816,11.6421,17.3112,18.7590,13.1986,5.0892,6.8238,6.3024,17.6625,25.4295,20.5621,20.7622,10.6415,4.2052,4.0720,6.0753,6.1516,15.1980,14.6398,-2.6269,1.8040,8.1494,7.0713,6.5628,2.9234,9.3425,18.7220,15.1061,20.3841,7.8821,11.9713,37.4808,32.5739,25.2816,12.9820,8.6642,10.0332,25.3140,12.6993,23.7122,19.4244,22.6006,26.7050,28.3845,22.1653,7.1974,9.1962,11.1663,17.2312,13.0515,11.3704,18.8818,22.2285,16.7007,17.8714,24.0120,28.4515,23.8029,23.5708,11.1412,20.5334,11.9416,3.8914,18.1720,9.5398,17.7508,15.7086,7.1701,19.8286,17.4629,17.1208,2.3415,15.7139,10.0800,14.6785,9.9272,16.3977,16.0320,21.9154,14.6951,4.2406,10.4796,6.5143,5.7047,7.2460,9.5735,12.6059,12.3561,12.8183,7.7889,10.7326,8.1840,15.0017,11.5032,12.1684,16.6855,2.9150,8.0265,22.0910,8.6963,6.7777,6.2244,2.3537,3.9730,3.0422,6.3902,20.4118,21.3933,21.3785,12.1650,11.4056,27.2850,22.0197,14.1155,19.1230,26.4441,22.3698,23.8938,15.5975,13.1217,11.5226,2.1968,7.2378,5.1191,14.4490,13.8523,19.3830,10.3506,15.3247,8.4260,27.7976,15.5684,11.9070,10.6314,12.7691,10.7575,21.0719,19.1553,19.2422,19.3277,19.4134,19.5002,19.5503,19.6365,19.7239,19.8126,19.9015,19.9916,20.0831,20.1762,20.2708,20.3671,20.4651,20.5648,20.6663,20.7698,20.8751,20.9825,21.0919,21.2033,21.3170,21.4328,21.5508,21.6711,21.7938,21.9188,22.0461,22.1758,22.3080,22.4425,22.5794,22.7187,22.8604,23.0044,23.1507,23.2991,23.4498,23.6024,23.7571,23.9135,24.0717,24.2314,24.3924,24.5548,24.7181,24.7621,24.9305
45133.5000000,3.5451,12.6621,82.8566,97.2147,123.8284,98.8564,93.2382,15.2342,79.5432,84.9344,83.4558,73.4220,49.4168,68.2790,69.7552,63.1677,70.0572,66.6881,52.8813,42.0096,84.9312,14.4101,10.6037,17.8735,66.7087,98.1214,72.6777,6.2594,67.4964,9.5914,58.9008,19.9162,32.3435,65.4467,72.4402,61.7189,79.5270,78.3596,12.5484,89.4652,90.5642,88.1472,10.0341,15.2934,123.4511,65.9651,61.1146,75.2403,42.5473,11.1309,79.6784,71.4441,74.2790,83.8555,11.2736,15.3712,14.4535,80.5564,98.8221,83.4730,81.7323,73.1296,11.5408,9.4782,12.4591,15.7127,64.9508,62.5362,-23.9070,11.5947,53.3900,18.0773,16.1931,12.5034,19.3923,79.0148,63.4793,93.6265,20.2938,28.0921,143.4700,123.5688,102.3575,89.6263,15.0954,21.7980,101.0721,30.1964,100.3573,79.0096,96.4654,108.3636,110.4347,90.7330,55.0136,20.8979,77.4538,122.0475,87.8567,76.3554,74.7483,88.4670,67.7497,73.0754,90.9234,99.6703,84.6424,87.8374,39.7418,71.1535,40.3374,25.5215,73.9969,63.1726,71.4587,65.2090,15.0019,78.7064,73.8230,69.6201,4.9474,61.7531,44.0254,57.4070,76.3626,65.6827,59.9021,81.5475,59.6511,30.0552,45.1504,39.3657,13.1157,16.2966,79.8212,54.3797,52.4069,64.8110,51.9256,45.7254,39.1921,59.8645,49.2537,48.8117,66.8158,6.8464,35.5021,91.1747,19.1741,16.1986,13.6137,5.1892,26.4629,8.1351,14.0930,85.0613,82.5188,87.6540,79.5256,45.4845,103.7464,89.4123,88.0382,99.9918,125.4888,96.6769,94.0429,64.2655,51.0050,44.4772,16.0279,29.3215,38.1548,53.9724,50.8372,73.6342,17.8191,60.8019,54.1646,103.3921,89.4249,74.8986,73.0065,90.2348,79.9379,82.5104,74.6423,74.7469,74.8498,74.9529,75.0575,75.1172,75.2209,75.3261,75.4330,75.5401,75.6486,75.7589,75.8711,75.9852,76.1012,76.2194,76.3397,76.4623,76.5871,76.7143,76.8439,76.9760,77.1107,77.2479,77.3879,77.5306,77.6760,77.8243,77.9755,78.1295,78.2864,78.4463,78.6091,78.7749,78.9435,79.1150,79.2894,79.4665,79.6463,79.8288,80.0137,80.2010,80.3906,80.5822,80.7757,80.9709,81.1676,81.3656,81.4177,81.6218
45133.5416667,12.4555,119.7494,106.9545,127.0922,158.2331,126.7814,120.0727,78.6959,101.3736,108.4534,107.3110,94.3205,63.8423,87.5953,90.2771,81.0068,88.5480,84.5792,67.7476,54.4953,108.2739,16.5797,63.6216,18.5189,86.1092,122.5154,33.5927,3.4482,85.9198,6.0080,17.2653,5.0593,17.5245,84.2710,94.0674,80.2061,101.5482,99.7018,15.0513,112.1980,115.1835,111.3127,12.3744,26.3121,153.1823,82.8787,78.1321,96.8705,55.1594,40.6905,101.7004,90.9747,93.7487,106.2000,12.2604,16.3337,16.0645,22.6080,124.0089,105.8253,102.9622,93.6153,17.0630,11.5407,13.8641,86.0412,83.3411,80.2594,-29.9768,15.4342,68.2108,90.0656,87.0310,16.5664,21.3841,100.9998,81.1990,27.6980,23.3471,29.1502,179.1507,154.0780,129.5524,114.5113,19.5587,98.8562,127.5616,112.2621,128.1799,100.2452,123.4387,137.1811,138.5456,115.1748,71.2382,90.7097,99.0277,156.1190,111.7807,97.4200,94.3360,111.6579,86.0040,92.8653,113.4975,122.0848,104.1567,109.2688,49.2828,87.1017,49.3359,32.8102,93.9450,80.4285,90.5285,83.1883,15.7882,99.3488,22.1784,88.3977,21.6125,77.9154,56.9237,72.3978,22.4939,83.1603,74.7441,101.4297,75.7796,39.5391,13.6669,50.6794,13.9392,9.9912,102.4711,69.9603,16.0966,81.7487,66.3273,58.7681,51.5344,75.7458,63.3164,61.9336,84.5354,34.9259,46.0818,115.8681,20.7275,18.3477,62.6336,22.1638,34.0027,9.5877,15.2215,108.3679,103.4515,111.2885,100.8748,57.7104,129.5040,113.2919,111.3002,125.1376,157.7886,123.9867,118.3518,81.8533,64.3031,56.0701,21.2762,37.5634,49.3730,67.4166,63.2795,92.0987,73.3001,76.8850,69.0048,128.4436,111.8149,94.8247,93.2331,114.9125,102.8327,103.8166,93.8783,93.9450,94.0106,94.0763,94.1430,94.1804,94.2465,94.3136,94.3817,94.4500,94.5192,94.5896,94.6611,94.7340,94.8081,94.8836,94.9605,95.0388,95.1187,95.2000,95.2830,95.3676,95.4538,95.5417,95.6314,95.7229,95.8161,95.9113,96.0082,96.1071,96.2078,96.3105,96.4151,96.5215,96.6299,96.7401,96.8522,96.9661,97.0817,97.1991,97.3180,97.4386,97.5605,97.6838,97.8084,97.9340,98.0606,98.1880,98.2205,98.3519
45133.5833333,10.5444,116.3344,103.9316,21.0919,154.0066,123.2992,116.7380,16.6944,98.5261,105.4294,104.2919,91.6197,61.8705,85.0613,87.6543,78.6335,86.0311,82.1477,65.6974,52.7452,105.2595,15.5297,11.8528,84.0505,17.3838,119.2369,10.3949,2.6652,43.3492,10.9057,16.5038,12.2873,16.7054,34.2700,38.0799,77.8201,98.6905,96.8995,14.3169,109.1458,112.0113,108.2576,48.4796,109.6403,149.2161,80.5119,75.8357,94.1013,53.3941,89.3523,98.8404,88.3795,91.1124,103.2569,10.8128,16.4323,14.6180,11.3842,120.6764,102.8878,100.1131,90.9416,15.7707,11.7997,12.5689,31.6116,19.0945,77.9024,-29.6821,14.6323,66.1553,17.2105,14.7567,15.7381,92.0320,98.1521,78.8273,25.8276,22.2753,154.6807,174.5462,150.0674,126.0548,111.3392,119.0293,96.0483,124.1226,109.1381,124.6793,97.4383,120.0454,133.5008,134.8714,112.0093,15.0464,88.0875,96.2266,151.9374,108.6883,94.6638,91.6855,108.5958,83.5359,90.2300,110.4306,118.8895,101.3550,106.3124,47.7283,84.7050,47.8005,31.5997,91.2842,78.0839,87.9549,80.7719,66.7436,96.5749,21.3035,20.8046,20.6558,75.6490,55.1123,70.2614,96.8876,80.7550,72.5702,98.6396,73.5355,18.0173,56.3344,11.6734,7.4420,14.9815,99.5438,67.8136,65.1418,79.3565,64.2725,56.8813,49.7856,18.2284,14.5132,59.9821,82.0497,4.7814,7.3539,112.6155,19.7822,17.4903,14.0262,21.1249,32.6914,19.8601,64.3087,105.2819,100.5347,108.1449,97.9867,55.8535,125.9982,48.3142,108.1815,121.7296,153.5918,120.5148,115.0855,19.3603,62.3176,54.2838,20.2833,36.2062,47.7196,65.3972,61.3673,89.5026,71.1126,74.6225,66.9154,125.0267,108.7628,92.1352,90.5576,111.7249,99.9041,100.9348,91.2333,91.3009,91.3674,91.4341,91.5016,91.5397,91.6066,91.6745,91.7434,91.8124,91.8824,91.9535,92.0257,92.0992,92.1741,92.2502,92.3277,92.4067,92.4872,92.5692,92.6527,92.7379,92.8248,92.9133,93.0036,93.0957,93.1896,93.2853,93.3829,93.4824,93.5838,93.6871,93.7924,93.8995,94.0086,94.1195,94.2323,94.3469,94.4633,94.5814,94.7011,94.8224,94.9451,95.0692,95.1945,95.3210,95.4484,95.5766,95.6095,95.7417
45133.6250000,8.4298,22.7990,22.3656,17.7802,137.0923,29.6273,103.4479,13.8731,24.8569,27.2169,26.4223,23.3330,15.5341,21.6247,18.0506,20.1669,76.1140,72.5736,57.6649,12.9292,93.2988,21.7537,9.8687,74.0142,14.7986,106.2453,14.5188,2.1910,11.9247,5.4618,13.5967,5.6788,13.7968,24.5425,27.0229,26.3362,24.1965,24.4624,11.7018,29.4595,99.4112,26.4599,49.7626,97.0440,133.4472,71.2159,66.8007,83.1238,46.5136,30.7617,87.5070,78.1309,80.7113,91.5996,9.0612,11.4553,8.1795,15.2376,107.4528,91.2512,88.8491,23.5651,12.8234,9.5497,8.7803,12.6640,16.2872,68.6139,-28.1493,3.5711,15.9417,14.5059,12.3266,3.8018,21.2480,20.2632,69.4841,21.8259,18.4554,137.1511,156.1653,134.1042,32.3591,28.5615,105.2912,24.0406,110.4528,96.7221,110.7306,86.3336,106.5306,118.8408,120.2594,99.4417,12.7355,18.5535,22.9405,38.0473,27.2889,83.7564,24.8591,96.4627,73.8124,29.6811,98.3014,106.2834,90.3326,94.6400,41.7529,75.3355,41.9200,27.0035,23.5577,19.4214,77.8147,16.2293,16.1039,85.6285,18.2549,17.9361,4.3603,66.7791,10.6510,18.0630,85.4078,71.3343,64.1235,87.7028,64.7921,7.9957,7.8214,20.5521,6.2804,12.7282,88.0364,59.5064,57.1342,70.1040,15.7098,12.0683,19.0894,15.7321,12.3257,52.5814,72.4795,4.0294,6.3144,99.9262,16.7737,14.5996,11.8401,17.4742,27.9335,19.9028,15.7411,25.6583,89.2422,95.8990,86.7719,14.7904,112.2919,35.2313,96.0033,108.3924,137.0293,106.8524,102.2999,16.6145,54.7189,14.8369,16.6834,9.5697,41.3868,57.5973,53.9960,79.3392,62.5854,20.1798,17.1541,111.5282,96.7292,81.5519,21.2681,28.7825,23.1528,89.5739,80.8354,80.9069,80.9773,81.0478,81.1192,81.1601,81.2308,81.3026,81.3754,81.4483,81.5222,81.5972,81.6735,81.7510,81.8298,81.9100,81.9916,82.0747,82.1593,82.2455,82.3333,82.4227,82.5139,82.6067,82.7014,82.7979,82.8963,82.9965,83.0987,83.2027,83.3088,83.4168,83.5268,83.6387,83.7526,83.8685,83.9862,84.1059,84.2273,84.3505,84.4754,84.6019,84.7299,84.8593,84.9899,85.1218,85.2546,85.3882,85.4228,85.5606
45133.6666667,2.5014,8.5428,16.7995,13.4252,19.8917,22.1614,21.4867,7.6937,69.6462,20.5279,15.7571,17.5110,11.1872,16.2680,13.5345,15.1711,17.7689,16.7062,12.4971,5.6754,12.2065,5.5519,7.2888,11.8801,6.4210,85.8114,7.7082,2.2881,11.4469,3.2304,17.3009,7.5576,8.9160,18.0360,24.4912,15.2806,69.6965,68.5080,17.9350,22.9920,17.1798,20.5837,16.4015,20.4051,108.4662,56.8168,14.8718,66.0334,9.0663,15.1060,17.5051,62.2049,64.5209,20.2376,17.0455,8.3805,9.4995,13.0078,86.6536,21.0160,21.0917,17.7890,17.8537,14.7131,54.7083,15.0703,56.4736,54.2613,-6.0156,2.4674,9.6713,60.7585,5.8491,2.6655,15.6894,69.2622,15.1726,15.7296,36.7370,109.4705,126.9465,108.8219,24.9699,21.2444,83.7469,18.1098,88.9415,77.2832,88.7959,19.8036,18.8149,95.7260,97.1978,79.7378,9.6814,13.9108,17.4667,28.8554,21.0483,18.2939,19.1456,77.4531,16.7879,63.6353,79.2727,86.4290,73.0771,76.3483,32.7491,60.7705,33.0569,5.9240,12.2903,14.4669,17.1107,20.4242,8.5993,19.7727,13.9260,10.8523,3.2251,53.0831,8.0989,49.1075,26.9515,56.7496,51.1030,70.6172,51.3178,6.0447,5.3064,32.9868,11.4987,13.7797,70.0944,46.7677,44.8806,55.8046,44.3365,38.7692,6.5338,51.3573,9.4001,41.3205,16.5235,2.1524,12.3344,80.0758,8.6050,10.0566,8.9283,5.3802,6.1188,10.8930,43.9811,74.5510,71.6624,11.2423,18.5740,38.2443,90.7676,78.3317,76.9961,87.4739,110.8699,18.3023,82.2933,17.0012,43.1582,37.2115,2.7755,23.6168,8.9520,45.6728,42.7593,63.5557,49.4887,52.1912,13.0630,90.2820,77.8860,65.0951,63.6376,79.3200,18.3531,71.8335,64.6609,64.7361,64.8100,64.8841,64.9592,65.0026,65.0772,65.1528,65.2295,65.3065,65.3844,65.4636,65.5440,65.6259,65.7091,65.7938,65.8800,65.9678,66.0572,66.1482,66.2409,66.3353,66.4316,66.5296,66.6295,66.7314,66.8352,66.9409,67.0486,67.1584,67.2702,67.3840,67.4999,67.6178,67.7378,67.8597,67.9836,68.1095,68.2373,68.3668,68.4981,68.6311,68.7656,68.9015,69.0388,69.1772,69.3167,69.4570,69.4940,69.6386
45133.7083333,2.5990,6.5911,10.5573,7.5474,15.6685,15.3678,14.5607,6.6861,24.9395,14.2683,11.4028,11.9581,7.6473,11.1930,17.6871,10.4557,12.7267,11.8700,8.7310,4.2349,11.1639,4.8893,5.1321,6.8274,6.5716,28.0332,9.9003,2.3760,9.4087,4.6103,6.8265,3.3213,7.6383,9.3473,12.4027,7.7029,20.1835,47.0241,14.1393,16.7927,13.0954,14.8006,19.8288,13.7110,76.6510,18.0795,10.3590,44.8517,4.9970,9.8141,12.4546,17.8763,44.5010,11.3751,5.2463,9.6932,10.4379,11.2844,21.4347,14.8750,15.1790,12.2742,8.2878,12.6307,10.3880,4.2427,38.2794,18.9565,-4.0599,1.6968,7.7473,12.6363,6.0696,1.8572,10.4665,15.1366,10.5886,13.2080,11.8666,74.2261,38.9144,34.4594,17.8749,14.8094,56.6598,12.4669,61.8157,52.9583,25.6999,14.0181,13.7708,66.4678,30.0483,18.5030,7.1054,9.8838,12.2601,19.9326,14.8879,12.8367,13.7545,53.6681,11.9392,22.3146,14.2585,61.4369,51.5778,53.4881,22.3072,42.8633,22.7882,4.2604,10.7715,16.9661,12.3609,18.1722,5.9697,11.1751,8.9530,10.1856,2.3500,36.3938,5.9281,15.6306,21.9145,38.8804,16.9104,49.3716,34.9370,3.8211,5.0707,21.7483,10.4229,10.2849,47.7757,31.3891,30.1451,38.3139,29.8651,10.2281,6.3115,9.5047,6.9199,27.9004,11.8717,2.2303,3.6200,17.0329,10.8148,6.4602,6.4592,3.9752,4.3714,4.0275,29.2641,18.0139,13.7559,10.4856,11.8629,25.7373,63.6305,19.2504,28.3868,61.1560,77.5640,12.5849,57.2104,19.6695,29.3640,25.1451,3.6303,15.2730,6.0880,17.6122,29.3830,44.1083,33.6558,35.6793,9.2830,63.5116,54.3453,44.7693,43.4349,54.5766,12.5709,49.7776,44.6953,44.7729,44.8492,44.9258,45.0034,45.0482,45.1253,45.2035,45.2829,45.3626,45.4433,45.5253,45.6087,45.6935,45.7799,45.8677,45.9572,46.0483,46.1412,46.2357,46.3321,46.4303,46.5304,46.6324,46.7364,46.8424,46.9504,47.0606,47.1728,47.2872,47.4037,47.5223,47.6431,47.7661,47.8912,48.0184,48.1476,48.2789,48.4122,48.5474,48.6844,48.8231,48.9635,49.1054,49.2486,49.3931,49.5386,49.6851,49.7246,49.8755
45133.7500000,2.3992,6.3596,7.4538,6.9661,12.0741,10.3797,9.5068,5.4592,9.1637,9.6105,8.5631,7.8711,4.6475,7.4771,6.8428,7.0139,8.8577,8.1359,5.7737,4.0720,9.8158,4.1188,3.5364,5.8110,6.0629,14.7150,5.7975,2.1917,7.5379,3.4976,6.6496,3.0636,5.8565,8.3700,10.7693,6.5082,8.3090,25.2225,3.6768,11.9130,9.5461,10.7731,6.6889,8.7124,42.9788,9.5607,7.0312,9.4938,4.3299,6.1965,8.8288,9.1475,24.1996,10.0041,3.6575,6.7332,5.7133,9.0120,13.3684,10.1885,10.5883,8.1921,4.4255,2.8976,5.4928,3.9105,20.1828,14.0250,-2.3691,1.2946,5.7571,5.6087,4.6220,1.4299,6.0251,7.9784,6.5155,10.4686,6.1933,8.3992,21.0037,18.5447,12.2991,10.0473,7.1393,8.2002,14.6286,11.3551,18.2114,9.6157,12.2893,16.9795,15.0678,9.8011,5.1399,8.5254,8.5378,13.1801,10.3367,8.7336,8.8481,29.2178,7.6437,11.2900,12.1665,35.1307,29.2676,29.8312,12.4366,24.5078,13.0102,3.1226,8.5266,7.4494,8.7805,12.1582,5.3394,9.7690,7.7823,8.5506,1.7794,7.8517,4.4290,8.2461,13.4316,8.6231,8.8915,27.5137,8.1180,2.9394,5.0510,4.0833,5.2919,7.6937,25.1943,16.3989,15.8284,20.8024,15.8001,5.4298,4.5389,8.3065,5.1333,14.9294,7.8251,2.0524,3.3100,9.6675,6.3502,5.2276,4.7357,1.8653,3.1922,2.2816,7.7714,9.6753,10.2232,10.1667,8.7965,6.5734,20.9463,11.4010,16.6668,15.4296,18.6410,10.1246,31.2976,10.0304,8.0226,13.6187,1.6053,4.0797,4.0961,10.7678,8.4078,24.3475,18.0582,19.2937,6.4840,16.8320,30.0472,10.5193,12.3524,12.3255,8.3527,12.6402,11.6466,11.8763,12.1144,12.3628,12.6227,12.8637,13.1464,13.4428,13.7537,14.0792,14.4207,14.7794,15.1564,25.3576,25.4369,25.5176,25.5998,25.6835,25.7687,25.8555,25.9440,26.0342,26.1262,26.2199,26.3154,26.4129,26.5121,26.6134,26.7165,26.8217,26.9288,27.0379,27.1490,27.2621,27.3772,27.4942,27.6132,27.7340,27.8567,27.9812,28.1074,28.2352,28.3645,28.4952,28.6272,28.7604,28.8946,29.0296,29.0663,29.2055
45133.7916667,1.5610,3.8380,4.8701,4.5320,7.8330,6.2117,5.5056,2.7469,5.6302,5.6227,5.0698,4.5803,3.0232,4.3475,3.9549,4.1053,5.3303,4.8633,3.5788,2.5775,6.0160,2.3837,2.3001,3.7308,3.9430,8.1109,3.7700,1.4252,4.8082,1.5737,3.5762,1.9921,2.5861,4.0065,3.9011,3.3651,5.2705,5.4156,2.0724,7.1314,6.2064,6.5534,3.7949,5.0659,11.1069,5.3140,4.1412,4.6198,2.5892,3.5004,5.3262,5.0463,5.8548,6.1011,2.3773,2.3477,2.8387,4.3638,7.9544,5.9693,6.2518,4.7498,2.0910,1.8834,3.0496,2.5412,7.5566,6.0130,-1.2492,0.8380,3.6935,3.6481,2.9541,0.9101,3.9149,5.1841,4.2336,4.9604,3.4636,5.4569,11.5477,10.1527,7.3657,5.8837,4.6371,4.8715,7.5276,5.6124,6.6241,5.6840,6.9565,7.7247,8.7611,6.3656,3.2441,4.2312,5.1046,7.7059,6.0649,5.1681,5.7171,11.3674,4.8914,5.5232,7.9294,14.7100,7.9579,7.5266,3.7846,7.0462,5.7391,1.9171,5.4015,4.4649,5.2576,5.8524,3.4735,5.9603,4.9076,5.2460,1.1171,4.8073,2.7252,4.5227,3.7111,5.2610,5.2031,7.0112,4.3355,1.7191,3.0509,2.6910,3.2993,3.4147,4.9374,3.4240,5.9851,8.1946,6.0585,2.9833,1.9246,4.5989,3.2208,5.8689,4.9774,1.3320,2.1481,6.2737,4.0494,3.1293,2.9044,1.0998,1.9416,1.4356,3.5293,5.9165,6.6034,6.3533,5.7364,3.4777,8.8004,6.4238,8.2504,8.1303,9.6111,6.2580,7.3840,4.7738,4.7701,4.2677,0.9778,2.2046,2.4148,5.0087,4.5611,9.7826,4.3755,4.7688,3.8713,8.9757,11.9924,5.5513,5.0048,6.2040,4.8828,6.4881,5.9482,6.0056,6.0635,6.1228,6.1842,6.2277,6.2922,6.3594,6.7764,6.4774,6.5494,6.6247,6.7035,6.7862,6.8731,6.9646,7.0611,7.1631,7.2710,7.3698,7.4886,7.6147,7.7488,7.8917,8.0442,8.2072,8.3815,8.5684,8.7689,11.2111,11.2805,11.3513,11.4233,11.4966,11.5712,11.6470,11.7241,11.8025,11.8820,11.9626,12.0444,12.1272,12.2110,12.2958,12.3813,12.4676,12.5546,12.6421,12.6659,12.7561
45133.8333333,0.3088,0.7044,0.9423,0.8963,1.5489,1.2029,1.0812,0.5431,1.0644,1.1046,1.0015,0.9013,0.5978,0.8596,0.7820,0.8068,1.0377,0.9583,0.7004,0.4972,1.1255,0.4712,0.4547,0.7374,0.7793,1.5912,0.7450,0.2816,0.9311,0.3109,0.5962,0.3936,0.5109,0.7916,0.7707,0.6648,1.0412,1.0698,0.3819,1.4015,1.2259,1.2909,0.7454,0.9962,2.0895,1.0425,0.8130,0.8959,0.5064,0.6864,1.0480,0.9761,1.1103,1.1966,0.4693,0.4635,0.5604,0.8616,1.5281,1.1785,1.2343,0.9378,0.4128,0.3718,0.5752,0.5015,0.8213,0.7926,-0.2437,0.1655,0.7288,0.7028,0.5829,0.1796,0.7724,1.0228,0.8353,0.9787,0.6833,1.0764,2.2773,2.0022,1.4474,1.1526,0.9142,0.9532,1.4739,1.1066,1.2833,1.1119,1.2102,1.5231,1.6998,1.2549,0.6344,0.8341,1.0019,1.5103,1.1878,1.0134,1.1171,1.3022,0.9627,1.0182,1.4854,1.8956,1.5683,1.4831,0.7458,1.3885,0.8364,0.3768,1.0395,0.8754,1.0302,0.8803,0.6700,1.1670,0.9523,0.9820,0.2197,0.9404,0.5356,0.8847,0.7306,0.9581,1.0120,1.3802,0.8471,0.3132,0.5656,0.5111,0.5711,0.6723,0.9720,0.6741,0.6767,0.9780,0.7032,0.5874,0.3789,0.8816,0.6236,0.7151,0.9739,0.2622,0.4228,1.2348,0.7970,0.6033,0.5716,0.2165,0.3811,0.2597,0.5852,1.1288,1.2968,1.2060,1.1145,0.6797,1.6736,1.2567,1.3131,1.5805,1.8711,1.2264,1.4133,0.8811,0.7980,0.7090,0.1920,0.4306,0.4725,0.9143,0.8932,1.1971,0.8312,0.9067,0.7579,1.7447,1.4367,1.0805,0.9605,1.2018,0.9537,1.2567,1.1508,1.1600,1.1690,1.1780,1.1872,1.1925,1.2016,1.2108,1.2201,1.2295,1.2390,1.2486,1.2584,1.2684,1.2786,1.2889,1.2994,1.3101,1.3210,1.3321,1.3434,1.3550,1.3667,1.3787,1.3909,1.4033,1.4160,1.4289,1.4421,1.4555,1.4692,1.4831,1.4973,1.5117,1.5264,1.5413,1.5565,1.5719,1.5875,1.6034,1.6195,1.6358,1.6523,1.6689,1.6858,1.7027,1.7198,1.7371,1.7417,1.7595
45133.8750000,0.0000,0.0000,0.0000,0.0000,0.0000,0.0000,0.0000,0.0000,0.0000,0.0000,0.0000,0.0000,0.0000,0.0000,0.0000,0.0000,0.0000,0.0000,0.0000,0.0000,0.0000,0.0000,0.0000,0.0000,0.0000,0.0000,0.0000,0.0000,0.0000,0.0000,0.0000,0.0000,0.0000,0.0000,0.0000,0.0000,0.0000,0.0000,0.0000,0.0000,0.0000,0.0000,0.0000,0.0000,0.0000,0.0000,0.0000,0.0000,0.0000,0.0000,0.0000,0.0000,0.0000,0.0000,0.0000,0.0000,0.0000,0.0000,0.0000,0.0000,0.0000,0.0000,0.0000,0.0000,0.0000,0.0000,0.0000,0.0000,0.0000,0.0000,0.0000,0.0000,0.0000,0.0000,0.0000,0.0000,0.0000,0.0000,0.0000,0.0000,0.0000,0.0000,0.0000,0.0000,0.0000,0.0000,0.0000,0.0000,0.0000,0.0000,0.0000,0.0000,0.0000,0.0000,0.0000,0.0000,0.0000,0.0000,0.0000,0.0000,0.0000,0.0000,0.0000,0.0000,0.0000,0.0000,0.0000,0.0000,0.0000,0.0000,0.0000,0.0000,0.0000,0.0000,0.0000,0.0000,0.0000,0.0000,0.0000,0.0000,0.0000,0.0000,0.0000,0.0000,0.0000,0.0000,0.0000,0.0000,0.0000,0.0000,0.0000,0.0000,0.0000,0.0000,0.0000,0.0000,0.0000,0.0000,0.0000,0.0000,0.0000,0.0000,0.0000,0.0000,0.0000,0.0000,0.0000,0.0000,0.0000,0.0000,0.0000,0.0000,0.0000,0.0000,0.0000,0.0000,0.0000,0.0000,0.0000,0.0000,0.0000,0.0000,0.0000,0.0000,0.0000,0.0000,0.0000,0.0000,0.0000,0.0000,0.0000,0.0000,0.0000,0.0000,0.0000,0.0000,0.0000,0.0000,0.0000,0.0000,0.0000,0.0000,0.0000,0.0000,0.0000,0.0000,0.0000,0.0000,0.0000,0.0000,0.0000,0.0000,0.0000,0.0000,0.0000,0.0000,0.0000,0.0000,0.0000,0.0000,0.0000,0.0000,0.0000,0.0000,0.0000,0.0000,0.0000,0.0000,0.0000,0.0000,0.0000,0.0000,0.0000,0.0000,0.0000,0.0000,0.0000,0.0000,0.0000,0.0000,0.0000,0.0000,0.0000,0.0000,0.0000,0.0000,0.0000,0.0000,0.0000,0.0000,0.0000,0.0000,0.0000,0.0000,0.0000,0.0000
45133.9166667,0.0000,0.0000,0.0000,0.0000,0.0000,0.0000,0.0000,0.0000,0.0000,0.0000,0.0000,0.0000,0.0000,0.0000,0.0000,0.0000,0.0000,0.0000,0.0000,0.0000,0.0000,0.0000,0.0000,0.0000,0.0000,0.0000,0.0000,0.0000,0.0000,0.0000,0.0000,0.0000,0.0000,0.0000,0.0000,0.0000,0.0000,0.0000,0.0000,0.0000,0.0000,0.0000,0.0000,0.0000,0.0000,0.0000,0.0000,0.0000,0.0000,0.0000,0.0000,0.0000,0.0000,0.0000,0.0000,0.0000,0.0000,0.0000,0.0000,0.0000,0.0000,0.0000,0.0000,0.0000,0.0000,0.0000,0.0000,0.0000,0.0000,0.0000,0.0000,0.0000,0.0000,0.0000,0.0000,0.0000,0.0000,0.0000,0.0000,0.0000,0.0000,0.0000,0.0000,0.0000,0.0000,0.0000,0.0000,0.0000,0.0000,0.0000,0.0000,0.0000,0.0000,0.0000,0.0000,0.0000,0.0000,0.0000,0.0000,0.0000,0.0000,0.0000,0.0000,0.0000,0.0000,0.0000,0.0000,0.0000,0.0000,0.0000,0.0000,0.0000,0.0000,0.0000,0.0000,0.0000,0.0000,0.0000,0.0000,0.0000,0.0000,0.0000,0.0000,0.0000,0.0000,0.0000,0.0000,0.0000,0.0000,0.0000,0.0000,0.0000,0.0000,0.0000,0.0000,0.0000,0.0000,0.0000,0.0000,0.0000,0.0000,0.0000,0.0000,0.0000,0.0000,0.0000,0.0000,0.0000,0.0000,0.0000,0.0000,0.0000,0.0000,0.0000,0.0000,0.0000,0.0000,0.0000,0.0000,0.0000,0.0000,0.0000,0.0000,0.0000,0.0000,0.0000,0.0000,0.0000,0.0000,0.0000,0.0000,0.0000,0.0000,0.0000,0.0000,0.0000,0.0000,0.0000,0.0000,0.0000,0.0000,0.0000,0.0000,0.0000,0.0000,0.0000,0.0000,0.0000,0.0000,0.0000,0.0000,0.0000,0.0000,0.0000,0.0000,0.0000,0.0000,0.0000,0.0000,0.0000,0.0000,0.0000,0.0000,0.0000,0.0000,0.0000,0.0000,0.0000,0.0000,0.0000,0.0000,0.0000,0.0000,0.0000,0.0000,0.0000,0.0000,0.0000,0.0000,0.0000,0.0000,0.0000,0.0000,0.0000,0.0000,0.0000,0.0000,0.0000,0.0000,0.0000,0.0000,0.0000,0.0000,0.0000,0.0000,0.0000
45133.9583333,0.0000,0.0000,0.0000,0.0000,0.0000,0.0000,0.0000,0.0000,0.0000,0.0000,0.0000,0.0000,0.0000,0.0000,0.0000,0.0000,0.0000,0.0000,0.0000,0.0000,0.0000,0.0000,0.0000,0.0000,0.0000,0.0000,0.0000,0.0000,0.0000,0.0000,0.0000,0.0000,0.0000,0.0000,0.0000,0.0000,0.0000,0.0000,0.0000,0.0000,0.0000,0.0000,0.0000,0.0000,0.0000,0.0000,0.0000,0.0000,0.0000,0.0000,0.0000,0.0000,0.0000,0.0000,0.0000,0.0000,0.0000,0.0000,0.0000,0.0000,0.0000,0.0000,0.0000,0.0000,0.0000,0.0000,0.0000,0.0000,0.0000,0.0000,0.0000,0.0000,0.0000,0.0000,0.0000,0.0000,0.0000,0.0000,0.0000,0.0000,0.0000,0.0000,0.0000,0.0000,0.0000,0.0000,0.0000,0.0000,0.0000,0.0000,0.0000,0.0000,0.0000,0.0000,0.0000,0.0000,0.0000,0.0000,0.0000,0.0000,0.0000,0.0000,0.0000,0.0000,0.0000,0.0000,0.0000,0.0000,0.0000,0.0000,0.0000,0.0000,0.0000,0.0000,0.0000,0.0000,0.0000,0.0000,0.0000,0.0000,0.0000,0.0000,0.0000,0.0000,0.0000,0.0000,0.0000,0.0000,0.0000,0.0000,0.0000,0.0000,0.0000,0.0000,0.0000,0.0000,0.0000,0.0000,0.0000,0.0000,0.0000,0.0000,0.0000,0.0000,0.0000,0.0000,0.0000,0.0000,0.0000,0.0000,0.0000,0.0000,0.0000,0.0000,0.0000,0.0000,0.0000,0.0000,0.0000,0.0000,0.0000,0.0000,0.0000,0.0000,0.0000,0.0000,0.0000,0.0000,0.0000,0.0000,0.0000,0.0000,0.0000,0.0000,0.0000,0.0000,0.0000,0.0000,0.0000,0.0000,0.0000,0.0000,0.0000,0.0000,0.0000,0.0000,0.0000,0.0000,0.0000,0.0000,0.0000,0.0000,0.0000,0.0000,0.0000,0.0000,0.0000,0.0000,0.0000,0.0000,0.0000,0.0000,0.0000,0.0000,0.0000,0.0000,0.0000,0.0000,0.0000,0.0000,0.0000,0.0000,0.0000,0.0000,0.0000,0.0000,0.0000,0.0000,0.0000,0.0000,0.0000,0.0000,0.0000,0.0000,0.0000,0.0000,0.0000,0.0000,0.0000,0.0000,0.0000,0.0000,0.0000,0.0000,0.0000,0.0000
45134.0000000,0.0000,0.0000,0.0000,0.0000,0.0000,0.0000,0.0000,0.0000,0.0000,0.0000,0.0000,0.0000,0.0000,0.0000,0.0000,0.0000,0.0000,0.0000,0.0000,0.0000,0.0000,0.0000,0.0000,0.0000,0.0000,0.0000,0.0000,0.0000,0.0000,0.0000,0.0000,0.0000,0.0000,0.0000,0.0000,0.0000,0.0000,0.0000,0.0000,0.0000,0.0000,0.0000,0.0000,0.0000,0.0000,0.0000,0.0000,0.0000,0.0000,0.0000,0.0000,0.0000,0.0000,0.0000,0.0000,0.0000,0.0000,0.0000,0.0000,0.0000,0.0000,0.0000,0.0000,0.0000,0.0000,0.0000,0.0000,0.0000,0.0000,0.0000,0.0000,0.0000,0.0000,0.0000,0.0000,0.0000,0.0000,0.0000,0.0000,0.0000,0.0000,0.0000,0.0000,0.0000,0.0000,0.0000,0.0000,0.0000,0.0000,0.0000,0.0000,0.0000,0.0000,0.0000,0.0000,0.0000,0.0000,0.0000,0.0000,0.0000,0.0000,0.0000,0.0000,0.0000,0.0000,0.0000,0.0000,0.0000,0.0000,0.0000,0.0000,0.0000,0.0000,0.0000,0.0000,0.0000,0.0000,0.0000,0.0000,0.0000,0.0000,0.0000,0.0000,0.0000,0.0000,0.0000,0.0000,0.0000,0.0000,0.0000,0.0000,0.0000,0.0000,0.0000,0.0000,0.0000,0.0000,0.0000,0.0000,0.0000,0.0000,0.0000,0.0000,0.0000,0.0000,0.0000,0.0000,0.0000,0.0000,0.0000,0.0000,0.0000,0.0000,0.0000,0.0000,0.0000,0.0000,0.0000,0.0000,0.0000,0.0000,0.0000,0.0000,0.0000,0.0000,0.0000,0.0000,0.0000,0.0000,0.0000,0.0000,0.0000,0.0000,0.0000,0.0000,0.0000,0.0000,0.0000,0.0000,0.0000,0.0000,0.0000,0.0000,0.0000,0.0000,0.0000,0.0000,0.0000,0.0000,0.0000,0.0000,0.0000,0.0000,0.0000,0.0000,0.0000,0.0000,0.0000,0.0000,0.0000,0.0000,0.0000,0.0000,0.0000,0.0000,0.0000,0.0000,0.0000,0.0000,0.0000,0.0000,0.0000,0.0000,0.0000,0.0000,0.0000,0.0000,0.0000,0.0000,0.0000,0.0000,0.0000,0.0000,0.0000,0.0000,0.0000,0.0000,0.0000,0.0000,0.0000,0.0000,0.0000,0.0000,0.0000,0.0000,0.0000
45134.0416667,0.0000,0.0000,0.0000,0.0000,0.0000,0.0000,0.0000,0.0000,0.0000,0.0000,0.0000,0.0000,0.0000,0.0000,0.0000,0.0000,0.0000,0.0000,0.0000,0.0000,0.0000,0.0000,0.0000,0.0000,0.0000,0.0000,0.0000,0.0000,0.0000,0.0000,0.0000,0.0000,0.0000,0.0000,0.0000,0.0000,0.0000,0.0000,0.0000,0.0000,0.0000,0.0000,0.0000,0.0000,0.0000,0.0000,0.0000,0.0000,0.0000,0.0000,0.0000,0.0000,0.0000,0.0000,0.0000,0.0000,0.0000,0.0000,0.0000,0.0000,0.0000,0.0000,0.0000,0.0000,0.0000,0.0000,0.0000,0.0000,0.0000,0.0000,0.0000,0.0000,0.0000,0.0000,0.0000,0.0000,0.0000,0.0000,0.0000,0.0000,0.0000,0.0000,0.0000,0.0000,0.0000,0.0000,0.0000,0.0000,0.0000,0.0000,0.0000,0.0000,0.0000,0.0000,0.0000,0.0000,0.0000,0.0000,0.0000,0.0000,0.0000,0.0000,0.0000,0.0000,0.0000,0.0000,0.0000,0.0000,0.0000,0.0000,0.0000,0.0000,0.0000,0.0000,0.0000,0.0000,0.0000,0.0000,0.0000,0.0000,0.0000,0.0000,0.0000,0.0000,0.0000,0.0000,0.0000,0.0000,0.0000,0.0000,0.0000,0.0000,0.0000,0.0000,0.0000,0.0000,0.0000,0.0000,0.0000,0.0000,0.0000,0.0000,0.0000,0.0000,0.0000,0.0000,0.0000,0.0000,0.0000,0.0000,0.0000,0.0000,0.0000,0.0000,0.0000,0.0000,0.0000,0.0000,0.0000,0.0000,0.0000,0.0000,0.0000,0.0000,0.0000,0.0000,0.0000,0.0000,0.0000,0.0000,0.0000,0.0000,0.0000,0.0000,0.0000,0.0000,0.0000,0.0000,0.0000,0.0000,0.0000,0.0000,0.0000,0.0000,0.0000,0.0000,0.0000,0.0000,0.0000,0.0000,0.0000,0.0000,0.0000,0.0000,0.0000,0.0000,0.0000,0.0000,0.0000,0.0000,0.0000,0.0000,0.0000,0.0000,0.0000,0.0000,0.0000,0.0000,0.0000,0.0000,0.0000,0.0000,0.0000,0.0000,0.0000,0.0000,0.0000,0.0000,0.0000,0.0000,0.0000,0.0000,0.0000,0.0000,0.0000,0.0000,0.0000,0.0000,0.0000,0.0000,0.0000,0.0000,0.0000,0.0000,0.0000,0.0000
45134.0833333,0.0000,0.0000,0.0000,0.0000,0.0000,0.0000,0.0000,0.0000,0.0000,0.0000,0.0000,0.0000,0.0000,0.0000,0.0000,0.0000,0.0000,0.0000,0.0000,0.0000,0.0000,0.0000,0.0000,0.0000,0.0000,0.0000,0.0000,0.0000,0.0000,0.0000,0.0000,0.0000,0.0000,0.0000,0.0000,0.0000,0.0000,0.0000,0.0000,0.0000,0.0000,0.0000,0.0000,0.0000,0.0000,0.0000,0.0000,0.0000,0.0000,0.0000,0.0000,0.0000,0.0000,0.0000,0.0000,0.0000,0.0000,0.0000,0.0000,0.0000,0.0000,0.0000,0.0000,0.0000,0.0000,0.0000,0.0000,0.0000,0.0000,0.0000,0.0000,0.0000,0.0000,0.0000,0.0000,0.0000,0.0000,0.0000,0.0000,0.0000,0.0000,0.0000,0.0000,0.0000,0.0000,0.0000,0.0000,0.0000,0.0000,0.0000,0.0000,0.0000,0.0000,0.0000,0.0000,0.0000,0.0000,0.0000,0.0000,0.0000,0.0000,0.0000,0.0000,0.0000,0.0000,0.0000,0.0000,0.0000,0.0000,0.0000,0.0000,0.0000,0.0000,0.0000,0.0000,0.0000,0.0000,0.0000,0.0000,0.0000,0.0000,0.0000,0.0000,0.0000,0.0000,0.0000,0.0000,0.0000,0.0000,0.0000,0.0000,0.0000,0.0000,0.0000,0.0000,0.0000,0.0000,0.0000,0.0000,0.0000,0.0000,0.0000,0.0000,0.0000,0.0000,0.0000,0.0000,0.0000,0.0000,0.0000,0.0000,0.0000,0.0000,0.0000,0.0000,0.0000,0.0000,0.0000,0.0000,0.0000,0.0000,0.0000,0.0000,0.0000,0.0000,0.0000,0.0000,0.0000,0.0000,0.0000,0.0000,0.0000,0.0000,0.0000,0.0000,0.0000,0.0000,0.0000,0.0000,0.0000,0.0000,0.0000,0.0000,0.0000,0.0000,0.0000,0.0000,0.0000,0.0000,0.0000,0.0000,0.0000,0.0000,0.0000,0.0000,0.0000,0.0000,0.0000,0.0000,0.0000,0.0000,0.0000,0.0000,0.0000,0.0000,0.0000,0.0000,0.0000,0.0000,0.0000,0.0000,0.0000,0.0000,0.0000,0.0000,0.0000,0.0000,0.0000,0.0000,0.0000,0.0000,0.0000,0.0000,0.0000,0.0000,0.0000,0.0000,0.0000,0.0000,0.0000,0.0000,0.0000,0.0000,0.0000,0.0000,0.0000
45134.1250000,0.0000,0.0000,0.0000,0.0000,0.0000,0.0000,0.0000,0.0000,0.0000,0.0000,0.0000,0.0000,0.0000,0.0000,0.0000,0.0000,0.0000,0.0000,0.0000,0.0000,0.0000,0.0000,0.0000,0.0000,0.0000,0.0000,0.0000,0.0000,0.0000,0.0000,0.0000,0.0000,0.0000,0.0000,0.0000,0.0000,0.0000,0.0000,0.0000,0.0000,0.0000,0.0000,0.0000,0.0000,0.0000,0.0000,0.0000,0.0000,0.0000,0.0000,0.0000,0.0000,0.0000,0.0000,0.0000,0.0000,0.0000,0.0000,0.0000,0.0000,0.0000,0.0000,0.0000,0.0000,0.0000,0.0000,0.0000,0.0000,0.0000,0.0000,0.0000,0.0000,0.0000,0.0000,0.0000,0.0000,0.0000,0.0000,0.0000,0.0000,0.0000,0.0000,0.0000,0.0000,0.0000,0.0000,0.0000,0.0000,0.0000,0.0000,0.0000,0.0000,0.0000,0.0000,0.0000,0.0000,0.0000,0.0000,0.0000,0.0000,0.0000,0.0000,0.0000,0.0000,0.0000,0.0000,0.0000,0.0000,0.0000,0.0000,0.0000,0.0000,0.0000,0.0000,0.0000,0.0000,0.0000,0.0000,0.0000,0.0000,0.0000,0.0000,0.0000,0.0000,0.0000,0.0000,0.0000,0.0000,0.0000,0.0000,0.0000,0.0000,0.0000,0.0000,0.0000,0.0000,0.0000,0.0000,0.0000,0.0000,0.0000,0.0000,0.0000,0.0000,0.0000,0.0000,0.0000,0.0000,0.0000,0.0000,0.0000,0.0000,0.0000,0.0000,0.0000,0.0000,0.0000,0.0000,0.0000,0.0000,0.0000,0.0000,0.0000,0.0000,0.0000,0.0000,0.0000,0.0000,0.0000,0.0000,0.0000,0.0000,0.0000,0.0000,0.0000,0.0000,0.0000,0.0000,0.0000,0.0000,0.0000,0.0000,0.0000,0.0000,0.0000,0.0000,0.0000,0.0000,0.0000,0.0000,0.0000,0.0000,0.0000,0.0000,0.0000,0.0000,0.0000,0.0000,0.0000,0.0000,0.0000,0.0000,0.0000,0.0000,0.0000,0.0000,0.0000,0.0000,0.0000,0.0000,0.0000,0.0000,0.0000,0.0000,0.0000,0.0000,0.0000,0.0000,0.0000,0.0000,0.0000,0.0000,0.0000,0.0000,0.0000,0.0000,0.0000,0.0000,0.0000,0.0000,0.0000,0.0000,0.0000,0.0000,0.0000,0.0000
45134.1666667,0.0000,0.0000,0.0000,0.0000,0.0000,0.0000,0.0000,0.0000,0.0000,0.0000,0.0000,0.0000,0.0000,0.0000,0.0000,0.0000,0.0000,0.0000,0.0000,0.0000,0.0000,0.0000,0.0000,0.0000,0.0000,0.0000,0.0000,0.0000,0.0000,0.0000,0.0000,0.0000,0.0000,0.0000,0.0000,0.0000,0.0000,0.0000,0.0000,0.0000,0.0000,0.0000,0.0000,0.0000,0.0000,0.0000,0.0000,0.0000,0.0000,0.0000,0.0000,0.0000,0.0000,0.0000,0.0000,0.0000,0.0000,0.0000,0.0000,0.0000,0.0000,0.0000,0.0000,0.0000,0.0000,0.0000,0.0000,0.0000,0.0000,0.0000,0.0000,0.0000,0.0000,0.0000,0.0000,0.0000,0.0000,0.0000,0.0000,0.0000,0.0000,0.0000,0.0000,0.0000,0.0000,0.0000,0.0000,0.0000,0.0000,0.0000,0.0000,0.0000,0.0000,0.0000,0.0000,0.0000,0.0000,0.0000,0.0000,0.0000,0.0000,0.0000,0.0000,0.0000,0.0000,0.0000,0.0000,0.0000,0.0000,0.0000,0.0000,0.0000,0.0000,0.0000,0.0000,0.0000,0.0000,0.0000,0.0000,0.0000,0.0000,0.0000,0.0000,0.0000,0.0000,0.0000,0.0000,0.0000,0.0000,0.0000,0.0000,0.0000,0.0000,0.0000,0.0000,0.0000,0.0000,0.0000,0.0000,0.0000,0.0000,0.0000,0.0000,0.0000,0.0000,0.0000,0.0000,0.0000,0.0000,0.0000,0.0000,0.0000,0.0000,0.0000,0.0000,0.0000,0.0000,0.0000,0.0000,0.0000,0.0000,0.0000,0.0000,0.0000,0.0000,0.0000,0.0000,0.0000,0.0000,0.0000,0.0000,0.0000,0.0000,0.0000,0.0000,0.0000,0.0000,0.0000,0.0000,0.0000,0.0000,0.0000,0.0000,0.0000,0.0000,0.0000,0.0000,0.0000,0.0000,0.0000,0.0000,0.0000,0.0000,0.0000,0.0000,0.0000,0.0000,0.0000,0.0000,0.0000,0.0000,0.0000,0.0000,0.0000,0.0000,0.0000,0.0000,0.0000,0.0000,0.0000,0.0000,0.0000,0.0000,0.0000,0.0000,0.0000,0.0000,0.0000,0.0000,0.0000,0.0000,0.0000,0.0000,0.0000,0.0000,0.0000,0.0000,0.0000,0.0000,0.0000,0.0000,0.0000,0.0000,0.0000,0.0000,0.0000
45134.2083333,0.0000,0.0000,0.0000,0.0000,0.0000,0.0000,0.0000,0.0000,0.0000,0.0000,0.0000,0.0000,0.0000,0.0000,0.0000,0.0000,0.0000,0.0000,0.0000,0.0000,0.0000,0.0000,0.0000,0.0000,0.0000,0.0000,0.0000,0.0000,0.0000,0.0000,0.0000,0.0000,0.0000,0.0000,0.0000,0.0000,0.0000,0.0000,0.0000,0.0000,0.0000,0.0000,0.0000,0.0000,0.0000,0.0000,0.0000,0.0000,0.0000,0.0000,0.0000,0.0000,0.0000,0.0000,0.0000,0.0000,0.0000,0.0000,0.0000,0.0000,0.0000,0.0000,0.0000,0.0000,0.0000,0.0000,0.0000,0.0000,0.0000,0.0000,0.0000,0.0000,0.0000,0.0000,0.0000,0.0000,0.0000,0.0000,0.0000,0.0000,0.0000,0.0000,0.0000,0.0000,0.0000,0.0000,0.0000,0.0000,0.0000,0.0000,0.0000,0.0000,0.0000,0.0000,0.0000,0.0000,0.0000,0.0000,0.0000,0.0000,0.0000,0.0000,0.0000,0.0000,0.0000,0.0000,0.0000,0.0000,0.0000,0.0000,0.0000,0.0000,0.0000,0.0000,0.0000,0.0000,0.0000,0.0000,0.0000,0.0000,0.0000,0.0000,0.0000,0.0000,0.0000,0.0000,0.0000,0.0000,0.0000,0.0000,0.0000,0.0000,0.0000,0.0000,0.0000,0.0000,0.0000,0.0000,0.0000,0.0000,0.0000,0.0000,0.0000,0.0000,0.0000,0.0000,0.0000,0.0000,0.0000,0.0000,0.0000,0.0000,0.0000,0.0000,0.0000,0.0000,0.0000,0.0000,0.0000,0.0000,0.0000,0.0000,0.0000,0.0000,0.0000,0.0000,0.0000,0.0000,0.0000,0.0000,0.0000,0.0000,0.0000,0.0000,0.0000,0.0000,0.0000,0.0000,0.0000,0.0000,0.0000,0.0000,0.0000,0.0000,0.0000,0.0000,0.0000,0.0000,0.0000,0.0000,0.0000,0.0000,0.0000,0.0000,0.0000,0.0000,0.0000,0.0000,0.0000,0.0000,0.0000,0.0000,0.0000,0.0000,0.0000,0.0000,0.0000,0.0000,0.0000,0.0000,0.0000,0.0000,0.0000,0.0000,0.0000,0.0000,0.0000,0.0000,0.0000,0.0000,0.0000,0.0000,0.0000,0.0000,0.0000,0.0000,0.0000,0.0000,0.0000,0.0000,0.0000,0.0000,0.0000,0.0000,0.0000,0.0000
45134.2500000,0.1296,0.3015,0.3990,0.3850,0.6737,0.5157,0.4624,0.2236,0.4487,0.4681,0.4230,0.3775,0.2380,0.3573,0.3266,0.3327,0.4317,0.3970,0.2818,0.1935,0.4775,0.1960,0.1817,0.3068,0.3239,0.6807,0.3128,0.1119,0.3869,0.1216,0.2455,0.1648,0.2128,0.3289,0.3240,0.2750,0.4402,0.4515,0.1560,0.5963,0.5232,0.5490,0.3168,0.4248,0.9068,0.4319,0.3349,0.3773,0.1988,0.2877,0.4430,0.4086,0.4660,0.5079,0.1888,0.1950,0.2339,0.3661,0.6566,0.5010,0.5235,0.3952,0.1743,0.1575,0.2404,0.2110,0.3451,0.3334,-0.1350,0.0570,0.3158,0.3102,0.2578,0.0704,0.3445,0.4579,0.3728,0.4412,0.3081,0.4874,1.0320,0.9062,0.6541,0.5197,0.4128,0.4291,0.6662,0.4996,0.5805,0.5014,0.5475,0.6900,0.7701,0.5677,0.2850,0.3763,0.4526,0.6854,0.5373,0.4577,0.5043,0.5893,0.4222,0.4480,0.6581,0.8414,0.6926,0.6552,0.3152,0.6081,0.3538,0.1539,0.4578,0.3830,0.4531,0.3858,0.2912,0.5152,0.4199,0.4318,0.0851,0.4114,0.2307,0.3860,0.3235,0.4211,0.4425,0.6109,0.3710,0.1318,0.2445,0.2192,0.2478,0.2949,0.4311,0.2948,0.2953,0.4302,0.3066,0.2547,0.1632,0.3868,0.2715,0.3108,0.4292,0.1096,0.1807,0.5498,0.3522,0.2661,0.2490,0.0862,0.1593,0.1113,0.2557,0.5020,0.5759,0.5368,0.4934,0.2924,0.7462,0.5582,0.5637,0.7038,0.8376,0.5239,0.6292,0.3879,0.3482,0.3079,0.0769,0.1809,0.2035,0.4006,0.3914,0.5320,0.3672,0.4017,0.3350,0.7833,0.6437,0.4826,0.4292,0.5395,0.4274,0.5633,0.5150,0.5194,0.5237,0.5280,0.5323,0.5349,0.5392,0.5436,0.5480,0.5524,0.5568,0.5614,0.5659,0.5706,0.5753,0.5801,0.5850,0.5899,0.5949,0.6000,0.6052,0.6105,0.6159,0.6214,0.6269,0.6326,0.6384,0.6443,0.6502,0.6563,0.6625,0.6688,0.6753,0.6818,0.6884,0.6952,0.7021,0.7090,0.7161,0.7233,0.7305,0.7379,0.7453,0.7528,0.7604,0.7681,0.7758,0.7836,0.7857,0.7937
45134.2916667,1.0014,2.3292,3.0828,2.9748,5.2059,3.9861,3.5737,1.7280,3.4682,3.6322,3.2841,2.9301,1.8418,2.7728,2.5245,2.5721,3.3514,3.0785,2.1786,1.4959,3.6913,1.5153,1.4053,2.3726,2.5724,5.3261,2.4268,0.8658,3.0201,0.9560,1.8998,1.2952,2.0894,2.7857,2.5076,2.1281,3.4402,3.5416,1.3438,4.6527,4.0499,4.2650,2.4525,3.2889,7.0221,3.3441,2.5935,2.9215,1.5392,2.2276,3.5166,3.2376,3.7999,3.9681,1.4614,1.5097,1.8105,2.8695,5.1083,3.9109,4.1334,3.0657,1.3462,1.2158,1.8530,1.6266,2.6509,2.5497,-1.1241,0.3531,2.3474,2.3634,1.9796,0.4417,2.6489,3.4897,2.8236,3.3962,2.4387,3.7264,7.9844,6.9866,5.0384,4.7788,3.1534,3.2665,5.0986,3.8201,4.4520,3.8340,4.2034,5.3082,5.9313,4.3707,2.1850,2.8969,3.4895,5.3002,4.1495,3.5332,3.8942,4.5569,3.2680,3.6725,5.2010,8.2907,5.9040,6.6493,2.9044,5.8493,3.1919,1.1945,3.6093,2.9679,3.5891,3.1657,2.2714,4.0151,3.2566,3.3780,0.6536,3.3468,1.7972,2.9918,2.5094,3.4069,3.4540,4.7746,2.8778,1.0228,1.9120,1.7312,2.0357,3.3125,3.3917,2.4140,2.2933,3.8614,3.2091,1.9773,1.2673,3.0499,2.1085,2.4140,3.3359,0.8507,1.4034,4.2752,2.7750,2.0884,1.9522,0.6685,1.2377,0.8943,2.0147,3.9182,4.5124,4.1731,3.8352,2.2702,5.8006,4.3383,4.3808,5.4949,6.7271,4.1266,4.9777,3.0646,2.7535,2.6212,0.5836,1.6654,1.5670,3.1334,3.0224,4.5993,2.8586,3.1106,2.5896,6.0932,5.0015,3.7268,3.3425,4.2015,3.3049,4.3522,3.9735,4.0067,4.0395,4.0725,4.1059,4.1189,4.1529,4.1876,4.2229,4.2585,4.2947,4.3317,4.3694,4.4067,4.4459,4.4859,4.5269,4.5688,4.6117,4.6556,4.7007,4.7488,4.7965,4.8456,4.8961,4.9481,5.0017,5.0571,5.1143,5.2905,5.2205,5.2820,5.3456,5.4115,5.4800,5.5511,5.6252,5.5871,5.8090,5.8972,5.9900,6.0878,6.1913,6.3009,6.4173,6.5412,7.3788,7.4401,7.4572,7.5202
45134.3333333,1.9853,4.6181,6.3083,5.8986,10.3232,8.2068,7.0871,3.4268,7.5491,7.5099,6.7668,6.0808,3.8247,5.6644,5.0066,5.2407,14.6694,6.3394,5.6638,3.0312,7.3210,3.1364,2.7874,7.1742,6.0765,10.5603,5.0124,1.7176,6.4541,2.2137,4.6935,3.2585,11.2195,9.2312,4.9753,4.2223,7.1199,7.6298,3.2717,10.0182,8.0362,8.7932,4.8668,6.5268,14.9319,6.6367,5.1471,5.7980,3.0546,5.4122,8.7962,8.0476,15.8810,8.6932,3.0558,4.2573,4.6566,6.4562,11.0246,8.0612,10.5899,6.3804,2.6715,2.4127,7.1429,3.2283,12.8706,6.2718,-4.0397,0.6252,5.0836,5.0619,4.9516,0.7370,5.4672,7.6448,5.4529,6.8596,5.1167,8.5689,16.2803,15.0975,10.1807,11.5104,6.1359,6.3167,9.9170,7.4081,8.6590,7.4065,8.1681,10.3391,13.4212,11.3372,4.6249,5.8488,7.0406,10.9819,8.3291,9.2491,7.6457,10.3385,6.6843,15.8616,12.4509,25.0203,20.6468,20.8766,8.2319,17.2908,8.8020,2.6860,7.9780,6.0249,8.6561,13.9221,4.6044,7.9622,7.1641,7.1601,1.2893,13.5635,3.5842,6.5411,5.2710,7.3594,7.4444,9.6557,6.3772,2.0859,4.1282,4.1892,9.1410,11.7977,6.8027,5.3380,4.6344,9.4727,10.6662,4.1738,2.5106,6.2282,4.2531,4.9596,6.9469,1.6839,3.0860,8.4903,5.7734,4.8918,3.8776,1.3240,2.4760,1.8659,4.3817,8.0480,9.8686,8.3959,8.2922,4.6460,25.0569,9.2168,10.7148,10.9535,16.4005,9.3316,10.1436,7.9857,5.8891,9.2635,1.1686,5.0056,3.1974,7.6363,6.4534,17.0289,5.7702,6.7627,5.2875,13.0258,10.8874,7.6448,6.5782,8.3965,6.5317,8.9521,8.1770,8.2629,8.3494,8.4377,8.5287,8.5953,8.6737,8.7691,8.8675,8.9684,9.0725,9.1802,9.2918,9.4073,9.5271,9.6515,9.7805,9.9146,10.0540,10.1989,10.3498,9.7321,10.7271,10.9027,11.0861,11.2776,11.4776,11.6867,11.9054,12.1341,12.3734,12.6238,12.8861,13.1607,13.4485,13.7500,14.0660,14.3974,14.7449,20.3920,20.5148,20.6390,20.7646,20.8915,21.0194,21.1482,21.2779,21.4082,21.4514,21.5849
45134.3750000,2.4369,5.6689,8.2065,7.2413,22.8830,12.6282,8.7013,9.3519,15.0026,11.5467,10.3039,9.4088,5.8709,8.6102,6.7947,7.3159,30.3914,9.4711,21.0164,4.6384,18.7505,4.7708,3.4229,11.8099,7.9868,21.5978,7.9990,2.1096,12.2249,7.1978,6.9760,13.0270,26.0273,27.6568,31.1003,25.5282,13.0528,11.2657,4.9478,19.2886,10.3548,13.1477,5.9794,9.0575,20.3867,13.8195,8.1464,7.1240,4.7747,6.7926,35.3336,31.0874,32.8096,17.3076,4.8771,19.5725,5.3552,14.3084,19.7837,12.2503,36.8433,9.8866,3.2828,2.9648,13.3774,3.9681,27.5985,26.3303,-19.3225,0.7296,10.2554,6.4425,17.8653,0.8151,11.6561,15.9954,7.9653,17.3791,7.0389,12.3029,33.5388,28.8234,15.2300,40.7782,7.4776,9.1097,12.6809,9.0000,10.5290,35.5083,20.1131,19.5809,36.1858,41.8491,9.0772,8.4003,10.3278,16.9516,12.1798,34.2733,9.8128,41.0966,9.8634,32.5447,42.5780,47.9883,39.7525,41.1671,15.4778,32.8884,16.2320,7.9683,10.1668,8.5890,32.4922,29.0335,6.5994,11.9672,14.6381,13.1420,1.5511,27.7184,4.5651,12.5338,7.7296,9.7087,13.8700,19.4613,12.7730,3.1280,8.1484,15.7953,19.8344,25.7425,13.3527,7.3760,6.5016,29.6195,22.5487,5.2844,3.5001,9.8193,9.7584,7.2796,11.7939,2.3014,6.2760,16.1856,13.4028,6.2236,8.0586,1.6671,3.0600,3.9775,5.5973,11.9726,19.1744,11.2494,15.7077,6.7155,50.6722,15.0752,23.3676,14.6347,22.8233,24.9323,16.4400,29.1379,22.4028,18.9489,1.6839,10.5833,4.4544,24.0250,11.7340,34.4731,9.3224,13.1825,7.8906,23.6592,21.2278,11.3588,8.6410,11.7951,9.2128,13.3142,12.1806,12.3692,12.5615,12.8041,13.0122,13.1939,13.4135,13.6405,13.8754,14.1175,14.3679,14.6272,14.8958,15.1742,15.4628,15.7620,16.0723,16.3941,16.7280,17.0745,17.4341,17.8074,18.1951,18.5976,19.0157,19.4500,19.9011,20.3699,20.8570,21.3632,21.8893,37.7100,37.8358,37.9643,38.0955,38.2293,38.3659,38.5050,38.6469,38.7912,38.9382,39.0875,39.2392,39.3932,39.5493,39.7074,39.8674,40.0290,40.0857,40.2532
45134.4166667,2.1747,5.0592,10.1722,12.5942,96.8206,18.2383,17.5627,7.6916,58.7159,16.4627,15.1577,13.8777,8.5513,12.6082,6.2683,11.1178,50.3103,13.1992,35.8554,4.0840,15.5255,9.4769,4.4114,12.1565,11.9433,73.8429,12.4579,9.7442,48.4557,10.7316,41.8787,19.4067,46.1884,47.1241,53.4818,44.1904,58.9823,19.3293,5.9874,66.7483,22.3085,17.4011,5.3439,8.4740,95.1243,46.8352,11.6116,11.2875,6.7402,15.1532,59.1087,51.9756,54.1094,62.4458,6.5607,31.8028,7.2122,60.5526,74.8980,17.1516,60.4645,14.2904,4.7160,2.6505,13.7078,3.5490,46.7877,44.7090,-30.1195,0.7014,36.6731,6.0295,27.5068,0.8928,9.5892,58.7850,11.1969,72.0825,7.4191,21.1174,112.7714,95.8100,21.0916,67.9506,6.6786,8.4476,13.0543,8.0303,26.9627,58.6141,74.0011,83.7628,85.0989,68.8380,38.6683,11.5799,14.4241,24.5817,16.5260,56.7145,15.6008,66.7662,13.6207,53.6283,68.2111,74.8264,62.3597,65.5195,24.5728,51.0269,25.0314,13.3813,11.0308,11.1067,52.8026,47.6628,7.2475,16.1125,55.3842,51.5949,1.7950,44.8499,6.5038,41.3443,6.5169,48.8163,43.6014,61.9824,44.0400,4.6782,31.9844,27.0325,33.9359,43.9125,62.0027,8.5618,8.3231,48.7319,38.0338,32.8712,4.4786,44.6770,35.9535,9.7223,50.6598,2.6149,24.2873,71.6699,53.1715,8.7667,35.4725,1.7687,3.8045,12.9580,7.0095,16.4512,63.8804,12.7029,61.5571,9.1045,81.6157,69.9571,68.7628,15.0773,53.4761,33.5444,28.6314,48.6919,37.1307,31.5621,3.5625,18.5715,5.8045,39.2518,36.5188,56.0105,9.9658,45.3913,10.8646,81.0302,69.4355,15.4186,56.1380,14.9809,11.8133,18.1560,16.6524,17.0023,17.3608,17.7298,18.1101,18.4723,18.8743,19.2889,19.7166,20.1569,20.6111,21.0798,21.5636,22.0630,22.5785,23.1107,23.6602,24.2276,24.8135,25.4186,26.0435,58.6125,58.7010,58.7913,58.8833,58.9771,59.0728,59.1704,59.2698,59.3713,59.4748,59.5802,59.6877,59.7972,59.9088,60.0224,60.1381,60.2557,60.3754,60.4970,60.6205,60.7459,60.8731,61.0020,61.1325,61.2646,61.3981,61.5329,61.5739,61.7138
45134.4583333,2.2620,7.0079,21.4623,94.9004,121.1772,25.4371,24.5467,11.0771,74.3610,80.1106,79.0639,19.3530,42.9316,62.8391,64.9805,15.4173,63.9189,18.0575,13.3545,5.3919,80.1204,19.9630,7.2199,8.7100,16.9901,92.4438,68.5007,12.8259,61.7582,6.7844,28.0526,7.9265,18.5663,22.7739,68.2594,56.8230,74.7229,73.2729,9.1413,83.8759,86.0570,23.5203,5.5599,10.3131,118.2354,59.5739,16.0822,26.3750,9.8243,8.5675,20.4393,66.0789,68.5429,22.7352,7.7884,21.3817,11.3172,76.9468,93.8473,78.5421,76.2834,19.8153,5.1962,6.7976,8.7332,13.8296,59.8315,57.2807,-5.8444,1.2796,13.9735,8.1991,11.8780,4.3473,20.7014,74.4797,58.1119,91.1324,15.6996,21.8206,139.9267,119.1776,98.3936,24.0718,6.9474,14.4836,96.8631,24.7322,97.0820,74.0832,93.1291,104.8267,106.2138,86.5818,13.0125,15.6498,19.8287,33.8782,22.3343,20.5730,69.3877,83.8166,62.2229,67.8906,85.3604,92.9621,77.8804,81.9300,31.9020,63.8160,32.1258,4.1794,69.0425,15.3569,66.2858,60.0660,10.6155,73.7523,69.4812,64.6492,2.3489,56.1558,38.5830,51.7629,27.7511,60.8935,54.2453,76.6165,55.0610,10.4000,40.4554,15.1208,6.1479,11.3619,10.0058,50.8014,48.6935,33.6389,13.3777,42.0277,35.9441,56.4314,45.9880,45.0610,63.9003,4.6981,31.8982,89.8396,14.6857,12.5604,10.1752,3.1929,5.0528,6.0431,10.6227,83.8338,80.1832,86.3503,20.7229,41.9032,101.7628,87.8668,25.7913,44.1643,83.0080,96.4513,92.3452,61.9023,47.5958,40.7817,3.4787,25.0114,8.0156,50.0906,46.7162,70.5796,24.9054,57.7773,14.8986,100.9704,25.9735,20.8940,18.9217,19.8039,20.4457,80.2239,71.9946,72.0690,72.1422,72.2155,72.2897,72.3337,72.4072,72.4817,72.5571,72.6327,72.7091,72.7867,72.8654,72.9453,73.0266,73.1091,73.1930,73.2783,73.3651,73.4533,73.5432,73.6346,73.7277,73.8225,73.9190,74.0172,74.1173,74.2192,74.3230,74.4286,74.5362,74.6457,74.7571,74.8704,74.9857,75.1028,75.2219,75.3427,75.4654,75.5898,75.7159,75.8436,75.9728,76.1034,76.2353,76.3684,76.5025,76.6375,76.6745,76.8138
45134.5000000,2.0801,10.2774,93.1536,112.4730,142.2179,112.0905,105.8052,14.0618,87.8948,94.6044,93.5735,81.1392,51.7000,74.6907,77.3638,68.4309,75.6259,71.8516,55.5830,42.8998,94.5725,13.7413,8.9803,16.0054,73.3938,108.2097,81.5894,5.1789,73.2758,8.5673,64.7978,21.1348,34.9052,71.8166,81.2523,67.9548,88.3610,86.5943,11.9335,98.4657,101.3810,97.6250,6.8042,11.4470,137.6651,70.4852,65.9577,83.8992,43.8790,8.4230,88.5216,78.2842,80.9341,92.8837,9.7053,15.1143,13.2273,91.3324,109.9809,92.5993,89.8262,80.9311,10.9177,8.7485,10.7328,14.8928,71.2036,68.2482,-38.1335,5.8769,56.6494,16.6582,15.2035,6.9514,17.7871,88.1005,69.1429,107.8475,19.8802,27.1036,162.8850,138.9327,115.4947,101.0886,11.9311,19.5159,113.6317,28.7233,114.2648,87.4478,109.7386,122.9287,124.2131,101.9100,59.7511,19.1583,86.4520,141.0159,98.6220,84.8567,81.8653,98.5276,73.7182,80.2952,99.9984,108.1570,90.9978,95.9342,38.3371,74.6945,38.3635,22.6945,81.4445,68.4672,78.1737,71.1080,12.8216,86.6602,82.0160,76.2223,2.9517,66.1806,46.1703,60.9983,87.3923,71.4664,63.3883,88.9876,64.5266,29.7292,47.7080,40.5685,11.2476,14.6333,90.4693,59.4750,56.9302,70.9387,56.2629,49.1785,42.4242,65.6267,53.8276,52.5649,74.3576,5.7460,37.7269,104.6204,17.7768,15.4760,12.2628,3.8946,26.8956,7.7266,12.9192,98.2716,93.6475,101.1454,91.0286,49.7905,118.5201,102.9876,101.2042,114.4602,145.6675,113.3644,108.0352,73.1651,56.4658,48.6194,15.2340,30.5955,42.0192,59.2683,55.3304,82.9039,15.8595,68.3699,60.8388,117.6958,101.7939,85.5382,84.0321,104.7782,93.2169,94.1838,84.6764,84.7463,84.8151,84.8841,84.9539,84.9960,85.0653,85.1355,85.2067,85.2781,85.3503,85.4236,85.4981,85.5737,85.6506,85.7287,85.8081,85.8888,85.9710,86.0545,86.1396,86.2261,86.3141,86.4037,86.4950,86.5878,86.6823,86.7785,86.8764,86.9760,87.0773,87.1804,87.2852,87.3917,87.5000,87.6099,87.7215,87.8348,87.9496,88.0660,88.1839,88.3031,88.4236,88.5453,88.6681,88.7919,88.9165,89.0418,89.0768,89.2058
45134.5416667,11.3158,111.5561,98.4950,118.8307,149.8520,118.3069,111.7448,70.3431,92.9168,99.9568,98.9143,85.8766,55.0382,79.1120,81.9525,72.5499,80.0265,76.0885,59.0821,45.8222,99.9146,14.9262,55.1088,16.6701,77.7787,114.0707,30.8989,2.9401,77.5957,5.0299,15.3854,4.5067,15.8050,76.1148,38.5204,72.1026,93.4150,91.5459,13.3053,103.8990,107.0339,103.0586,11.3153,24.3222,144.8451,74.6179,69.9457,88.7800,46.8470,37.3288,93.5812,82.8439,85.5780,98.1093,10.6503,14.8869,14.5101,20.8078,115.9565,97.8171,94.8792,85.6417,15.5735,10.5511,12.4776,78.3630,75.4575,72.3609,-39.1036,7.0174,60.1894,82.3315,79.3486,8.1420,19.5110,93.1465,73.2843,25.8583,21.7384,27.6432,171.2885,146.2099,121.7850,106.7528,18.2487,91.1258,119.8145,104.6022,120.5565,92.4228,115.8252,129.5704,130.8495,107.5724,63.4815,83.1264,91.4152,148.5962,104.1393,89.7319,86.5447,103.9918,78.0400,84.9335,105.4670,113.8812,95.9672,101.1903,40.9167,78.8832,40.8954,24.5801,86.0971,72.5109,82.6528,75.2779,13.9290,91.5081,20.2678,80.5906,13.2583,70.0193,49.1200,64.5582,20.7319,75.4749,66.9049,93.6386,68.0914,31.6592,11.8068,42.9093,12.1525,8.9087,95.0952,62.5388,14.2590,74.3037,58.9140,51.4349,44.3512,68.4775,56.1170,54.6825,77.4694,27.7542,39.0471,109.0975,19.0908,16.8388,56.0341,15.4944,27.5800,8.2992,13.7864,102.4758,97.5570,105.5085,94.9838,51.8122,123.7478,107.6438,105.8104,119.6485,152.3768,118.7162,113.0334,76.6146,59.1839,51.0546,16.1842,32.3739,44.4461,62.4627,58.3803,87.2806,68.5350,72.1482,64.3030,123.7080,107.1188,90.1757,88.6495,110.3792,98.3255,99.2198,89.2679,89.3424,89.4154,89.4882,89.5614,89.6067,89.6787,89.7513,89.8246,89.8978,89.9716,90.0463,90.1220,90.1986,90.2764,90.3552,90.4353,90.5166,90.5993,90.6833,90.7688,90.8557,90.9441,91.0341,91.1258,91.2191,91.3140,91.4107,91.5091,91.6093,91.7113,91.8151,91.9206,92.0280,92.1371,92.2480,92.3606,92.4749,92.5909,92.7084,92.8274,92.9479,93.0697,93.1928,93.3169,93.4421,93.5682,93.6949,93.7320,93.8624
45134.5833333,9.5719,108.4158,95.7323,19.6024,145.9076,115.0932,108.6737,14.8540,90.3191,97.1887,96.1520,83.4254,53.3084,76.8238,79.5779,70.4176,77.7494,73.8957,57.2694,44.3067,97.1519,13.9728,10.2165,76.0075,15.6158,111.0411,9.3511,2.2713,38.6896,9.1812,14.6962,11.1458,15.0583,30.6805,34.5269,69.9552,90.8007,88.9845,12.6480,101.0898,104.1110,100.2489,45.0818,101.8459,141.1360,72.4789,67.8810,86.2549,45.3080,81.5005,90.9641,80.4846,83.1755,95.4068,9.3806,14.9735,13.1924,10.3995,112.8677,95.1186,92.2659,83.2044,14.3877,10.7855,11.3154,28.9614,17.1997,70.2319,-38.6124,6.4205,58.3555,15.6474,13.3797,7.5190,84.3569,90.5359,71.1399,24.0986,20.7339,147.5363,166.9477,142.4496,118.5328,103.8230,111.7642,88.5528,116.6175,101.7178,117.3027,89.8478,112.6768,126.1359,127.4179,104.6420,13.3401,80.7325,88.8440,144.6756,101.2821,87.2053,84.1188,101.1607,75.7989,82.5287,102.6340,110.9162,93.3900,98.4643,39.5674,76.6997,39.5597,23.5713,83.6608,70.3856,80.3003,73.0821,59.0999,88.9555,19.4524,18.8626,12.4957,67.9578,47.5071,62.6171,89.6877,73.2587,64.9020,91.0225,66.0083,14.4402,48.7333,9.8210,6.4353,13.4092,92.2843,60.4676,57.7532,71.9251,56.8424,49.4925,42.5129,16.3102,12.7140,52.5159,74.7426,3.7172,6.1113,105.5000,18.0732,15.9096,12.3282,13.7863,25.4941,16.8537,57.4217,98.5230,93.7121,101.4369,91.1959,48.9671,119.2805,45.0145,101.7381,115.2678,147.2306,114.2942,108.7769,17.7400,56.1600,48.2371,14.1286,30.1180,41.9828,59.6853,55.7789,84.0553,65.7454,69.3201,61.6802,119.8040,103.5970,87.0332,85.5472,106.7990,95.0151,95.9616,86.2590,86.3543,86.4476,86.5400,86.6322,86.6960,86.7857,86.8753,86.9649,87.0537,87.1424,87.2313,87.3204,87.4097,87.4995,87.5897,87.6804,87.7716,87.8636,87.9563,88.0498,88.1442,88.2395,88.3359,88.4334,88.5321,88.6320,88.7332,88.8357,88.9397,89.0450,89.1519,89.2602,89.3701,89.4815,89.5945,89.7090,89.8250,89.9426,90.0616,90.1820,90.3037,90.4268,90.5510,90.6763,90.8026,90.9297,91.0576,91.0957,91.2273
45134.6250000,7.6396,21.1726,20.4404,16.4335,130.9783,27.4671,97.0954,12.3077,22.6103,24.9202,24.2206,21.1144,13.2878,19.3988,16.2480,17.9342,69.2083,65.6788,50.5125,10.7741,86.7518,19.8162,8.4543,67.4215,13.2021,99.6097,13.2184,1.8159,10.5023,4.5009,12.0273,5.0222,8.0496,22.0131,24.5875,23.5220,22.0871,22.2829,10.3247,27.0315,93.0959,24.2568,46.4681,90.8841,127.0942,64.4662,60.1574,76.7685,39.6018,27.9461,81.1226,71.6305,74.1531,85.2352,7.8009,10.4019,7.2488,13.9041,101.2111,84.9628,82.4344,21.4185,11.6973,8.7087,7.8045,11.4459,14.5805,62.2624,-36.5371,1.4601,13.9299,13.1177,11.1194,1.7208,19.3684,18.4829,63.1115,20.2909,17.1585,132.0844,150.4864,128.2148,30.1772,26.4576,99.7546,22.0199,104.5494,90.8540,105.0220,80.1673,100.8010,113.1592,114.4482,93.5999,11.2181,16.8508,21.0072,36.0028,25.2283,77.7146,22.6162,90.5001,67.4016,26.9292,91.9623,99.7308,83.6963,88.2044,34.5923,68.5245,34.6457,19.9232,21.4127,17.3517,71.5056,14.3924,14.1461,79.4030,16.5614,16.1414,2.5755,60.3195,9.0738,15.9313,79.7343,65.1058,57.6134,81.4161,58.4872,6.2989,6.6186,17.3657,5.3289,11.3076,82.2327,53.3523,50.9026,63.8799,13.7570,10.3751,16.1608,13.9464,10.7037,46.1413,66.3432,3.0676,5.1563,94.1988,15.2176,13.2076,10.3012,10.7316,21.3317,16.6828,13.8641,23.7117,83.3211,90.1975,80.9086,12.7013,106.5495,32.6940,90.4179,102.8086,131.8063,101.6122,96.7870,14.9721,48.8110,12.8051,10.3470,7.6187,35.6782,51.8926,48.3308,74.0348,57.2668,18.3011,15.4073,106.6528,91.8278,76.6476,19.6752,27.0596,21.6295,84.8542,76.0411,76.1459,76.2498,76.3540,76.4591,76.5368,76.6414,76.7468,76.8530,76.9591,77.0658,77.1732,77.2813,77.3902,77.4997,77.6100,77.7210,77.8327,77.9451,78.0582,78.1720,78.2865,78.4018,78.5179,78.6348,78.7524,78.8709,78.9902,79.1104,79.2314,79.3533,79.4762,79.6000,79.7247,79.8503,79.9769,80.1044,80.2329,80.3622,80.4923,80.6233,80.7551,80.8875,81.0206,81.1542,81.2883,81.4227,81.5574,81.6012,81.7387
45134.6666667,2.3802,8.0589,15.4333,12.6049,19.0595,20.6200,19.8862,6.9208,62.1901,18.8539,14.5570,15.8534,9.5694,14.6171,12.2622,13.5143,16.0408,14.9975,10.8447,4.8515,11.5173,5.0881,6.3051,10.7498,6.0428,78.1246,7.2191,2.0622,10.4534,3.8567,15.1493,6.8430,8.0491,11.8574,21.9060,13.5347,62.4590,61.2968,15.5368,21.3241,16.0880,19.1041,15.0389,18.8247,100.4493,49.8285,13.2551,58.8752,7.6419,13.6398,16.1111,55.1487,57.4192,18.6974,14.5497,7.6394,8.6042,12.0759,79.1982,19.3902,19.4311,16.1987,16.0611,13.3014,47.9512,13.4323,49.6956,47.5232,-7.6358,0.9004,8.6217,53.9294,5.4644,1.1181,14.2759,62.2271,13.6420,14.7775,33.6498,101.6031,118.8380,101.0912,23.4700,19.7483,76.4936,16.6199,81.6173,70.1940,81.4818,18.2236,17.7144,88.3296,89.7778,72.6802,8.6482,12.7458,16.1026,27.3698,19.5809,16.8068,17.5541,70.4319,15.2061,56.6950,72.0149,79.0193,65.8981,69.1326,26.1806,53.8150,26.4305,4.3697,11.4247,13.0406,15.6263,18.2210,7.6799,18.2105,12.8558,10.0762,1.8794,46.4080,6.9960,42.5531,24.5482,50.1215,44.5149,63.6795,44.7736,4.7308,5.1320,26.7508,9.9223,12.2717,63.2555,40.4118,38.5415,49.2289,37.9780,32.5513,5.5399,19.7510,8.2811,34.9752,15.0179,1.7691,9.9942,73.0609,8.0371,9.1600,7.8565,3.0894,4.6481,8.7808,37.6630,67.6516,64.8313,11.6319,17.1817,31.9819,83.5465,71.3504,70.1511,80.4230,103.3446,17.2853,75.3678,15.3524,37.0278,31.1808,1.6852,17.7556,7.5350,39.4958,36.6555,57.0953,43.3097,45.9867,11.6648,83.3868,71.2326,58.6898,57.2946,72.6966,17.0358,65.3806,58.3492,58.4408,58.5320,58.6241,58.7179,58.7819,58.8766,58.9731,59.0715,59.1708,59.2718,59.3747,59.4795,59.5864,59.6953,59.8063,59.9193,60.0345,60.1517,60.2711,60.3927,60.5164,60.6423,60.7704,60.9006,61.0330,61.1676,61.3043,61.4431,61.5840,61.7269,61.8719,62.0188,62.1676,62.3184,62.4709,62.6251,62.7809,62.9383,63.0972,63.2573,63.4186,63.5810,63.7443,63.9084,64.0730,64.2381,64.4034,64.4664,64.6347
45134.7083333,2.6144,6.2712,8.7990,7.7669,14.3662,11.9306,10.9123,5.1010,13.5818,10.8691,9.3939,8.8520,5.4883,8.3162,9.7431,7.7275,9.8281,9.0675,6.4434,3.9169,10.1267,4.2133,4.0121,6.3631,6.5411,17.9795,7.3555,2.2608,8.2522,2.9684,5.4491,3.3298,5.2427,7.3900,9.2039,6.1364,12.1393,20.0400,6.1580,13.4828,11.3693,12.2229,10.3380,10.1209,35.8976,11.3060,7.7374,18.3138,4.2017,6.9528,9.9888,10.9737,19.4377,10.6303,4.1563,5.6004,6.3461,8.5653,15.7491,11.5348,11.9307,9.2094,4.8756,3.1750,6.3808,4.2475,15.7561,10.0470,-3.7769,0.7765,6.1327,7.8623,5.2627,0.9102,7.6996,10.6187,7.9997,9.9825,7.7050,29.0619,26.0749,22.8264,13.1681,11.4537,12.5601,9.4308,27.4214,22.3200,15.5536,10.8540,11.5814,29.2731,19.5203,13.1767,5.7434,7.9128,9.6853,15.4765,11.6895,9.9006,10.7602,23.7286,9.1973,12.5301,13.3086,29.7314,24.4901,24.6511,9.7815,20.4900,10.3946,2.9010,9.4260,10.0355,9.7840,10.4435,5.6152,10.3677,8.7521,8.8623,1.3816,15.8073,4.6831,9.5793,10.8502,16.7867,10.7310,22.7291,9.5666,2.6276,4.6489,8.4875,6.1594,6.9237,19.8493,12.6890,12.2784,16.7200,12.3210,6.1577,3.8321,7.9390,5.5556,11.7033,9.2698,1.9270,3.3086,12.6425,7.9640,5.5012,5.1268,1.6196,3.0269,2.4850,11.4717,10.7520,11.9737,10.5339,10.2814,10.7572,29.2496,13.3956,16.1102,27.9029,35.0594,11.0509,25.6161,10.9215,12.7289,10.7862,1.3985,5.8682,4.2879,10.2390,13.2315,19.9683,14.3572,15.4711,7.0866,29.6806,24.8027,19.5211,18.3887,23.5061,9.5432,22.2353,19.9152,19.9960,20.0756,20.1555,20.2367,20.2849,20.3657,20.4479,20.5315,20.6155,20.7007,20.7874,20.8757,20.9657,21.0575,21.1510,21.2463,21.3436,21.4428,21.5440,21.6474,21.7529,21.8606,21.9705,22.0827,22.1973,22.3143,22.4337,22.5556,22.6800,22.8069,22.9364,23.0683,23.2029,23.3399,23.4795,23.6215,23.7659,23.9127,24.0619,24.2132,24.3666,24.5221,24.6794,24.8384,24.9990,25.1610,25.3242,25.3783,25.5466
45134.7500000,2.1877,5.8904,6.8470,6.5001,11.4060,9.6254,8.7860,4.8318,8.3513,8.8021,7.8482,7.1209,4.0197,6.7121,6.1713,6.2446,7.9658,7.2832,5.0259,3.4281,9.0176,3.7065,3.0720,5.2499,5.4765,13.5780,5.2912,1.8931,6.7938,2.8936,5.8689,2.7883,5.2328,7.4769,9.6824,5.8000,7.7799,22.5713,3.2207,10.9757,8.8584,9.9299,6.1416,8.0367,39.8841,8.5311,6.2600,8.5723,3.6686,5.6059,8.0849,8.2466,21.5233,9.2008,3.1978,6.0534,5.1337,8.2551,12.4169,9.3625,8.8560,7.4474,3.9916,2.6599,4.9127,3.5594,17.7270,12.3273,-3.0639,0.6705,5.0849,5.1136,4.2057,0.7204,5.5170,7.3508,5.8824,9.7261,5.7414,7.9851,19.9049,17.4411,11.4988,9.3069,6.6871,7.5158,13.5838,10.4432,16.8813,8.8144,11.4371,15.7756,14.1244,9.1402,4.5738,7.7403,7.8400,12.4607,9.5705,7.9989,8.1051,26.6026,6.9269,10.1509,11.2684,32.1404,26.3887,27.0269,9.7762,21.6620,10.2396,2.3496,7.7899,6.6848,7.9769,10.7963,4.7302,8.9589,7.1217,7.7625,1.1161,7.0205,3.8163,7.2778,12.1716,7.7616,7.9020,24.8135,7.2050,2.3126,4.3480,3.4604,4.5711,6.8236,22.7580,14.0998,13.5120,18.3157,13.4496,4.6723,3.7747,7.4086,4.5032,12.5344,7.1025,1.6173,2.7723,9.0246,5.8042,4.7339,4.1547,1.1573,2.4609,1.8900,6.6664,8.9491,9.4534,9.4427,8.1170,5.6044,19.3254,10.5433,15.3334,14.3463,17.5607,9.4854,28.6980,8.9962,6.9713,11.2670,0.9948,3.1639,3.4559,9.3770,7.3042,21.7901,15.6724,16.8719,5.7461,15.6739,27.4064,9.5733,11.1066,11.3858,7.7028,11.5830,10.5733,10.7777,10.9895,11.2103,11.4413,11.6546,11.9057,12.1691,12.4453,12.7344,13.0377,13.3563,13.6912,14.0433,22.8463,22.9219,22.9989,23.0773,23.1574,23.2390,23.3222,23.4072,23.4938,23.5823,23.6725,23.7647,23.8587,23.9547,24.0526,24.1525,24.2545,24.3585,24.4646,24.5727,24.6828,24.7951,24.9093,25.0256,25.1438,25.2640,25.3861,25.5099,25.6355,25.7626,25.8914,26.0215,26.1530,26.2856,26.3277,26.4649
45134.7916667,1.4202,3.5593,4.4689,4.2194,7.3846,5.7732,5.1022,2.4511,5.1425,5.1633,4.6563,4.1579,2.6090,3.9180,3.5811,3.6692,4.8060,4.3670,3.1204,2.1700,5.5305,2.1496,1.9936,3.3659,3.5538,7.5222,3.4332,1.2283,4.3318,1.3345,3.1800,1.8091,2.3362,3.6112,3.5580,3.0195,4.8335,4.9580,1.8324,6.5806,5.7467,6.0463,3.4983,4.6860,10.4335,4.7743,3.7006,4.2169,2.2035,3.1819,4.8848,4.5825,5.6402,5.6745,2.0740,2.1426,2.5694,4.0214,7.4099,5.4999,5.7439,4.3334,1.9102,1.7252,2.7496,2.3081,6.7543,5.3639,-1.6496,0.4398,3.2586,3.3243,2.6860,0.5071,3.5771,4.7661,3.8140,4.6332,3.2259,5.1768,10.9916,9.5940,6.8954,5.4630,4.3342,4.4763,7.0403,5.2105,6.1995,5.2243,6.4986,7.2660,8.2411,5.9238,2.8862,3.8668,4.6963,7.2992,5.6284,4.7446,5.2305,10.5131,4.4286,5.0332,7.3416,13.6435,7.3124,6.9487,3.1598,6.3709,4.6254,1.4625,4.9351,4.0168,4.7865,5.2553,3.0725,5.4732,4.4917,4.7666,0.7248,4.3126,2.3544,4.0263,3.4224,4.7552,4.6481,6.4503,3.8843,1.3663,2.6342,2.2739,2.8636,3.0673,4.5599,3.0498,5.2054,7.3364,5.2544,2.5973,1.6469,4.1178,2.8286,5.0231,4.5167,1.0474,1.7954,5.8444,3.6996,2.8441,2.5542,0.7451,1.5176,1.1919,3.1008,5.4845,6.0963,5.8993,5.2848,3.0086,8.2325,5.9698,7.6577,7.6074,9.1118,5.8639,6.8827,4.3110,4.1815,3.6296,0.6465,1.7644,2.0535,4.4246,4.0063,8.8920,3.9068,4.2807,3.4420,8.4062,11.1027,5.0908,4.5826,5.7776,4.5144,6.1362,5.4476,5.4998,5.5523,5.6062,5.6619,5.7011,5.7595,5.8203,5.8838,6.2485,5.9929,6.0610,6.1323,6.2070,6.2856,6.3682,6.4553,6.5473,6.6447,6.7341,6.8413,6.9551,7.0761,7.2050,7.3425,7.4895,7.6468,7.8154,7.9963,10.2260,10.2900,10.3553,10.4217,10.4893,10.5582,10.6282,10.6994,10.7718,10.8453,10.9199,10.9956,11.0723,11.1499,11.2284,11.3078,11.3879,11.4686,11.5500,11.5729,11.6569
45134.8333333,0.2062,0.4796,0.6347,0.6124,1.0717,0.8205,0.7356,0.3557,0.7139,0.7447,0.6732,0.6006,0.3786,0.5685,0.5196,0.5294,0.6869,0.6316,0.4484,0.3079,0.7597,0.3118,0.2892,0.4882,0.5154,1.0834,0.4978,0.1781,0.6159,0.1935,0.3908,0.2623,0.3387,0.5236,0.5158,0.4377,0.7007,0.7187,0.2484,0.9492,0.8329,0.8741,0.5043,0.6763,1.4439,0.6876,0.5333,0.6007,0.3165,0.4580,0.7054,0.6506,0.7418,0.8085,0.3005,0.3104,0.3722,0.5826,1.0446,0.7968,0.8321,0.6278,0.2767,0.2499,0.3809,0.3342,0.5445,0.5234,-0.2365,0.0644,0.4718,0.4701,0.3889,0.0734,0.5178,0.6899,0.5521,0.6707,0.4670,0.7492,1.5903,1.3881,0.9943,0.7855,0.6269,0.6426,1.0117,0.7537,0.8819,0.7498,0.8298,1.0510,1.1730,0.8567,0.4143,0.5592,0.6764,1.0498,0.8089,0.6827,0.7498,0.8866,0.6395,0.6814,1.0093,1.2929,1.0572,1.0045,0.4568,0.9210,0.5116,0.2111,0.6970,0.5779,0.6883,0.5831,0.4351,0.7861,0.6395,0.6551,0.1049,0.6190,0.3395,0.5781,0.4942,0.6363,0.6634,0.9315,0.5571,0.1854,0.3596,0.3179,0.3661,0.4430,0.6585,0.4404,0.4398,0.6487,0.4559,0.3751,0.2378,0.5802,0.4020,0.4589,0.6483,0.1512,0.2592,0.8438,0.5341,0.4024,0.3687,0.1076,0.2187,0.1598,0.3797,0.7676,0.8782,0.8215,0.7532,0.4301,1.1503,0.8569,0.8720,1.0851,1.3013,0.8077,0.9677,0.5862,0.5169,0.4506,0.0936,0.2533,0.2950,0.5943,0.5757,0.8034,0.5458,0.5985,0.4945,1.1992,0.9789,0.7272,0.6461,0.8216,0.6470,0.8520,0.7738,0.7799,0.7860,0.7921,0.7982,0.8018,0.8079,0.8141,0.8204,0.8267,0.8331,0.8396,0.8462,0.8529,0.8597,0.8667,0.8738,0.8810,0.8883,0.8958,0.9034,0.9111,0.9190,0.9271,0.9353,0.9437,0.9522,0.9609,0.9698,0.9788,0.9880,0.9974,1.0069,1.0166,1.0265,1.0366,1.0468,1.0571,1.0677,1.0784,1.0892,1.1002,1.1113,1.1225,1.1338,1.1453,1.1568,1.1684,1.1715,1.1835
45134.8750000,0.0000,0.0000,0.0000,0.0000,0.0000,0.0000,0.0000,0.0000,0.0000,0.0000,0.0000,0.0000,0.0000,0.0000,0.0000,0.0000,0.0000,0.0000,0.0000,0.0000,0.0000,0.0000,0.0000,0.0000,0.0000,0.0000,0.0000,0.0000,0.0000,0.0000,0.0000,0.0000,0.0000,0.0000,0.0000,0.0000,0.0000,0.0000,0.0000,0.0000,0.0000,0.0000,0.0000,0.0000,0.0000,0.0000,0.0000,0.0000,0.0000,0.0000,0.0000,0.0000,0.0000,0.0000,0.0000,0.0000,0.0000,0.0000,0.0000,0.0000,0.0000,0.0000,0.0000,0.0000,0.0000,0.0000,0.0000,0.0000,0.0000,0.0000,0.0000,0.0000,0.0000,0.0000,0.0000,0.0000,0.0000,0.0000,0.0000,0.0000,0.0000,0.0000,0.0000,0.0000,0.0000,0.0000,0.0000,0.0000,0.0000,0.0000,0.0000,0.0000,0.0000,0.0000,0.0000,0.0000,0.0000,0.0000,0.0000,0.0000,0.0000,0.0000,0.0000,0.0000,0.0000,0.0000,0.0000,0.0000,0.0000,0.0000,0.0000,0.0000,0.0000,0.0000,0.0000,0.0000,0.0000,0.0000,0.0000,0.0000,0.0000,0.0000,0.0000,0.0000,0.0000,0.0000,0.0000,0.0000,0.0000,0.0000,0.0000,0.0000,0.0000,0.0000,0.0000,0.0000,0.0000,0.0000,0.0000,0.0000,0.0000,0.0000,0.0000,0.0000,0.0000,0.0000,0.0000,0.0000,0.0000,0.0000,0.0000,0.0000,0.0000,0.0000,0.0000,0.0000,0.0000,0.0000,0.0000,0.0000,0.0000,0.0000,0.0000,0.0000,0.0000,0.0000,0.0000,0.0000,0.0000,0.0000,0.0000,0.0000,0.0000,0.0000,0.0000,0.0000,0.0000,0.0000,0.0000,0.0000,0.0000,0.0000,0.0000,0.0000,0.0000,0.0000,0.0000,0.0000,0.0000,0.0000,0.0000,0.0000,0.0000,0.0000,0.0000,0.0000,0.0000,0.0000,0.0000,0.0000,0.0000,0.0000,0.0000,0.0000,0.0000,0.0000,0.0000,0.0000,0.0000,0.0000,0.0000,0.0000,0.0000,0.0000,0.0000,0.0000,0.0000,0.0000,0.0000,0.0000,0.0000,0.0000,0.0000,0.0000,0.0000,0.0000,0.0000,0.0000,0.0000,0.0000,0.0000,0.0000,0.0000,0.0000,0.0000,0.0000
45134.9166667,0.0000,0.0000,0.0000,0.0000,0.0000,0.0000,0.0000,0.0000,0.0000,0.0000,0.0000,0.0000,0.0000,0.0000,0.0000,0.0000,0.0000,0.0000,0.0000,0.0000,0.0000,0.0000,0.0000,0.0000,0.0000,0.0000,0.0000,0.0000,0.0000,0.0000,0.0000,0.0000,0.0000,0.0000,0.0000,0.0000,0.0000,0.0000,0.0000,0.0000,0.0000,0.0000,0.0000,0.0000,0.0000,0.0000,0.0000,0.0000,0.0000,0.0000,0.0000,0.0000,0.0000,0.0000,0.0000,0.0000,0.0000,0.0000,0.0000,0.0000,0.0000,0.0000,0.0000,0.0000,0.0000,0.0000,0.0000,0.0000,0.0000,0.0000,0.0000,0.0000,0.0000,0.0000,0.0000,0.0000,0.0000,0.0000,0.0000,0.0000,0.0000,0.0000,0.0000,0.0000,0.0000,0.0000,0.0000,0.0000,0.0000,0.0000,0.0000,0.0000,0.0000,0.0000,0.0000,0.0000,0.0000,0.0000,0.0000,0.0000,0.0000,0.0000,0.0000,0.0000,0.0000,0.0000,0.0000,0.0000,0.0000,0.0000,0.0000,0.0000,0.0000,0.0000,0.0000,0.0000,0.0000,0.0000,0.0000,0.0000,0.0000,0.0000,0.0000,0.0000,0.0000,0.0000,0.0000,0.0000,0.0000,0.0000,0.0000,0.0000,0.0000,0.0000,0.0000,0.0000,0.0000,0.0000,0.0000,0.0000,0.0000,0.0000,0.0000,0.0000,0.0000,0.0000,0.0000,0.0000,0.0000,0.0000,0.0000,0.0000,0.0000,0.0000,0.0000,0.0000,0.0000,0.0000,0.0000,0.0000,0.0000,0.0000,0.0000,0.0000,0.0000,0.0000,0.0000,0.0000,0.0000,0.0000,0.0000,0.0000,0.0000,0.0000,0.0000,0.0000,0.0000,0.0000,0.0000,0.0000,0.0000,0.0000,0.0000,0.0000,0.0000,0.0000,0.0000,0.0000,0.0000,0.0000,0.0000,0.0000,0.0000,0.0000,0.0000,0.0000,0.0000,0.0000,0.0000,0.0000,0.0000,0.0000,0.0000,0.0000,0.0000,0.0000,0.0000,0.0000,0.0000,0.0000,0.0000,0.0000,0.0000,0.0000,0.0000,0.0000,0.0000,0.0000,0.0000,0.0000,0.0000,0.0000,0.0000,0.0000,0.0000,0.0000,0.0000,0.0000,0.0000,0.0000,0.0000,0.0000,0.0000,0.0000,0.0000,0.0000
45134.9583333,0.0000,0.0000,0.0000,0.0000,0.0000,0.0000,0.0000,0.0000,0.0000,0.0000,0.0000,0.0000,0.0000,0.0000,0.0000,0.0000,0.0000,0.0000,0.0000,0.0000,0.0000,0.0000,0.0000,0.0000,0.0000,0.0000,0.0000,0.0000,0.0000,0.0000,0.0000,0.0000,0.0000,0.0000,0.0000,0.0000,0.0000,0.0000,0.0000,0.0000,0.0000,0.0000,0.0000,0.0000,0.0000,0.0000,0.0000,0.0000,0.0000,0.0000,0.0000,0.0000,0.0000,0.0000,0.0000,0.0000,0.0000,0.0000,0.0000,0.0000,0.0000,0.0000,0.0000,0.0000,0.0000,0.0000,0.0000,0.0000,0.0000,0.0000,0.0000,0.0000,0.0000,0.0000,0.0000,0.0000,0.0000,0.0000,0.0000,0.0000,0.0000,0.0000,0.0000,0.0000,0.0000,0.0000,0.0000,0.0000,0.0000,0.0000,0.0000,0.0000,0.0000,0.0000,0.0000,0.0000,0.0000,0.0000,0.0000,0.0000,0.0000,0.0000,0.0000,0.0000,0.0000,0.0000,0.0000,0.0000,0.0000,0.0000,0.0000,0.0000,0.0000,0.0000,0.0000,0.0000,0.0000,0.0000,0.0000,0.0000,0.0000,0.0000,0.0000,0.0000,0.0000,0.0000,0.0000,0.0000,0.0000,0.0000,0.0000,0.0000,0.0000,0.0000,0.0000,0.0000,0.0000,0.0000,0.0000,0.0000,0.0000,0.0000,0.0000,0.0000,0.0000,0.0000,0.0000,0.0000,0.0000,0.0000,0.0000,0.0000,0.0000,0.0000,0.0000,0.0000,0.0000,0.0000,0.0000,0.0000,0.0000,0.0000,0.0000,0.0000,0.0000,0.0000,0.0000,0.0000,0.0000,0.0000,0.0000,0.0000,0.0000,0.0000,0.0000,0.0000,0.0000,0.0000,0.0000,0.0000,0.0000,0.0000,0.0000,0.0000,0.0000,0.0000,0.0000,0.0000,0.0000,0.0000,0.0000,0.0000,0.0000,0.0000,0.0000,0.0000,0.0000,0.0000,0.0000,0.0000,0.0000,0.0000,0.0000,0.0000,0.0000,0.0000,0.0000,0.0000,0.0000,0.0000,0.0000,0.0000,0.0000,0.0000,0.0000,0.0000,0.0000,0.0000,0.0000,0.0000,0.0000,0.0000,0.0000,0.0000,0.0000,0.0000,0.0000,0.0000,0.0000,0.0000,0.0000,0.0000,0.0000,0.0000,0.0000,0.0000
45135.0000000,0.0000,0.0000,0.0000,0.0000,0.0000,0.0000,0.0000,0.0000,0.0000,0.0000,0.0000,0.0000,0.0000,0.0000,0.0000,0.0000,0.0000,0.0000,0.0000,0.0000,0.0000,0.0000,0.0000,0.0000,0.0000,0.0000,0.0000,0.0000,0.0000,0.0000,0.0000,0.0000,0.0000,0.0000,0.0000,0.0000,0.0000,0.0000,0.0000,0.0000,0.0000,0.0000,0.0000,0.0000,0.0000,0.0000,0.0000,0.0000,0.0000,0.0000,0.0000,0.0000,0.0000,0.0000,0.0000,0.0000,0.0000,0.0000,0.0000,0.0000,0.0000,0.0000,0.0000,0.0000,0.0000,0.0000,0.0000,0.0000,0.0000,0.0000,0.0000,0.0000,0.0000,0.0000,0.0000,0.0000,0.0000,0.0000,0.0000,0.0000,0.0000,0.0000,0.0000,0.0000,0.0000,0.0000,0.0000,0.0000,0.0000,0.0000,0.0000,0.0000,0.0000,0.0000,0.0000,0.0000,0.0000,0.0000,0.0000,0.0000,0.0000,0.0000,0.0000,0.0000,0.0000,0.0000,0.0000,0.0000,0.0000,0.0000,0.0000,0.0000,0.0000,0.0000,0.0000,0.0000,0.0000,0.0000,0.0000,0.0000,0.0000,0.0000,0.0000,0.0000,0.0000,0.0000,0.0000,0.0000,0.0000,0.0000,0.0000,0.0000,0.0000,0.0000,0.0000,0.0000,0.0000,0.0000,0.0000,0.0000,0.0000,0.0000,0.0000,0.0000,0.0000,0.0000,0.0000,0.0000,0.0000,0.0000,0.0000,0.0000,0.0000,0.0000,0.0000,0.0000,0.0000,0.0000,0.0000,0.0000,0.0000,0.0000,0.0000,0.0000,0.0000,0.0000,0.0000,0.0000,0.0000,0.0000,0.0000,0.0000,0.0000,0.0000,0.0000,0.0000,0.0000,0.0000,0.0000,0.0000,0.0000,0.0000,0.0000,0.0000,0.0000,0.0000,0.0000,0.0000,0.0000,0.0000,0.0000,0.0000,0.0000,0.0000,0.0000,0.0000,0.0000,0.0000,0.0000,0.0000,0.0000,0.0000,0.0000,0.0000,0.0000,0.0000,0.0000,0.0000,0.0000,0.0000,0.0000,0.0000,0.0000,0.0000,0.0000,0.0000,0.0000,0.0000,0.0000,0.0000,0.0000,0.0000,0.0000,0.0000,0.0000,0.0000,0.0000,0.0000,0.0000,0.0000,0.0000,0.0000,0.0000,0.0000,0.0000,0.0000
45135.0416667,0.0000,0.0000,0.0000,0.0000,0.0000,0.0000,0.0000,0.0000,0.0000,0.0000,0.0000,0.0000,0.0000,0.0000,0.0000,0.0000,0.0000,0.0000,0.0000,0.0000,0.0000,0.0000,0.0000,0.0000,0.0000,0.0000,0.0000,0.0000,0.0000,0.0000,0.0000,0.0000,0.0000,0.0000,0.0000,0.0000,0.0000,0.0000,0.0000,0.0000,0.0000,0.0000,0.0000,0.0000,0.0000,0.0000,0.0000,0.0000,0.0000,0.0000,0.0000,0.0000,0.0000,0.0000,0.0000,0.0000,0.0000,0.0000,0.0000,0.0000,0.0000,0.0000,0.0000,0.0000,0.0000,0.0000,0.0000,0.0000,0.0000,0.0000,0.0000,0.0000,0.0000,0.0000,0.0000,0.0000,0.0000,0.0000,0.0000,0.0000,0.0000,0.0000,0.0000,0.0000,0.0000,0.0000,0.0000,0.0000,0.0000,0.0000,0.0000,0.0000,0.0000,0.0000,0.0000,0.0000,0.0000,0.0000,0.0000,0.0000,0.0000,0.0000,0.0000,0.0000,0.0000,0.0000,0.0000,0.0000,0.0000,0.0000,0.0000,0.0000,0.0000,0.0000,0.0000,0.0000,0.0000,0.0000,0.0000,0.0000,0.0000,0.0000,0.0000,0.0000,0.0000,0.0000,0.0000,0.0000,0.0000,0.0000,0.0000,0.0000,0.0000,0.0000,0.0000,0.0000,0.0000,0.0000,0.0000,0.0000,0.0000,0.0000,0.0000,0.0000,0.0000,0.0000,0.0000,0.0000,0.0000,0.0000,0.0000,0.0000,0.0000,0.0000,0.0000,0.0000,0.0000,0.0000,0.0000,0.0000,0.0000,0.0000,0.0000,0.0000,0.0000,0.0000,0.0000,0.0000,0.0000,0.0000,0.0000,0.0000,0.0000,0.0000,0.0000,0.0000,0.0000,0.0000,0.0000,0.0000,0.0000,0.0000,0.0000,0.0000,0.0000,0.0000,0.0000,0.0000,0.0000,0.0000,0.0000,0.0000,0.0000,0.0000,0.0000,0.0000,0.0000,0.0000,0.0000,0.0000,0.0000,0.0000,0.0000,0.0000,0.0000,0.0000,0.0000,0.0000,0.0000,0.0000,0.0000,0.0000,0.0000,0.0000,0.0000,0.0000,0.0000,0.0000,0.0000,0.0000,0.0000,0.0000,0.0000,0.0000,0.0000,0.0000,0.0000,0.0000,0.0000,0.0000,0.0000,0.0000,0.0000,0.0000,0.0000,0.0000
45135.0833333,0.0000,0.0000,0.0000,0.0000,0.0000,0.0000,0.0000,0.0000,0.0000,0.0000,0.0000,0.0000,0.0000,0.0000,0.0000,0.0000,0.0000,0.0000,0.0000,0.0000,0.0000,0.0000,0.0000,0.0000,0.0000,0.0000,0.0000,0.0000,0.0000,0.0000,0.0000,0.0000,0.0000,0.0000,0.0000,0.0000,0.0000,0.0000,0.0000,0.0000,0.0000,0.0000,0.0000,0.0000,0.0000,0.0000,0.0000,0.0000,0.0000,0.0000,0.0000,0.0000,0.0000,0.0000,0.0000,0.0000,0.0000,0.0000,0.0000,0.0000,0.0000,0.0000,0.0000,0.0000,0.0000,0.0000,0.0000,0.0000,0.0000,0.0000,0.0000,0.0000,0.0000,0.0000,0.0000,0.0000,0.0000,0.0000,0.0000,0.0000,0.0000,0.0000,0.0000,0.0000,0.0000,0.0000,0.0000,0.0000,0.0000,0.0000,0.0000,0.0000,0.0000,0.0000,0.0000,0.0000,0.0000,0.0000,0.0000,0.0000,0.0000,0.0000,0.0000,0.0000,0.0000,0.0000,0.0000,0.0000,0.0000,0.0000,0.0000,0.0000,0.0000,0.0000,0.0000,0.0000,0.0000,0.0000,0.0000,0.0000,0.0000,0.0000,0.0000,0.0000,0.0000,0.0000,0.0000,0.0000,0.0000,0.0000,0.0000,0.0000,0.0000,0.0000,0.0000,0.0000,0.0000,0.0000,0.0000,0.0000,0.0000,0.0000,0.0000,0.0000,0.0000,0.0000,0.0000,0.0000,0.0000,0.0000,0.0000,0.0000,0.0000,0.0000,0.0000,0.0000,0.0000,0.0000,0.0000,0.0000,0.0000,0.0000,0.0000,0.0000,0.0000,0.0000,0.0000,0.0000,0.0000,0.0000,0.0000,0.0000,0.0000,0.0000,0.0000,0.0000,0.0000,0.0000,0.0000,0.0000,0.0000,0.0000,0.0000,0.0000,0.0000,0.0000,0.0000,0.0000,0.0000,0.0000,0.0000,0.0000,0.0000,0.0000,0.0000,0.0000,0.0000,0.0000,0.0000,0.0000,0.0000,0.0000,0.0000,0.0000,0.0000,0.0000,0.0000,0.0000,0.0000,0.0000,0.0000,0.0000,0.0000,0.0000,0.0000,0.0000,0.0000,0.0000,0.0000,0.0000,0.0000,0.0000,0.0000,0.0000,0.0000,0.0000,0.0000,0.0000,0.0000,0.0000,0.0000,0.0000,0.0000,0.0000,0.0000,0.0000
45135.1250000,0.0000,0.0000,0.0000,0.0000,0.0000,0.0000,0.0000,0.0000,0.0000,0.0000,0.0000,0.0000,0.0000,0.0000,0.0000,0.0000,0.0000,0.0000,0.0000,0.0000,0.0000,0.0000,0.0000,0.0000,0.0000,0.0000,0.0000,0.0000,0.0000,0.0000,0.0000,0.0000,0.0000,0.0000,0.0000,0.0000,0.0000,0.0000,0.0000,0.0000,0.0000,0.0000,0.0000,0.0000,0.0000,0.0000,0.0000,0.0000,0.0000,0.0000,0.0000,0.0000,0.0000,0.0000,0.0000,0.0000,0.0000,0.0000,0.0000,0.0000,0.0000,0.0000,0.0000,0.0000,0.0000,0.0000,0.0000,0.0000,0.0000,0.0000,0.0000,0.0000,0.0000,0.0000,0.0000,0.0000,0.0000,0.0000,0.0000,0.0000,0.0000,0.0000,0.0000,0.0000,0.0000,0.0000,0.0000,0.0000,0.0000,0.0000,0.0000,0.0000,0.0000,0.0000,0.0000,0.0000,0.0000,0.0000,0.0000,0.0000,0.0000,0.0000,0.0000,0.0000,0.0000,0.0000,0.0000,0.0000,0.0000,0.0000,0.0000,0.0000,0.0000,0.0000,0.0000,0.0000,0.0000,0.0000,0.0000,0.0000,0.0000,0.0000,0.0000,0.0000,0.0000,0.0000,0.0000,0.0000,0.0000,0.0000,0.0000,0.0000,0.0000,0.0000,0.0000,0.0000,0.0000,0.0000,0.0000,0.0000,0.0000,0.0000,0.0000,0.0000,0.0000,0.0000,0.0000,0.0000,0.0000,0.0000,0.0000,0.0000,0.0000,0.0000,0.0000,0.0000,0.0000,0.0000,0.0000,0.0000,0.0000,0.0000,0.0000,0.0000,0.0000,0.0000,0.0000,0.0000,0.0000,0.0000,0.0000,0.0000,0.0000,0.0000,0.0000,0.0000,0.0000,0.0000,0.0000,0.0000,0.0000,0.0000,0.0000,0.0000,0.0000,0.0000,0.0000,0.0000,0.0000,0.0000,0.0000,0.0000,0.0000,0.0000,0.0000,0.0000,0.0000,0.0000,0.0000,0.0000,0.0000,0.0000,0.0000,0.0000,0.0000,0.0000,0.0000,0.0000,0.0000,0.0000,0.0000,0.0000,0.0000,0.0000,0.0000,0.0000,0.0000,0.0000,0.0000,0.0000,0.0000,0.0000,0.0000,0.0000,0.0000,0.0000,0.0000,0.0000,0.0000,0.0000,0.0000,0.0000,0.0000,0.0000,0.0000,0.0000
45135.1666667,0.0000,0.0000,0.0000,0.0000,0.0000,0.0000,0.0000,0.0000,0.0000,0.0000,0.0000,0.0000,0.0000,0.0000,0.0000,0.0000,0.0000,0.0000,0.0000,0.0000,0.0000,0.0000,0.0000,0.0000,0.0000,0.0000,0.0000,0.0000,0.0000,0.0000,0.0000,0.0000,0.0000,0.0000,0.0000,0.0000,0.0000,0.0000,0.0000,0.0000,0.0000,0.0000,0.0000,0.0000,0.0000,0.0000,0.0000,0.0000,0.0000,0.0000,0.0000,0.0000,0.0000,0.0000,0.0000,0.0000,0.0000,0.0000,0.0000,0.0000,0.0000,0.0000,0.0000,0.0000,0.0000,0.0000,0.0000,0.0000,0.0000,0.0000,0.0000,0.0000,0.0000,0.0000,0.0000,0.0000,0.0000,0.0000,0.0000,0.0000,0.0000,0.0000,0.0000,0.0000,0.0000,0.0000,0.0000,0.0000,0.0000,0.0000,0.0000,0.0000,0.0000,0.0000,0.0000,0.0000,0.0000,0.0000,0.0000,0.0000,0.0000,0.0000,0.0000,0.0000,0.0000,0.0000,0.0000,0.0000,0.0000,0.0000,0.0000,0.0000,0.0000,0.0000,0.0000,0.0000,0.0000,0.0000,0.0000,0.0000,0.0000,0.0000,0.0000,0.0000,0.0000,0.0000,0.0000,0.0000,0.0000,0.0000,0.0000,0.0000,0.0000,0.0000,0.0000,0.0000,0.0000,0.0000,0.0000,0.0000,0.0000,0.0000,0.0000,0.0000,0.0000,0.0000,0.0000,0.0000,0.0000,0.0000,0.0000,0.0000,0.0000,0.0000,0.0000,0.0000,0.0000,0.0000,0.0000,0.0000,0.0000,0.0000,0.0000,0.0000,0.0000,0.0000,0.0000,0.0000,0.0000,0.0000,0.0000,0.0000,0.0000,0.0000,0.0000,0.0000,0.0000,0.0000,0.0000,0.0000,0.0000,0.0000,0.0000,0.0000,0.0000,0.0000,0.0000,0.0000,0.0000,0.0000,0.0000,0.0000,0.0000,0.0000,0.0000,0.0000,0.0000,0.0000,0.0000,0.0000,0.0000,0.0000,0.0000,0.0000,0.0000,0.0000,0.0000,0.0000,0.0000,0.0000,0.0000,0.0000,0.0000,0.0000,0.0000,0.0000,0.0000,0.0000,0.0000,0.0000,0.0000,0.0000,0.0000,0.0000,0.0000,0.0000,0.0000,0.0000,0.0000,0.0000,0.0000,0.0000,0.0000,0.0000,0.0000,0.0000
45135.2083333,0.0000,0.0000,0.0000,0.0000,0.0000,0.0000,0.0000,0.0000,0.0000,0.0000,0.0000,0.0000,0.0000,0.0000,0.0000,0.0000,0.0000,0.0000,0.0000,0.0000,0.0000,0.0000,0.0000,0.0000,0.0000,0.0000,0.0000,0.0000,0.0000,0.0000,0.0000,0.0000,0.0000,0.0000,0.0000,0.0000,0.0000,0.0000,0.0000,0.0000,0.0000,0.0000,0.0000,0.0000,0.0000,0.0000,0.0000,0.0000,0.0000,0.0000,0.0000,0.0000,0.0000,0.0000,0.0000,0.0000,0.0000,0.0000,0.0000,0.0000,0.0000,0.0000,0.0000,0.0000,0.0000,0.0000,0.0000,0.0000,0.0000,0.0000,0.0000,0.0000,0.0000,0.0000,0.0000,0.0000,0.0000,0.0000,0.0000,0.0000,0.0000,0.0000,0.0000,0.0000,0.0000,0.0000,0.0000,0.0000,0.0000,0.0000,0.0000,0.0000,0.0000,0.0000,0.0000,0.0000,0.0000,0.0000,0.0000,0.0000,0.0000,0.0000,0.0000,0.0000,0.0000,0.0000,0.0000,0.0000,0.0000,0.0000,0.0000,0.0000,0.0000,0.0000,0.0000,0.0000,0.0000,0.0000,0.0000,0.0000,0.0000,0.0000,0.0000,0.0000,0.0000,0.0000,0.0000,0.0000,0.0000,0.0000,0.0000,0.0000,0.0000,0.0000,0.0000,0.0000,0.0000,0.0000,0.0000,0.0000,0.0000,0.0000,0.0000,0.0000,0.0000,0.0000,0.0000,0.0000,0.0000,0.0000,0.0000,0.0000,0.0000,0.0000,0.0000,0.0000,0.0000,0.0000,0.0000,0.0000,0.0000,0.0000,0.0000,0.0000,0.0000,0.0000,0.0000,0.0000,0.0000,0.0000,0.0000,0.0000,0.0000,0.0000,0.0000,0.0000,0.0000,0.0000,0.0000,0.0000,0.0000,0.0000,0.0000,0.0000,0.0000,0.0000,0.0000,0.0000,0.0000,0.0000,0.0000,0.0000,0.0000,0.0000,0.0000,0.0000,0.0000,0.0000,0.0000,0.0000,0.0000,0.0000,0.0000,0.0000,0.0000,0.0000,0.0000,0.0000,0.0000,0.0000,0.0000,0.0000,0.0000,0.0000,0.0000,0.0000,0.0000,0.0000,0.0000,0.0000,0.0000,0.0000,0.0000,0.0000,0.0000,0.0000,0.0000,0.0000,0.0000,0.0000,0.0000,0.0000,0.0000,0.0000,0.0000,0.0000
45135.2500000,0.1193,0.2732,0.3647,0.3479,0.6028,0.4667,0.4192,0.2089,0.4114,0.4274,0.3863,0.3479,0.2283,0.3312,0.3016,0.3103,0.3999,0.3690,0.2680,0.1890,0.4356,0.1816,0.1737,0.2841,0.3002,0.6168,0.2876,0.1074,0.3586,0.1182,0.2292,0.1518,0.1969,0.3048,0.2976,0.2558,0.4024,0.4133,0.1465,0.5424,0.4748,0.4996,0.2884,0.3857,0.8121,0.4011,0.3124,0.3459,0.1926,0.2647,0.4048,0.3762,0.4281,0.4624,0.1792,0.1787,0.2155,0.3326,0.5913,0.4546,0.4755,0.3604,0.1586,0.1428,0.2198,0.1917,0.3125,0.3002,-0.1128,0.0467,0.2660,0.2611,0.2157,0.0478,0.2855,0.3792,0.3044,0.3664,0.2551,0.4076,0.8642,0.7552,0.5418,0.4288,0.3416,0.3512,0.5508,0.4108,0.4797,0.4090,0.4513,0.5709,0.6369,0.4657,0.2267,0.3046,0.3680,0.5688,0.4394,0.3714,0.4080,0.4815,0.3553,0.3776,0.5564,0.7118,0.5842,0.5549,0.2617,0.5123,0.2929,0.1249,0.3860,0.3217,0.3815,0.3241,0.2435,0.4343,0.3537,0.3630,0.0659,0.3444,0.1913,0.3223,0.2724,0.3527,0.3691,0.5134,0.3095,0.1066,0.2019,0.1798,0.2049,0.2458,0.3622,0.2450,0.2450,0.3590,0.2541,0.2100,0.1339,0.3217,0.2243,0.2564,0.3582,0.0874,0.1469,0.4625,0.2944,0.2221,0.2056,0.0654,0.1265,0.0903,0.2112,0.4211,0.4823,0.4504,0.4147,0.2414,0.6299,0.4706,0.4752,0.5942,0.7097,0.4423,0.5306,0.3242,0.2881,0.2524,0.0573,0.1463,0.1666,0.3309,0.3208,0.4421,0.3021,0.3305,0.2738,0.6547,0.5354,0.3989,0.3543,0.4486,0.3538,0.4659,0.4238,0.4270,0.4302,0.4333,0.4365,0.4383,0.4415,0.4447,0.4480,0.4513,0.4547,0.4581,0.4615,0.4650,0.4686,0.4723,0.4760,0.4798,0.4836,0.4876,0.4916,0.4957,0.4999,0.5042,0.5086,0.5130,0.5176,0.5222,0.5269,0.5318,0.5367,0.5417,0.5468,0.5520,0.5574,0.5628,0.5683,0.5738,0.5795,0.5853,0.5911,0.5970,0.6030,0.6091,0.6152,0.6213,0.6276,0.6338,0.6355,0.6420
45135.2916667,0.6438,1.4748,1.9684,1.8782,3.2549,2.5199,2.2637,1.1278,2.2217,2.3123,2.0901,1.8822,1.2333,1.7919,1.6289,1.6760,2.1768,1.9957,1.4476,1.0206,2.3526,0.9808,0.9385,1.5351,1.6420,3.3501,1.5561,0.5807,1.9461,0.6441,1.2386,0.8265,1.1950,1.7191,1.6085,1.3826,2.1854,2.2484,0.8336,2.9434,2.5671,2.7055,1.5595,2.0858,4.3923,2.1693,1.6897,1.8709,1.0420,1.4319,2.1904,2.0573,2.3730,2.5134,0.9706,0.9677,1.1679,1.8128,3.2123,2.4755,2.6051,1.9607,0.8618,0.7766,1.1971,1.0452,1.7090,1.6464,-0.5761,0.2895,1.4800,1.4517,1.2057,0.2966,1.5914,2.0990,1.6914,2.0224,1.4266,2.2289,4.7452,4.1481,2.9823,2.5695,1.8728,1.9306,3.0166,2.2517,2.6245,2.2438,2.4680,3.1176,3.4773,2.5444,1.2439,1.6660,2.0102,3.0984,2.3977,2.0275,2.2274,2.6241,1.9352,2.1086,3.0519,4.3349,3.3150,3.4291,1.5438,3.0810,1.7088,0.6821,2.1125,1.7482,2.0929,1.8074,1.3278,2.3652,1.9220,1.9811,0.3606,1.9140,1.0438,1.7531,1.4806,1.9547,2.0139,2.8000,1.6836,0.5822,1.1034,0.9872,1.1443,1.6008,1.9805,1.3649,1.3328,2.0861,1.5926,1.1423,0.7282,1.7608,1.2200,1.3944,1.9470,0.4759,0.7991,2.5131,1.6097,1.2123,1.1220,0.3563,0.6885,0.4986,1.1553,2.2926,2.6306,2.4480,2.2539,1.3130,3.4232,2.5579,2.5828,3.2367,3.9142,2.4192,2.9080,1.7778,1.5834,1.4374,0.3150,0.8681,0.9118,1.8204,1.7601,2.5446,1.6622,1.8147,1.5051,3.5846,2.9346,2.1846,1.9486,2.4618,1.9382,2.5518,2.3231,2.3411,2.3587,2.3764,2.3943,2.4043,2.4202,2.4382,2.4566,2.4750,2.4936,2.5126,2.5319,2.5563,2.5711,2.5914,2.6121,2.6333,2.6549,2.6769,2.6994,2.7178,2.7465,2.7707,2.7955,2.8210,2.8471,2.8739,2.9014,2.9599,2.9553,2.9847,3.0150,3.0461,3.0782,3.1112,3.1452,3.1518,3.2229,3.2613,3.3011,3.3424,3.3854,3.4301,3.4767,3.5254,3.7530,3.7864,3.7949,3.8294
45135.3333333,1.6049,3.6765,4.9769,4.6825,8.1149,6.3859,5.6441,2.8119,5.7729,5.8711,5.2988,4.7873,3.1400,4.5260,4.0612,4.2302,8.3031,5.0590,4.1067,2.5699,5.8660,2.4919,2.3401,4.7231,4.4472,8.3491,3.9496,1.4482,5.0160,1.7286,3.4289,2.3023,5.5319,5.6278,4.0115,3.4481,5.5508,5.8149,2.3013,7.6109,6.4025,6.8614,3.8897,5.2025,11.3009,5.4110,4.2146,4.6666,2.5990,3.9281,6.1528,5.6983,8.9052,6.5512,2.4789,2.8543,3.2984,4.7841,8.3159,6.2786,7.3245,4.9958,2.1505,1.9381,4.2456,2.6098,7.0245,4.5464,-1.9023,0.7666,3.9290,3.8200,3.4231,0.8141,4.1366,5.6041,4.3020,5.1878,3.7338,6.0478,12.1587,10.9407,7.6607,7.2198,4.7363,4.9012,7.6291,5.7047,6.6363,5.6977,6.2437,7.8755,8.7839,7.3648,3.3214,4.3117,5.1846,8.0045,6.1478,5.9033,5.6758,7.0901,4.9788,8.2004,8.3933,13.7514,11.3203,11.1647,4.7488,9.6082,5.1213,1.8285,5.5639,4.4300,5.7315,7.0107,3.3620,5.9198,5.0350,5.1040,0.9115,7.0233,2.6219,4.5795,3.7974,5.0829,5.2257,7.0565,4.4232,1.4790,2.8677,2.7052,4.4829,5.6699,4.9744,3.5914,3.3636,5.7686,5.3439,2.9407,1.8240,4.4624,3.0760,3.5438,4.9715,1.1937,2.0924,6.2825,4.1070,3.2700,2.8076,0.8954,1.7314,1.2740,3.0089,5.8118,6.8568,6.1502,5.8441,3.3256,12.9324,6.5798,7.0842,8.0966,10.7628,6.4006,7.3422,5.0353,4.0820,4.8633,0.7910,2.6958,2.3081,4.9969,4.5486,8.9157,4.1914,4.7296,3.8187,9.2627,7.6496,5.5507,4.8637,6.1813,4.8467,6.4943,5.9183,5.9715,6.0243,6.0778,6.1323,6.1680,6.2182,6.2741,6.3314,6.3893,6.4486,6.5094,6.5717,6.6357,6.7014,6.7689,6.8384,6.9098,6.9834,7.0591,7.1372,7.2176,7.3187,7.4060,7.4962,7.5894,7.6859,7.7857,7.8890,7.9960,8.1068,8.2216,8.3407,8.4641,8.5921,8.7249,8.8628,9.0059,9.1545,10.9800,11.0567,11.1343,11.2128,11.2920,11.3720,11.4526,11.5338,11.6155,11.6344,11.7186
45135.3750000,2.6108,5.9816,8.7210,7.6193,23.5849,13.2434,9.1862,10.1885,15.8920,12.2282,10.9122,10.0609,6.5652,9.2689,7.2943,7.9323,32.7188,10.2289,23.4447,5.3112,19.8535,5.1318,3.8101,12.7323,8.5961,22.5947,8.5298,2.3588,13.1206,8.3055,7.5481,13.9446,27.9765,29.8021,33.1076,27.6374,13.7987,11.9526,5.4280,20.2674,10.9147,13.8790,6.3391,9.5733,21.0989,14.8749,8.8329,7.6065,5.4065,7.2539,37.4114,33.2406,35.0033,18.2152,5.4025,20.8388,5.7456,15.0274,20.6245,12.9464,38.9668,10.5327,3.5060,3.1598,14.4182,4.2572,29.6812,28.4342,-16.2958,1.2956,11.2107,6.8645,19.0524,1.4602,12.3763,16.7760,8.5281,17.9462,7.3332,12.6188,34.1921,29.5410,15.7913,42.3591,7.7947,9.5948,13.1715,9.4070,10.9335,37.0419,20.6485,20.0533,37.0849,43.0192,9.5688,8.7383,10.6822,17.2482,12.5235,35.2350,10.1464,41.8505,10.3071,33.7073,43.6346,49.0029,40.7585,42.0478,16.5818,33.5334,16.9171,8.4893,10.2734,8.6831,32.5100,29.0433,6.6497,11.9874,14.5345,13.0561,1.5638,27.3832,4.5445,12.3346,7.6796,9.5484,13.5629,19.0708,12.4431,3.0187,7.8819,15.1471,19.1233,24.9452,13.0361,7.2139,6.3467,28.7033,21.7061,5.1331,3.7694,9.5495,9.3709,7.0508,11.4588,1.9623,5.9288,15.7888,12.9581,6.0674,7.7190,1.5162,2.8863,3.7284,5.4131,11.6992,18.5787,11.0292,15.2815,6.4899,49.4123,14.6929,22.6592,14.4306,22.4338,24.4007,16.1024,28.1676,21.4945,18.0635,1.4924,10.0327,4.3389,23.2984,11.3892,33.6100,9.1418,12.8221,7.7151,23.2016,20.7587,11.1615,8.5188,11.6346,9.0781,13.0955,11.9630,12.1459,12.3324,12.5674,12.7691,12.9446,13.1572,13.3772,13.6046,13.8390,14.0814,14.3323,14.5923,14.8616,15.1406,15.4299,15.7297,16.0406,16.3631,16.6976,17.0447,17.4048,17.7785,18.1664,18.5691,18.9871,19.4211,19.8718,20.3398,20.8258,21.3305,36.6270,36.7397,36.8542,36.9705,37.0886,37.2084,37.3300,37.4531,37.5778,37.7039,37.8314,37.9601,38.0899,38.2207,38.3523,38.4846,38.6173,38.6463,38.7826
45135.4166667,2.6896,6.1623,9.6958,13.5882,93.2870,19.5220,18.6825,8.5525,58.3493,17.8110,16.3603,15.0852,9.7557,13.8628,7.5525,12.3908,50.8361,14.6668,37.3126,5.1239,16.9465,10.0605,5.2827,13.1610,13.0640,72.9238,13.3867,10.4571,48.8700,11.7057,42.1933,19.5197,45.7685,47.3113,52.8717,44.4043,58.3932,20.4741,6.6157,66.1425,23.3915,19.0121,6.5351,9.9724,92.8710,47.6358,12.8921,12.5302,7.8447,15.9602,58.5149,52.0138,54.2163,61.7872,7.4403,31.4723,16.3182,59.2950,73.5568,18.5787,60.0987,15.5048,5.3108,3.2580,14.1991,4.3905,46.9533,45.0473,-23.2633,1.8838,37.7955,7.1387,27.6604,2.0146,10.6704,58.0041,12.4440,69.6120,11.0529,21.5981,108.6884,92.9989,22.5568,66.3533,8.0644,9.8605,15.1194,9.7420,27.4764,57.9112,71.7229,81.0514,82.6212,67.1309,38.9869,12.6228,15.5727,25.6586,17.8122,55.7142,16.9477,65.1817,14.8924,53.0829,67.0478,73.8055,61.9625,64.5171,26.5023,51.1248,26.7194,15.1251,12.2692,12.1109,51.2965,46.3614,8.0846,17.1386,53.0949,49.6924,2.3231,43.3241,7.0722,39.7946,7.3297,46.2140,41.4557,58.4446,41.2511,4.7877,29.7621,25.1335,31.3329,40.3714,57.0465,8.8517,8.6232,44.9318,34.7931,29.9051,4.6060,40.9254,32.6106,9.8181,46.3652,2.6953,21.6833,65.5968,48.2152,8.8248,31.9206,1.7976,3.8794,11.5657,7.1836,16.6060,58.5430,13.4813,56.3465,9.1641,75.3198,64.1682,63.1277,16.3597,51.0880,31.9804,27.8852,44.4007,33.8605,28.6751,3.1338,16.8490,5.9418,36.2189,33.7050,51.7209,10.3293,41.6557,10.9564,75.1142,64.1497,15.6546,51.3498,15.5534,12.2544,18.4278,16.8675,17.1916,17.5230,17.8635,18.2143,18.5418,18.9114,19.2925,19.6853,20.0894,20.5058,20.9353,21.3783,21.8354,22.3070,22.7936,23.2958,23.8140,24.3490,24.9011,25.4711,54.1868,54.2839,54.3829,54.4840,54.5870,54.6921,54.7992,54.9085,55.0199,55.1334,55.2490,55.3668,55.4866,55.6086,55.7326,55.8587,55.9867,56.1167,56.2485,56.3820,56.5172,56.6539,56.7920,56.9313,57.0717,57.2131,57.3552,57.3901,57.5363
45135.4583333,2.5639,7.6217,22.7303,97.2543,123.1918,26.7298,25.7913,12.0417,77.6789,83.2840,82.1294,20.7148,47.1938,66.4155,68.3221,16.7744,67.6243,19.5901,14.8380,6.2857,83.2262,21.3094,8.1104,9.5736,18.2903,95.5330,71.6158,14.2446,65.3361,7.6964,29.7991,8.4413,19.6585,24.2689,71.2971,60.2251,77.8169,76.4543,9.9507,87.0321,88.9086,24.9931,6.2343,11.2154,120.7381,63.2823,17.4874,27.7696,11.1446,9.3574,21.7687,69.4250,71.9341,24.1640,8.6899,22.5702,12.1655,79.6601,96.6040,81.5373,79.4478,21.1458,5.6281,7.2558,9.4986,14.6365,63.1245,60.6491,-4.8131,2.7732,15.3828,8.9542,12.7171,9.3978,22.0535,77.3892,61.4817,93.2391,16.4202,22.5873,141.5099,121.2779,100.7354,25.3227,7.7043,15.5466,99.2581,25.8440,99.2419,77.0312,95.3571,106.8803,108.3986,89.0440,14.1662,16.7225,21.0332,34.9865,23.5687,21.8364,72.4046,86.3798,65.4873,70.9683,88.2342,95.9691,81.1401,84.8963,36.1906,67.2907,36.3423,5.1979,71.6382,16.5216,68.9072,62.7755,11.5719,76.0655,71.6676,67.0026,3.3048,58.6148,41.1959,54.0791,28.3119,62.5120,55.9459,77.6114,56.2056,11.1519,41.6446,15.7402,6.5589,11.7530,10.5185,50.8320,48.6050,33.4313,13.5851,41.5558,35.3688,55.3869,45.0020,44.0572,62.3344,4.6664,30.8288,87.3275,14.6339,12.4425,10.0914,3.0590,4.9612,5.8442,10.4600,80.8936,77.4387,83.3292,20.5917,40.2322,98.7606,85.1207,25.5753,43.2433,81.2011,93.3319,89.5048,59.6984,45.7639,39.0716,3.2360,24.0328,7.9532,48.5416,45.2265,68.4905,24.4651,55.8894,14.7292,98.1875,25.8900,20.7379,18.7615,19.8139,20.2281,77.7531,69.7139,69.7824,69.8498,69.9173,69.9858,70.0228,70.0908,70.1599,70.2302,70.3006,70.3721,70.4449,70.5190,70.5945,70.6715,70.7499,70.8300,70.9116,70.9949,71.0799,71.1666,71.2552,71.3456,71.4379,71.5322,71.6284,71.7266,71.8269,71.9292,72.0336,72.1402,72.2488,72.3596,72.4724,72.5874,72.7044,72.8235,72.9446,73.0676,73.1925,73.3192,73.4476,73.5776,73.7091,73.8419,73.9760,74.1111,74.2472,74.2808,74.4212
45135.5000000,2.2684,10.7425,98.4143,117.3883,147.0197,117.2120,110.8656,15.2458,93.2266,99.9046,98.7951,86.5059,57.5815,80.1446,82.6626,73.9207,81.1260,77.3557,61.3405,48.7588,99.7769,14.7550,9.9954,17.2210,78.7397,113.4112,86.7515,5.7923,78.6430,9.7000,70.0310,22.7366,37.5709,77.0553,86.2949,73.1748,93.4553,91.7275,12.9990,103.6338,106.3838,102.7522,7.2252,12.1306,142.5697,75.8539,71.2825,88.9853,49.4711,9.0091,93.6075,83.4706,86.1442,97.9284,10.7421,16.0623,14.1835,96.1757,114.8770,97.5857,94.9039,85.9733,11.6184,9.2832,11.5582,15.6004,76.2604,73.3408,-31.2272,11.8823,61.9395,17.7625,16.2322,12.9534,18.9342,92.9943,74.2435,112.3129,20.7965,27.9691,167.2225,143.4744,120.1158,105.8037,12.5479,20.7023,118.2592,30.0279,118.7656,92.3379,114.2653,127.3681,128.7271,106.5108,64.7934,20.3936,91.1719,145.1984,103.2665,89.6457,86.7733,103.2000,78.8071,85.2999,104.9438,113.2032,96.1533,100.9408,44.0126,79.9638,44.0536,28.2873,86.2619,73.4283,83.0167,76.0140,13.9871,91.3679,86.6409,80.9412,4.2682,70.9781,51.0043,65.7078,91.4781,75.8078,67.7919,93.0589,68.6060,34.1115,51.7863,44.6199,12.1337,15.4749,93.5583,62.6872,60.0041,73.7139,58.9788,51.7219,44.7574,67.6731,55.7748,54.3960,75.7924,6.1158,39.0956,105.2782,18.0172,15.6575,12.4651,4.0801,27.1784,7.7177,12.8985,97.5245,92.8823,100.2344,90.4481,49.4421,117.5827,102.1631,100.3477,67.5877,144.3962,112.2656,106.9876,72.3194,55.6538,47.7705,14.5496,30.2574,41.5161,58.6092,54.6496,81.9760,15.7516,67.4926,59.9893,116.4379,100.6268,84.4584,82.9361,103.5077,92.0094,93.0083,83.5636,83.6219,83.6793,83.7369,83.7954,83.8259,83.8840,83.9431,84.0032,84.0635,84.1247,84.1870,84.2505,84.3152,84.3812,84.4485,84.5171,84.5872,84.6586,84.7316,84.8060,84.8820,84.9597,85.0390,85.1199,85.2026,85.2870,85.3732,85.4612,85.5511,85.6428,85.7363,85.8317,85.9290,86.0281,86.1291,86.2318,86.3364,86.4427,86.5506,86.6602,86.7713,86.8838,86.9977,87.1129,87.2291,87.3463,87.4644,87.4917,87.6137
45135.5416667,12.0751,51.5794,104.8851,125.1037,156.1428,124.6896,118.0281,76.6859,99.2766,106.3509,105.2489,92.2475,61.7025,85.5114,88.2468,78.9295,86.4244,82.4722,65.6259,52.3909,106.1994,16.0489,61.5758,17.8988,84.0758,120.3591,33.3424,3.2474,83.8612,5.6423,16.6652,4.7234,16.9711,82.2747,40.8102,78.2398,99.5366,97.6774,14.5214,110.0982,113.1533,109.2420,21.1875,25.5956,151.0075,80.8121,76.1180,94.8887,53.1410,40.2888,99.6935,88.9631,91.7082,104.1801,11.7591,15.8513,15.5460,21.9664,121.9642,103.8287,100.9347,91.6535,16.5768,11.1910,13.3894,84.2148,81.4067,78.3221,-32.1519,13.4060,66.2413,88.1958,85.1907,14.5363,20.7462,99.0610,79.2528,27.0144,22.7719,28.5107,177.0961,152.0369,127.6002,112.5935,19.0251,96.9594,125.6064,110.3717,126.2878,98.3008,121.5554,135.2627,136.5778,113.2754,69.3561,88.8567,97.1488,154.2481,109.8791,95.5194,92.3887,109.7283,84.0267,90.8943,111.4477,119.9328,102.0413,107.1995,47.1962,84.9790,47.2057,30.7836,91.9694,78.4457,88.5383,81.2058,15.1814,97.3447,21.4927,86.4105,19.5358,75.8824,54.9489,70.3590,21.8617,81.1159,72.6056,99.2464,73.6560,37.3906,13.0298,48.4801,13.3041,9.4669,100.2654,67.6916,15.3809,79.2908,63.8478,56.2436,49.0051,73.0541,60.6041,59.1029,81.6737,31.9859,43.0826,112.8669,19.8336,17.5270,59.4871,18.7537,30.4477,8.7658,14.2403,104.6593,99.5964,107.4676,97.0837,53.7826,125.5050,109.3760,107.4098,121.1416,153.8038,120.1183,114.3242,77.8189,60.1090,51.7468,16.7665,33.2246,45.1148,62.9476,58.7158,87.5378,68.7609,72.3140,64.4269,123.7420,107.1410,90.1949,88.6533,110.3512,98.2964,99.1362,89.1627,89.2123,89.2613,89.3109,89.3616,89.3857,89.4367,89.4889,89.5424,89.5964,89.6515,89.7080,89.7658,89.8251,89.8857,89.9479,90.0115,90.0767,90.1434,90.2117,90.2816,90.3531,90.4263,90.5012,90.5778,90.6562,90.7363,90.8182,90.9018,90.9873,91.0745,91.1636,91.2545,91.3472,91.4416,91.5378,91.6358,91.7354,91.8367,91.9395,92.0439,92.1497,92.2569,92.3653,92.4749,92.5855,92.6970,92.8093,92.8337,92.9497
45135.5833333,9.2978,84.3850,77.4135,20.7021,116.5388,92.7214,87.3223,15.0599,74.5223,79.6005,78.0724,68.5684,45.6788,63.7061,64.9870,58.8672,65.6325,62.3757,49.0848,38.6476,79.6547,13.7981,11.1057,62.1746,17.2316,92.6675,12.2094,3.3861,35.3169,9.4181,15.3122,11.0974,14.8806,28.4597,30.9304,57.3627,74.5310,73.4852,12.3027,84.3300,85.0993,82.9345,38.6748,81.8349,117.0826,61.8757,57.0146,70.3173,39.2263,65.5305,74.6869,66.9023,69.7471,78.8184,10.5311,14.3924,13.8291,13.7892,93.2943,78.4490,76.9034,68.4414,13.5874,10.6132,12.5650,25.2994,18.7010,58.3600,-23.9629,9.8511,49.7191,16.6181,14.0973,10.7164,68.0359,74.0775,59.3030,24.5416,20.0006,113.7943,136.1164,117.1403,96.5092,84.1835,87.8642,72.1435,95.3589,82.3424,94.4058,74.2226,90.6668,102.2509,104.4516,85.4054,14.5974,65.7912,72.6350,114.9786,82.6128,71.6174,70.2669,83.3593,63.4691,68.5227,85.8718,94.6461,80.1223,82.9830,36.9405,67.2532,37.6067,23.1563,69.4184,59.0647,67.0321,60.9690,49.7357,74.0008,21.1873,21.0312,14.4251,57.8274,40.7018,53.6911,71.1729,61.5265,56.1780,76.9272,55.6974,14.1623,41.7267,11.3230,8.9624,14.8357,74.6680,50.4751,48.6121,60.5975,48.1497,42.1790,35.7831,18.4609,14.0621,45.1227,62.3057,4.8771,7.7518,85.3600,18.9470,16.0039,13.3169,14.3270,23.4424,14.8742,46.8092,79.1368,76.9560,81.6106,73.8957,41.3958,97.2374,41.0313,81.9995,93.5730,117.7964,89.8923,87.7316,19.0236,46.5089,40.1758,12.7860,25.5591,33.9035,49.1286,46.0660,67.8005,52.4123,55.3493,48.9165,96.2639,82.7591,68.6795,66.7570,83.1931,73.2210,75.9815,68.4443,68.5339,68.6221,68.7109,68.8014,68.8461,68.9366,69.0289,69.1232,69.2182,69.3150,69.4140,69.5153,69.6189,69.7250,69.8335,69.9446,70.0583,70.1747,70.2939,70.4159,70.5408,70.6687,70.7995,70.9334,71.0704,71.2106,71.3539,71.5004,71.6502,71.8032,71.9594,72.1189,72.2816,72.4475,72.6165,72.7886,72.9638,73.1419,73.3228,73.5064,73.6926,73.8812,74.0721,74.2650,74.4597,74.6560,74.8537,74.9021,75.1062
45135.6250000,5.0966,12.5335,14.8059,13.2958,48.5441,19.2132,35.5974,8.7096,16.6162,17.6006,16.3378,14.5892,9.5809,13.7421,12.1296,12.8447,28.4557,26.7912,20.5336,7.9318,33.5631,9.9437,6.8381,24.9396,11.3256,41.4329,10.9992,3.3211,12.1647,4.3311,9.1680,5.2811,7.2567,13.7115,14.1181,12.8170,16.2421,16.5885,6.5714,21.1603,36.0888,19.3289,19.4451,33.1933,53.1519,27.3235,23.9395,28.7775,15.8854,14.1222,31.3826,28.3618,30.3438,33.8878,6.8090,7.3801,7.5581,12.3256,41.1246,33.6267,33.5969,15.0337,7.1929,6.0089,7.8613,8.0418,12.1122,24.2016,-9.9844,2.2620,11.0421,10.5174,8.7867,2.4603,12.8215,15.1391,24.8431,15.1140,11.3067,43.8182,60.6509,52.4674,22.3943,18.4629,34.4093,15.3312,41.3336,34.2617,39.4749,31.7659,37.7092,43.8912,46.0278,36.4339,9.3639,12.8114,15.5698,24.4534,18.5184,30.1500,17.1710,36.1812,27.1826,17.2430,38.4575,44.5554,37.3304,37.5339,17.0802,31.8271,18.0120,9.7924,16.0738,13.3914,28.8505,12.6437,10.5020,32.1476,13.9443,14.1496,3.0347,25.2384,7.8327,13.1374,27.7056,26.5474,25.3059,34.8113,23.8215,4.9147,7.4704,9.9015,7.1818,9.7634,30.7820,20.7945,20.2342,26.4380,10.7351,8.6887,8.1573,12.5694,9.1274,19.4721,26.9636,3.4801,5.6437,36.3131,12.0015,9.5198,8.4816,5.8311,10.0144,7.1710,9.5183,17.4786,34.2348,34.9501,31.7877,10.1423,43.6612,20.9796,35.5899,41.7473,51.6930,37.2898,38.5658,12.7255,20.6452,10.4078,5.2029,6.2828,14.0585,22.3741,21.2250,30.5171,22.7268,13.6613,11.4248,43.8747,37.1325,29.8275,14.5256,18.8024,14.9407,33.5304,30.3018,30.3989,30.4943,30.5899,30.6869,30.7384,30.8346,30.9323,31.0316,31.1312,31.2322,31.3350,31.4398,31.5465,31.6554,31.7663,31.8795,31.9950,32.1129,32.2332,32.3560,32.4815,32.6096,32.7404,32.8740,33.0105,33.1499,33.2922,33.4376,33.5859,33.7373,33.8918,34.0493,34.2099,34.3736,34.5403,34.7099,34.8825,35.0579,35.2361,35.4169,35.6002,35.7859,35.9738,36.1637,36.3555,36.5489,36.7436,36.7922,36.9933
45135.6666667,3.6049,9.5031,15.0906,13.2554,21.4985,19.6438,18.3462,7.7655,39.7652,18.0712,15.0824,15.0435,9.6738,14.1303,12.3036,13.1950,16.2346,15.1085,11.0952,6.4173,14.5537,6.2437,6.8274,11.2020,9.1281,51.4435,9.4483,3.2546,12.5415,4.4608,12.3971,6.5289,8.0645,12.1560,17.0288,12.0742,39.6341,39.3153,11.0660,21.5990,17.5933,19.6268,13.3390,17.1711,65.9024,33.7009,13.1157,36.7862,7.9922,12.2468,16.2653,35.6651,37.8041,18.7026,11.3257,7.4622,8.7280,12.7655,51.3652,18.9068,19.3803,15.4832,11.3736,9.6410,29.0349,10.6923,31.8110,30.5618,-5.0706,2.1658,10.1181,32.8444,7.2974,2.3706,13.2175,39.3147,13.4544,14.9743,22.1312,58.2385,75.9666,65.4104,22.9356,18.8367,45.1200,15.7801,52.0105,43.6947,50.4133,17.8224,18.2417,55.5389,57.6383,46.0259,9.3767,12.9280,15.8939,25.2558,19.0351,16.3492,17.5558,45.3517,15.2193,36.6813,47.6285,54.2152,45.4272,46.2591,20.2063,38.3031,21.0524,5.4586,13.8502,13.4660,15.9293,16.1114,9.1529,18.2543,13.8994,12.7389,2.9845,31.2015,7.8328,28.9281,18.0603,33.0508,30.8628,42.8169,29.6562,5.0680,7.0630,18.5203,9.6144,11.4973,39.3175,26.1923,25.3393,32.7756,25.2939,21.8082,5.8775,16.9455,9.1409,23.9849,15.2009,2.9877,8.7613,46.0128,10.2555,9.3341,8.5132,3.8573,5.5931,6.8297,24.1593,42.5868,42.5982,15.2075,17.2908,22.2090,54.4083,45.3306,44.8262,52.1384,65.2415,17.7209,48.4130,17.6852,25.4181,21.9366,3.4429,13.4125,7.6129,27.3921,25.8368,37.8623,28.4447,30.2775,11.7514,54.5159,46.3232,37.5721,35.9441,45.0966,15.7987,42.0521,37.8805,37.9753,38.0682,38.1612,38.2554,38.3044,38.3973,38.4916,38.5873,38.6831,38.7801,38.8787,38.9790,39.0811,39.1851,39.2910,39.3988,39.5088,39.6210,39.7353,39.8520,39.9711,40.0926,40.2167,40.3434,40.4727,40.6047,40.7395,40.8771,41.0175,41.1608,41.3070,41.4561,41.6082,41.7631,41.9209,42.0815,42.2450,42.4111,42.5799,42.7512,42.9250,43.1010,43.2792,43.4593,43.6413,43.8247,44.0096,44.0503,44.2415
45135.7083333,2.8910,7.1132,10.8106,8.4366,16.6009,15.2801,14.2934,6.6850,21.8906,14.1136,11.6219,11.7223,7.4700,11.0003,15.8147,10.2682,12.6931,11.7976,8.6047,4.6634,11.8735,5.0961,5.1760,7.3412,7.2918,25.9768,9.7728,2.6114,9.8845,4.3693,6.8717,3.6907,7.3409,9.4018,14.3469,7.7752,18.2990,39.1005,11.8559,16.9388,13.6144,15.0931,17.4315,13.3891,65.2435,16.6698,10.2154,36.9090,5.2045,9.4622,12.5673,16.3549,37.2345,12.2002,5.3090,8.7982,9.6302,11.2076,20.8490,14.8093,15.1981,12.0863,7.4708,3.4976,9.5195,4.7120,31.5639,16.5208,-4.1387,1.5645,7.1749,11.5978,6.3265,1.7310,10.2257,14.4783,10.4746,13.0746,11.0457,60.5032,36.4938,32.2187,15.0421,14.7096,20.5017,10.0434,51.9014,43.9113,23.3302,13.9545,14.1117,55.7040,27.9212,17.7687,7.2298,9.9723,12.2939,19.7678,14.8748,12.7604,13.7575,45.0286,11.8901,19.7802,15.2178,52.7664,44.0913,45.3599,18.7434,36.7295,19.3586,4.1746,11.2748,15.5121,12.4276,16.4603,6.4840,11.9569,10.5963,10.6409,2.2545,30.4175,6.0108,14.3309,18.9825,32.4394,15.6857,41.8610,14.6333,3.7145,5.4722,17.7206,9.5567,9.8214,39.4771,25.7725,24.7985,32.0540,24.6473,9.3418,5.8544,9.7499,7.0394,23.1266,11.8806,2.4026,3.9367,16.6037,10.6356,6.6886,6.5389,3.3460,4.2885,3.7301,23.8439,13.1834,14.3252,11.5958,12.3345,21.3055,53.8899,18.3296,25.2004,51.6922,65.3979,13.1111,48.1247,17.6072,24.5049,20.9262,2.9938,12.3667,5.9020,15.7967,24.7069,37.1375,27.8940,29.6874,9.1990,53.8979,45.8217,37.2932,35.9106,45.3394,12.3602,41.7044,37.4020,37.4808,37.5580,37.6351,37.7132,37.7546,37.8315,37.9094,37.9884,38.0673,38.1471,38.2281,38.3104,38.3940,38.4790,38.5654,38.6532,38.7427,38.8337,38.9264,39.0208,39.1170,39.2150,39.3148,39.4167,39.5204,39.6262,39.7341,39.8440,39.9560,40.0702,40.1865,40.3050,40.4257,40.5485,40.6734,40.8004,40.9295,41.0606,41.1936,41.3285,41.4652,41.6035,41.7433,41.8845,42.0270,42.1706,42.3151,42.3427,42.4920
45135.7500000,2.2867,5.7599,7.0618,6.6723,11.5819,9.5343,8.6658,4.7238,8.3937,8.7778,7.8643,7.1603,4.3796,6.8006,6.2156,6.3696,8.1166,7.4603,5.3252,3.7435,8.9828,3.7501,3.3352,5.4968,5.7647,13.1592,5.5241,2.0642,7.0530,2.8834,5.5661,2.9173,4.8752,7.1399,8.4942,5.6888,7.9479,17.7595,3.2048,10.9919,9.1274,10.0100,6.0436,7.9553,31.2695,8.5156,6.3991,8.0658,3.9248,5.5696,8.1628,8.1014,17.2567,9.2853,3.4524,5.2604,4.9378,7.7560,12.2217,9.3373,9.1792,7.4614,3.7439,2.7635,4.8250,3.7219,14.0562,10.4066,-2.2694,1.1171,5.4164,5.2875,4.3677,1.2264,5.7416,7.6130,6.1900,8.9749,5.5858,8.0693,18.9163,16.6490,11.3885,9.1968,6.8347,7.5255,12.7844,9.7907,14.4012,8.8084,10.7148,14.2566,13.7349,9.3736,4.7964,7.3788,7.8669,12.1138,9.4677,8.0094,8.3809,20.8312,7.2149,9.4408,11.4041,26.0190,21.5775,21.6850,9.1466,18.2074,9.7281,2.7968,7.9643,6.8345,8.8077,9.5941,5.0106,9.0603,7.2811,7.8133,1.5610,7.2388,4.0742,7.2889,9.9523,7.7515,8.0413,20.0168,7.1136,2.5451,4.5250,3.7926,4.6647,6.3990,17.4989,11.3904,11.0522,14.8710,11.1051,4.7886,3.6780,7.3581,4.7474,10.6082,7.3553,1.8953,3.0932,9.2411,5.9963,4.7706,4.3689,1.5979,2.8609,2.0348,6.0815,8.9078,9.7239,9.4452,8.3587,5.6879,16.9597,10.2706,13.4290,13.5646,14.8727,9.3502,22.3990,8.3738,6.8771,9.8055,1.3894,3.4968,3.6842,8.8396,7.3781,17.6025,12.8072,13.7574,5.9162,14.8593,21.6916,9.2073,9.8541,10.6333,7.6191,10.9572,10.0537,10.2109,10.3724,10.5398,10.7142,10.8662,11.0533,11.2485,11.4525,11.6648,11.8866,12.1187,12.3616,12.6161,18.4421,18.5163,18.5917,18.6685,18.7466,18.8261,18.9071,18.9895,19.0734,19.1589,19.2460,19.3347,19.4251,19.5171,19.6108,19.7062,19.8034,19.9022,20.0028,20.1052,20.2092,20.3149,20.4223,20.5313,20.6418,20.7539,20.8674,20.9823,21.0984,21.2157,21.3340,21.4533,21.5734,21.6940,21.7218,21.8461
45135.7916667,1.4935,3.6802,4.6654,4.3578,7.5528,5.9675,5.2847,2.6171,5.3848,5.3866,4.8581,4.3777,2.8603,4.1509,3.7799,3.9101,5.0877,4.6394,3.3923,2.4247,5.7603,2.2763,2.1782,3.5630,3.7649,7.7858,3.6077,1.3481,4.5882,1.4836,3.3897,1.9052,2.4705,3.8256,3.7345,3.2101,5.0514,5.1885,1.9673,6.8402,5.9608,6.3116,3.6389,4.8620,10.6409,5.0665,3.9444,4.4145,2.4422,3.3459,5.1027,4.8237,5.9192,5.9094,2.2546,2.2478,2.7131,4.1869,7.6446,5.7271,5.9944,4.5474,2.0024,1.8047,2.9088,2.4305,7.1042,5.6721,-1.3095,0.7289,3.5109,3.4896,2.8261,0.7983,3.7494,4.9714,4.0422,4.7735,3.3310,5.2694,11.1590,9.7952,7.0888,5.6506,4.4630,4.6704,7.3151,5.3938,6.3652,5.4496,6.6726,7.4452,8.4407,6.1209,3.0867,4.0526,4.8938,7.4340,5.8243,4.9520,5.4759,10.7774,4.6742,5.2770,7.6054,13.9856,7.6304,7.2242,3.5569,6.7327,5.3126,1.7701,5.1697,4.2595,5.0283,5.5453,3.3019,5.7134,4.6999,5.0112,1.0030,4.5851,2.5787,4.3040,3.5611,5.0161,4.9574,6.7275,4.1309,1.5970,2.8826,2.5330,3.1149,3.2584,4.7395,3.2614,5.5984,7.7201,5.6665,2.8282,1.8181,4.3725,3.0575,5.4791,4.7592,1.2375,2.0197,6.0338,3.8782,2.9921,2.7592,0.9948,1.8011,1.3448,3.3370,5.6795,6.3380,6.1002,5.5018,3.2884,8.4401,6.1704,7.8782,7.8158,9.2672,6.0191,7.0804,4.5292,4.5085,3.9554,0.8807,2.0529,2.2766,4.7522,4.3284,9.2495,4.1532,4.5320,3.6831,8.6296,11.3795,5.3130,4.7803,5.9549,4.6835,6.3667,5.6878,5.7416,5.7958,5.8513,5.9086,5.9486,6.0086,6.0711,6.1362,6.5192,6.2487,6.3184,6.3914,6.4679,6.5482,6.6326,6.7216,6.8156,6.9150,7.8534,7.1157,7.2317,7.3550,7.4864,7.6265,7.7762,7.9364,8.1081,8.2923,10.6011,10.6664,10.7330,10.8007,10.8695,10.9396,11.0108,11.0831,11.1565,11.2309,11.3064,11.3829,11.4603,11.5385,11.6176,11.6973,11.7777,11.8587,11.9400,11.9604,12.0442
45135.8333333,0.4956,1.1352,1.5152,1.4457,2.5054,1.9396,1.7425,0.8681,1.7101,1.7766,1.6068,1.4461,0.9488,1.3768,1.2538,1.2901,1.6625,1.5338,1.1142,0.7856,1.8109,0.7549,0.7224,1.1816,1.2485,2.5652,1.1962,0.4470,1.4919,0.4919,0.9534,0.6316,0.8190,1.2683,1.2380,1.0642,1.6746,1.7200,0.6097,2.2572,1.9759,2.0791,1.2003,1.6054,3.3807,1.6697,1.3005,1.4400,0.8020,1.1021,1.6859,1.5669,1.7833,1.9266,0.7471,0.7448,0.8990,1.3874,2.4667,1.8978,1.9864,1.5069,0.6636,0.5980,0.9221,0.8051,1.3172,1.2702,-0.4295,0.2420,1.1630,1.1293,0.9362,0.2644,1.2419,1.6467,1.3389,1.5811,1.1033,1.7451,3.6949,3.2433,2.3400,1.8601,1.4775,1.5348,2.3825,1.7857,2.0749,1.7904,1.9558,2.4649,2.7512,2.0262,1.0146,1.3415,1.6139,2.4486,1.9170,1.6317,1.7973,2.1016,1.5453,1.6371,2.3961,3.0603,2.5254,2.3908,1.1771,2.2282,1.3198,0.5846,1.6721,1.4035,1.6559,1.4125,1.0705,1.8793,1.5326,1.5782,0.3316,1.5070,0.8515,1.4155,1.1777,1.5384,1.6203,2.2238,1.3573,0.4913,0.8999,0.8096,0.9102,1.0777,1.5676,1.0787,1.0816,1.5700,1.1235,0.9354,0.6013,1.4129,0.9951,1.1401,1.5648,0.4093,0.6679,1.9953,1.2824,0.9698,0.9124,0.3290,0.5943,0.4106,0.9353,1.8221,2.0914,1.9475,1.7967,1.0784,2.7078,2.0298,2.1074,2.5591,3.0387,1.9013,2.2849,1.4157,1.2749,1.1283,0.2910,0.6747,0.7492,1.4618,1.4255,1.9269,1.3317,1.4544,1.2127,2.8230,2.3202,1.7403,1.5469,1.9424,1.5387,2.0273,1.8532,1.8680,1.8825,1.8970,1.9117,1.9203,1.9349,1.9497,1.9647,1.9798,1.9951,2.0106,2.0264,2.0424,2.0587,2.0753,2.0922,2.1095,2.1270,2.1448,2.1630,2.1815,2.2004,2.2196,2.2392,2.2592,2.2796,2.3003,2.3214,2.3430,2.3649,2.3872,2.4100,2.4331,2.4567,2.4806,2.5049,2.5296,2.5546,2.5801,2.6058,2.6319,2.6583,2.6849,2.7118,2.7389,2.7663,2.7937,2.8010,2.8294
45135.8750000,0.0000,0.0000,0.0000,0.0000,0.0000,0.0000,0.0000,0.0000,0.0000,0.0000,0.0000,0.0000,0.0000,0.0000,0.0000,0.0000,0.0000,0.0000,0.0000,0.0000,0.0000,0.0000,0.0000,0.0000,0.0000,0.0000,0.0000,0.0000,0.0000,0.0000,0.0000,0.0000,0.0000,0.0000,0.0000,0.0000,0.0000,0.0000,0.0000,0.0000,0.0000,0.0000,0.0000,0.0000,0.0000,0.0000,0.0000,0.0000,0.0000,0.0000,0.0000,0.0000,0.0000,0.0000,0.0000,0.0000,0.0000,0.0000,0.0000,0.0000,0.0000,0.0000,0.0000,0.0000,0.0000,0.0000,0.0000,0.0000,0.0000,0.0000,0.0000,0.0000,0.0000,0.0000,0.0000,0.0000,0.0000,0.0000,0.0000,0.0000,0.0000,0.0000,0.0000,0.0000,0.0000,0.0000,0.0000,0.0000,0.0000,0.0000,0.0000,0.0000,0.0000,0.0000,0.0000,0.0000,0.0000,0.0000,0.0000,0.0000,0.0000,0.0000,0.0000,0.0000,0.0000,0.0000,0.0000,0.0000,0.0000,0.0000,0.0000,0.0000,0.0000,0.0000,0.0000,0.0000,0.0000,0.0000,0.0000,0.0000,0.0000,0.0000,0.0000,0.0000,0.0000,0.0000,0.0000,0.0000,0.0000,0.0000,0.0000,0.0000,0.0000,0.0000,0.0000,0.0000,0.0000,0.0000,0.0000,0.0000,0.0000,0.0000,0.0000,0.0000,0.0000,0.0000,0.0000,0.0000,0.0000,0.0000,0.0000,0.0000,0.0000,0.0000,0.0000,0.0000,0.0000,0.0000,0.0000,0.0000,0.0000,0.0000,0.0000,0.0000,0.0000,0.0000,0.0000,0.0000,0.0000,0.0000,0.0000,0.0000,0.0000,0.0000,0.0000,0.0000,0.0000,0.0000,0.0000,0.0000,0.0000,0.0000,0.0000,0.0000,0.0000,0.0000,0.0000,0.0000,0.0000,0.0000,0.0000,0.0000,0.0000,0.0000,0.0000,0.0000,0.0000,0.0000,0.0000,0.0000,0.0000,0.0000,0.0000,0.0000,0.0000,0.0000,0.0000,0.0000,0.0000,0.0000,0.0000,0.0000,0.0000,0.0000,0.0000,0.0000,0.0000,0.0000,0.0000,0.0000,0.0000,0.0000,0.0000,0.0000,0.0000,0.0000,0.0000,0.0000,0.0000,0.0000,0.0000,0.0000,0.0000,0.0000,0.0000,0.0000
45135.9166667,0.0000,0.0000,0.0000,0.0000,0.0000,0.0000,0.0000,0.0000,0.0000,0.0000,0.0000,0.0000,0.0000,0.0000,0.0000,0.0000,0.0000,0.0000,0.0000,0.0000,0.0000,0.0000,0.0000,0.0000,0.0000,0.0000,0.0000,0.0000,0.0000,0.0000,0.0000,0.0000,0.0000,0.0000,0.0000,0.0000,0.0000,0.0000,0.0000,0.0000,0.0000,0.0000,0.0000,0.0000,0.0000,0.0000,0.0000,0.0000,0.0000,0.0000,0.0000,0.0000,0.0000,0.0000,0.0000,0.0000,0.0000,0.0000,0.0000,0.0000,0.0000,0.0000,0.0000,0.0000,0.0000,0.0000,0.0000,0.0000,0.0000,0.0000,0.0000,0.0000,0.0000,0.0000,0.0000,0.0000,0.0000,0.0000,0.0000,0.0000,0.0000,0.0000,0.0000,0.0000,0.0000,0.0000,0.0000,0.0000,0.0000,0.0000,0.0000,0.0000,0.0000,0.0000,0.0000,0.0000,0.0000,0.0000,0.0000,0.0000,0.0000,0.0000,0.0000,0.0000,0.0000,0.0000,0.0000,0.0000,0.0000,0.0000,0.0000,0.0000,0.0000,0.0000,0.0000,0.0000,0.0000,0.0000,0.0000,0.0000,0.0000,0.0000,0.0000,0.0000,0.0000,0.0000,0.0000,0.0000,0.0000,0.0000,0.0000,0.0000,0.0000,0.0000,0.0000,0.0000,0.0000,0.0000,0.0000,0.0000,0.0000,0.0000,0.0000,0.0000,0.0000,0.0000,0.0000,0.0000,0.0000,0.0000,0.0000,0.0000,0.0000,0.0000,0.0000,0.0000,0.0000,0.0000,0.0000,0.0000,0.0000,0.0000,0.0000,0.0000,0.0000,0.0000,0.0000,0.0000,0.0000,0.0000,0.0000,0.0000,0.0000,0.0000,0.0000,0.0000,0.0000,0.0000,0.0000,0.0000,0.0000,0.0000,0.0000,0.0000,0.0000,0.0000,0.0000,0.0000,0.0000,0.0000,0.0000,0.0000,0.0000,0.0000,0.0000,0.0000,0.0000,0.0000,0.0000,0.0000,0.0000,0.0000,0.0000,0.0000,0.0000,0.0000,0.0000,0.0000,0.0000,0.0000,0.0000,0.0000,0.0000,0.0000,0.0000,0.0000,0.0000,0.0000,0.0000,0.0000,0.0000,0.0000,0.0000,0.0000,0.0000,0.0000,0.0000,0.0000,0.0000,0.0000,0.0000,0.0000,0.0000,0.0000,0.0000,0.0000
45135.9583333,0.0000,0.0000,0.0000,0.0000,0.0000,0.0000,0.0000,0.0000,0.0000,0.0000,0.0000,0.0000,0.0000,0.0000,0.0000,0.0000,0.0000,0.0000,0.0000,0.0000,0.0000,0.0000,0.0000,0.0000,0.0000,0.0000,0.0000,0.0000,0.0000,0.0000,0.0000,0.0000,0.0000,0.0000,0.0000,0.0000,0.0000,0.0000,0.0000,0.0000,0.0000,0.0000,0.0000,0.0000,0.0000,0.0000,0.0000,0.0000,0.0000,0.0000,0.0000,0.0000,0.0000,0.0000,0.0000,0.0000,0.0000,0.0000,0.0000,0.0000,0.0000,0.0000,0.0000,0.0000,0.0000,0.0000,0.0000,0.0000,0.0000,0.0000,0.0000,0.0000,0.0000,0.0000,0.0000,0.0000,0.0000,0.0000,0.0000,0.0000,0.0000,0.0000,0.0000,0.0000,0.0000,0.0000,0.0000,0.0000,0.0000,0.0000,0.0000,0.0000,0.0000,0.0000,0.0000,0.0000,0.0000,0.0000,0.0000,0.0000,0.0000,0.0000,0.0000,0.0000,0.0000,0.0000,0.0000,0.0000,0.0000,0.0000,0.0000,0.0000,0.0000,0.0000,0.0000,0.0000,0.0000,0.0000,0.0000,0.0000,0.0000,0.0000,0.0000,0.0000,0.0000,0.0000,0.0000,0.0000,0.0000,0.0000,0.0000,0.0000,0.0000,0.0000,0.0000,0.0000,0.0000,0.0000,0.0000,0.0000,0.0000,0.0000,0.0000,0.0000,0.0000,0.0000,0.0000,0.0000,0.0000,0.0000,0.0000,0.0000,0.0000,0.0000,0.0000,0.0000,0.0000,0.0000,0.0000,0.0000,0.0000,0.0000,0.0000,0.0000,0.0000,0.0000,0.0000,0.0000,0.0000,0.0000,0.0000,0.0000,0.0000,0.0000,0.0000,0.0000,0.0000,0.0000,0.0000,0.0000,0.0000,0.0000,0.0000,0.0000,0.0000,0.0000,0.0000,0.0000,0.0000,0.0000,0.0000,0.0000,0.0000,0.0000,0.0000,0.0000,0.0000,0.0000,0.0000,0.0000,0.0000,0.0000,0.0000,0.0000,0.0000,0.0000,0.0000,0.0000,0.0000,0.0000,0.0000,0.0000,0.0000,0.0000,0.0000,0.0000,0.0000,0.0000,0.0000,0.0000,0.0000,0.0000,0.0000,0.0000,0.0000,0.0000,0.0000,0.0000,0.0000,0.0000,0.0000,0.0000,0.0000,0.0000,0.0000,0.0000
45136.0000000,0.0000,0.0000,0.0000,0.0000,0.0000,0.0000,0.0000,0.0000,0.0000,0.0000,0.0000,0.0000,0.0000,0.0000,0.0000,0.0000,0.0000,0.0000,0.0000,0.0000,0.0000,0.0000,0.0000,0.0000,0.0000,0.0000,0.0000,0.0000,0.0000,0.0000,0.0000,0.0000,0.0000,0.0000,0.0000,0.0000,0.0000,0.0000,0.0000,0.0000,0.0000,0.0000,0.0000,0.0000,0.0000,0.0000,0.0000,0.0000,0.0000,0.0000,0.0000,0.0000,0.0000,0.0000,0.0000,0.0000,0.0000,0.0000,0.0000,0.0000,0.0000,0.0000,0.0000,0.0000,0.0000,0.0000,0.0000,0.0000,0.0000,0.0000,0.0000,0.0000,0.0000,0.0000,0.0000,0.0000,0.0000,0.0000,0.0000,0.0000,0.0000,0.0000,0.0000,0.0000,0.0000,0.0000,0.0000,0.0000,0.0000,0.0000,0.0000,0.0000,0.0000,0.0000,0.0000,0.0000,0.0000,0.0000,0.0000,0.0000,0.0000,0.0000,0.0000,0.0000,0.0000,0.0000,0.0000,0.0000,0.0000,0.0000,0.0000,0.0000,0.0000,0.0000,0.0000,0.0000,0.0000,0.0000,0.0000,0.0000,0.0000,0.0000,0.0000,0.0000,0.0000,0.0000,0.0000,0.0000,0.0000,0.0000,0.0000,0.0000,0.0000,0.0000,0.0000,0.0000,0.0000,0.0000,0.0000,0.0000,0.0000,0.0000,0.0000,0.0000,0.0000,0.0000,0.0000,0.0000,0.0000,0.0000,0.0000,0.0000,0.0000,0.0000,0.0000,0.0000,0.0000,0.0000,0.0000,0.0000,0.0000,0.0000,0.0000,0.0000,0.0000,0.0000,0.0000,0.0000,0.0000,0.0000,0.0000,0.0000,0.0000,0.0000,0.0000,0.0000,0.0000,0.0000,0.0000,0.0000,0.0000,0.0000,0.0000,0.0000,0.0000,0.0000,0.0000,0.0000,0.0000,0.0000,0.0000,0.0000,0.0000,0.0000,0.0000,0.0000,0.0000,0.0000,0.0000,0.0000,0.0000,0.0000,0.0000,0.0000,0.0000,0.0000,0.0000,0.0000,0.0000,0.0000,0.0000,0.0000,0.0000,0.0000,0.0000,0.0000,0.0000,0.0000,0.0000,0.0000,0.0000,0.0000,0.0000,0.0000,0.0000,0.0000,0.0000,0.0000,0.0000,0.0000,0.0000,0.0000,0.0000,0.0000,0.0000,0.0000
45136.0416667,0.0000,0.0000,0.0000,0.0000,0.0000,0.0000,0.0000,0.0000,0.0000,0.0000,0.0000,0.0000,0.0000,0.0000,0.0000,0.0000,0.0000,0.0000,0.0000,0.0000,0.0000,0.0000,0.0000,0.0000,0.0000,0.0000,0.0000,0.0000,0.0000,0.0000,0.0000,0.0000,0.0000,0.0000,0.0000,0.0000,0.0000,0.0000,0.0000,0.0000,0.0000,0.0000,0.0000,0.0000,0.0000,0.0000,0.0000,0.0000,0.0000,0.0000,0.0000,0.0000,0.0000,0.0000,0.0000,0.0000,0.0000,0.0000,0.0000,0.0000,0.0000,0.0000,0.0000,0.0000,0.0000,0.0000,0.0000,0.0000,0.0000,0.0000,0.0000,0.0000,0.0000,0.0000,0.0000,0.0000,0.0000,0.0000,0.0000,0.0000,0.0000,0.0000,0.0000,0.0000,0.0000,0.0000,0.0000,0.0000,0.0000,0.0000,0.0000,0.0000,0.0000,0.0000,0.0000,0.0000,0.0000,0.0000,0.0000,0.0000,0.0000,0.0000,0.0000,0.0000,0.0000,0.0000,0.0000,0.0000,0.0000,0.0000,0.0000,0.0000,0.0000,0.0000,0.0000,0.0000,0.0000,0.0000,0.0000,0.0000,0.0000,0.0000,0.0000,0.0000,0.0000,0.0000,0.0000,0.0000,0.0000,0.0000,0.0000,0.0000,0.0000,0.0000,0.0000,0.0000,0.0000,0.0000,0.0000,0.0000,0.0000,0.0000,0.0000,0.0000,0.0000,0.0000,0.0000,0.0000,0.0000,0.0000,0.0000,0.0000,0.0000,0.0000,0.0000,0.0000,0.0000,0.0000,0.0000,0.0000,0.0000,0.0000,0.0000,0.0000,0.0000,0.0000,0.0000,0.0000,0.0000,0.0000,0.0000,0.0000,0.0000,0.0000,0.0000,0.0000,0.0000,0.0000,0.0000,0.0000,0.0000,0.0000,0.0000,0.0000,0.0000,0.0000,0.0000,0.0000,0.0000,0.0000,0.0000,0.0000,0.0000,0.0000,0.0000,0.0000,0.0000,0.0000,0.0000,0.0000,0.0000,0.0000,0.0000,0.0000,0.0000,0.0000,0.0000,0.0000,0.0000,0.0000,0.0000,0.0000,0.0000,0.0000,0.0000,0.0000,0.0000,0.0000,0.0000,0.0000,0.0000,0.0000,0.0000,0.0000,0.0000,0.0000,0.0000,0.0000,0.0000,0.0000,0.0000,0.0000,0.0000,0.0000,0.0000,0.0000
45136.0833333,0.0000,0.0000,0.0000,0.0000,0.0000,0.0000,0.0000,0.0000,0.0000,0.0000,0.0000,0.0000,0.0000,0.0000,0.0000,0.0000,0.0000,0.0000,0.0000,0.0000,0.0000,0.0000,0.0000,0.0000,0.0000,0.0000,0.0000,0.0000,0.0000,0.0000,0.0000,0.0000,0.0000,0.0000,0.0000,0.0000,0.0000,0.0000,0.0000,0.0000,0.0000,0.0000,0.0000,0.0000,0.0000,0.0000,0.0000,0.0000,0.0000,0.0000,0.0000,0.0000,0.0000,0.0000,0.0000,0.0000,0.0000,0.0000,0.0000,0.0000,0.0000,0.0000,0.0000,0.0000,0.0000,0.0000,0.0000,0.0000,0.0000,0.0000,0.0000,0.0000,0.0000,0.0000,0.0000,0.0000,0.0000,0.0000,0.0000,0.0000,0.0000,0.0000,0.0000,0.0000,0.0000,0.0000,0.0000,0.0000,0.0000,0.0000,0.0000,0.0000,0.0000,0.0000,0.0000,0.0000,0.0000,0.0000,0.0000,0.0000,0.0000,0.0000,0.0000,0.0000,0.0000,0.0000,0.0000,0.0000,0.0000,0.0000,0.0000,0.0000,0.0000,0.0000,0.0000,0.0000,0.0000,0.0000,0.0000,0.0000,0.0000,0.0000,0.0000,0.0000,0.0000,0.0000,0.0000,0.0000,0.0000,0.0000,0.0000,0.0000,0.0000,0.0000,0.0000,0.0000,0.0000,0.0000,0.0000,0.0000,0.0000,0.0000,0.0000,0.0000,0.0000,0.0000,0.0000,0.0000,0.0000,0.0000,0.0000,0.0000,0.0000,0.0000,0.0000,0.0000,0.0000,0.0000,0.0000,0.0000,0.0000,0.0000,0.0000,0.0000,0.0000,0.0000,0.0000,0.0000,0.0000,0.0000,0.0000,0.0000,0.0000,0.0000,0.0000,0.0000,0.0000,0.0000,0.0000,0.0000,0.0000,0.0000,0.0000,0.0000,0.0000,0.0000,0.0000,0.0000,0.0000,0.0000,0.0000,0.0000,0.0000,0.0000,0.0000,0.0000,0.0000,0.0000,0.0000,0.0000,0.0000,0.0000,0.0000,0.0000,0.0000,0.0000,0.0000,0.0000,0.0000,0.0000,0.0000,0.0000,0.0000,0.0000,0.0000,0.0000,0.0000,0.0000,0.0000,0.0000,0.0000,0.0000,0.0000,0.0000,0.0000,0.0000,0.0000,0.0000,0.0000,0.0000,0.0000,0.0000,0.0000,0.0000,0.0000,0.0000
45136.1250000,0.0000,0.0000,0.0000,0.0000,0.0000,0.0000,0.0000,0.0000,0.0000,0.0000,0.0000,0.0000,0.0000,0.0000,0.0000,0.0000,0.0000,0.0000,0.0000,0.0000,0.0000,0.0000,0.0000,0.0000,0.0000,0.0000,0.0000,0.0000,0.0000,0.0000,0.0000,0.0000,0.0000,0.0000,0.0000,0.0000,0.0000,0.0000,0.0000,0.0000,0.0000,0.0000,0.0000,0.0000,0.0000,0.0000,0.0000,0.0000,0.0000,0.0000,0.0000,0.0000,0.0000,0.0000,0.0000,0.0000,0.0000,0.0000,0.0000,0.0000,0.0000,0.0000,0.0000,0.0000,0.0000,0.0000,0.0000,0.0000,0.0000,0.0000,0.0000,0.0000,0.0000,0.0000,0.0000,0.0000,0.0000,0.0000,0.0000,0.0000,0.0000,0.0000,0.0000,0.0000,0.0000,0.0000,0.0000,0.0000,0.0000,0.0000,0.0000,0.0000,0.0000,0.0000,0.0000,0.0000,0.0000,0.0000,0.0000,0.0000,0.0000,0.0000,0.0000,0.0000,0.0000,0.0000,0.0000,0.0000,0.0000,0.0000,0.0000,0.0000,0.0000,0.0000,0.0000,0.0000,0.0000,0.0000,0.0000,0.0000,0.0000,0.0000,0.0000,0.0000,0.0000,0.0000,0.0000,0.0000,0.0000,0.0000,0.0000,0.0000,0.0000,0.0000,0.0000,0.0000,0.0000,0.0000,0.0000,0.0000,0.0000,0.0000,0.0000,0.0000,0.0000,0.0000,0.0000,0.0000,0.0000,0.0000,0.0000,0.0000,0.0000,0.0000,0.0000,0.0000,0.0000,0.0000,0.0000,0.0000,0.0000,0.0000,0.0000,0.0000,0.0000,0.0000,0.0000,0.0000,0.0000,0.0000,0.0000,0.0000,0.0000,0.0000,0.0000,0.0000,0.0000,0.0000,0.0000,0.0000,0.0000,0.0000,0.0000,0.0000,0.0000,0.0000,0.0000,0.0000,0.0000,0.0000,0.0000,0.0000,0.0000,0.0000,0.0000,0.0000,0.0000,0.0000,0.0000,0.0000,0.0000,0.0000,0.0000,0.0000,0.0000,0.0000,0.0000,0.0000,0.0000,0.0000,0.0000,0.0000,0.0000,0.0000,0.0000,0.0000,0.0000,0.0000,0.0000,0.0000,0.0000,0.0000,0.0000,0.0000,0.0000,0.0000,0.0000,0.0000,0.0000,0.0000,0.0000,0.0000,0.0000,0.0000,0.0000,0.0000
45136.1666667,0.0000,0.0000,0.0000,0.0000,0.0000,0.0000,0.0000,0.0000,0.0000,0.0000,0.0000,0.0000,0.0000,0.0000,0.0000,0.0000,0.0000,0.0000,0.0000,0.0000,0.0000,0.0000,0.0000,0.0000,0.0000,0.0000,0.0000,0.0000,0.0000,0.0000,0.0000,0.0000,0.0000,0.0000,0.0000,0.0000,0.0000,0.0000,0.0000,0.0000,0.0000,0.0000,0.0000,0.0000,0.0000,0.0000,0.0000,0.0000,0.0000,0.0000,0.0000,0.0000,0.0000,0.0000,0.0000,0.0000,0.0000,0.0000,0.0000,0.0000,0.0000,0.0000,0.0000,0.0000,0.0000,0.0000,0.0000,0.0000,0.0000,0.0000,0.0000,0.0000,0.0000,0.0000,0.0000,0.0000,0.0000,0.0000,0.0000,0.0000,0.0000,0.0000,0.0000,0.0000,0.0000,0.0000,0.0000,0.0000,0.0000,0.0000,0.0000,0.0000,0.0000,0.0000,0.0000,0.0000,0.0000,0.0000,0.0000,0.0000,0.0000,0.0000,0.0000,0.0000,0.0000,0.0000,0.0000,0.0000,0.0000,0.0000,0.0000,0.0000,0.0000,0.0000,0.0000,0.0000,0.0000,0.0000,0.0000,0.0000,0.0000,0.0000,0.0000,0.0000,0.0000,0.0000,0.0000,0.0000,0.0000,0.0000,0.0000,0.0000,0.0000,0.0000,0.0000,0.0000,0.0000,0.0000,0.0000,0.0000,0.0000,0.0000,0.0000,0.0000,0.0000,0.0000,0.0000,0.0000,0.0000,0.0000,0.0000,0.0000,0.0000,0.0000,0.0000,0.0000,0.0000,0.0000,0.0000,0.0000,0.0000,0.0000,0.0000,0.0000,0.0000,0.0000,0.0000,0.0000,0.0000,0.0000,0.0000,0.0000,0.0000,0.0000,0.0000,0.0000,0.0000,0.0000,0.0000,0.0000,0.0000,0.0000,0.0000,0.0000,0.0000,0.0000,0.0000,0.0000,0.0000,0.0000,0.0000,0.0000,0.0000,0.0000,0.0000,0.0000,0.0000,0.0000,0.0000,0.0000,0.0000,0.0000,0.0000,0.0000,0.0000,0.0000,0.0000,0.0000,0.0000,0.0000,0.0000,0.0000,0.0000,0.0000,0.0000,0.0000,0.0000,0.0000,0.0000,0.0000,0.0000,0.0000,0.0000,0.0000,0.0000,0.0000,0.0000,0.0000,0.0000,0.0000,0.0000,0.0000,0.0000,0.0000,0.0000,0.0000
45136.2083333,0.0000,0.0000,0.0000,0.0000,0.0000,0.0000,0.0000,0.0000,0.0000,0.0000,0.0000,0.0000,0.0000,0.0000,0.0000,0.0000,0.0000,0.0000,0.0000,0.0000,0.0000,0.0000,0.0000,0.0000,0.0000,0.0000,0.0000,0.0000,0.0000,0.0000,0.0000,0.0000,0.0000,0.0000,0.0000,0.0000,0.0000,0.0000,0.0000,0.0000,0.0000,0.0000,0.0000,0.0000,0.0000,0.0000,0.0000,0.0000,0.0000,0.0000,0.0000,0.0000,0.0000,0.0000,0.0000,0.0000,0.0000,0.0000,0.0000,0.0000,0.0000,0.0000,0.0000,0.0000,0.0000,0.0000,0.0000,0.0000,0.0000,0.0000,0.0000,0.0000,0.0000,0.0000,0.0000,0.0000,0.0000,0.0000,0.0000,0.0000,0.0000,0.0000,0.0000,0.0000,0.0000,0.0000,0.0000,0.0000,0.0000,0.0000,0.0000,0.0000,0.0000,0.0000,0.0000,0.0000,0.0000,0.0000,0.0000,0.0000,0.0000,0.0000,0.0000,0.0000,0.0000,0.0000,0.0000,0.0000,0.0000,0.0000,0.0000,0.0000,0.0000,0.0000,0.0000,0.0000,0.0000,0.0000,0.0000,0.0000,0.0000,0.0000,0.0000,0.0000,0.0000,0.0000,0.0000,0.0000,0.0000,0.0000,0.0000,0.0000,0.0000,0.0000,0.0000,0.0000,0.0000,0.0000,0.0000,0.0000,0.0000,0.0000,0.0000,0.0000,0.0000,0.0000,0.0000,0.0000,0.0000,0.0000,0.0000,0.0000,0.0000,0.0000,0.0000,0.0000,0.0000,0.0000,0.0000,0.0000,0.0000,0.0000,0.0000,0.0000,0.0000,0.0000,0.0000,0.0000,0.0000,0.0000,0.0000,0.0000,0.0000,0.0000,0.0000,0.0000,0.0000,0.0000,0.0000,0.0000,0.0000,0.0000,0.0000,0.0000,0.0000,0.0000,0.0000,0.0000,0.0000,0.0000,0.0000,0.0000,0.0000,0.0000,0.0000,0.0000,0.0000,0.0000,0.0000,0.0000,0.0000,0.0000,0.0000,0.0000,0.0000,0.0000,0.0000,0.0000,0.0000,0.0000,0.0000,0.0000,0.0000,0.0000,0.0000,0.0000,0.0000,0.0000,0.0000,0.0000,0.0000,0.0000,0.0000,0.0000,0.0000,0.0000,0.0000,0.0000,0.0000,0.0000,0.0000,0.0000,0.0000,0.0000,0.0000,0.0000
45136.2500000,0.0791,0.1828,0.2428,0.2331,0.4061,0.3124,0.2803,0.1373,0.2733,0.2846,0.2572,0.2305,0.1478,0.2187,0.1996,0.2042,0.2642,0.2432,0.1744,0.1212,0.2902,0.1199,0.1127,0.1877,0.1982,0.4125,0.1907,0.0696,0.2368,0.0760,0.1507,0.1006,0.1301,0.2013,0.1975,0.1685,0.2678,0.2748,0.0960,0.3619,0.3172,0.3333,0.1923,0.2576,0.5467,0.2645,0.2055,0.2298,0.1240,0.1755,0.2694,0.2493,0.2841,0.3085,0.1168,0.1188,0.1429,0.2223,0.3972,0.3041,0.3180,0.2406,0.1060,0.0957,0.1468,0.1285,0.2101,0.2027,-0.0770,0.0353,0.1880,0.1840,0.1526,0.0407,0.2032,0.2698,0.2191,0.2599,0.1813,0.2873,0.6084,0.5338,0.3848,0.3056,0.2428,0.2519,0.3918,0.2935,0.3413,0.2941,0.3217,0.4058,0.4528,0.3333,0.1664,0.2204,0.2653,0.4032,0.3152,0.2681,0.2953,0.3456,0.2507,0.2659,0.3904,0.4990,0.4109,0.3890,0.1878,0.3612,0.2106,0.0918,0.2717,0.2274,0.2689,0.2289,0.1729,0.3056,0.2490,0.2561,0.0508,0.2440,0.1369,0.2289,0.1917,0.2496,0.2623,0.3619,0.2199,0.0781,0.1449,0.1299,0.1468,0.1747,0.2553,0.1746,0.1749,0.2548,0.1816,0.1508,0.0967,0.2290,0.1607,0.1840,0.2541,0.0649,0.1070,0.3254,0.2085,0.1575,0.1474,0.0510,0.0942,0.0658,0.1513,0.2970,0.3407,0.3175,0.2922,0.1733,0.4418,0.3307,0.3339,0.4168,0.4959,0.3102,0.3725,0.2297,0.2060,0.1819,0.0452,0.1072,0.1203,0.2366,0.2307,0.3138,0.2163,0.2365,0.1970,0.4619,0.3792,0.2841,0.2525,0.3177,0.2515,0.3314,0.3027,0.3052,0.3076,0.3101,0.3125,0.3140,0.3164,0.3189,0.3215,0.3240,0.3265,0.3291,0.3318,0.3344,0.3372,0.3399,0.3427,0.3456,0.3485,0.3515,0.3545,0.3575,0.3607,0.3639,0.3671,0.3704,0.3738,0.3772,0.3807,0.3842,0.3879,0.3915,0.3953,0.3991,0.4030,0.4069,0.4110,0.4150,0.4192,0.4234,0.4276,0.4319,0.4363,0.4407,0.4451,0.4496,0.4541,0.4586,0.4599,0.4646
45136.2916667,0.5896,1.3624,1.8098,1.7379,3.0287,2.3299,2.0907,1.0240,2.0387,2.1266,1.9222,1.7221,1.1033,1.6340,1.4886,1.5232,1.9847,1.8170,1.3012,0.9040,2.1651,0.8947,0.8412,1.4007,1.4961,3.0940,1.4256,0.5192,1.7743,0.5714,1.1252,0.7560,1.0818,1.5628,1.4747,1.2585,2.0079,2.0640,0.7515,2.7124,2.3695,2.4932,1.4368,1.9246,4.0850,1.9761,1.5354,1.7167,0.9268,1.3111,2.0134,1.8814,2.1703,2.3137,0.8726,0.8875,1.0673,1.6692,2.9731,2.2798,2.3953,1.7984,0.7911,0.7138,1.0934,0.9576,1.5633,1.5053,-0.5967,0.2415,1.3807,1.3659,1.1371,0.2798,1.5148,2.0043,1.6232,1.9385,1.3688,2.1374,4.5495,3.9854,2.8722,2.4666,1.8064,1.8711,2.9164,2.1838,2.5429,2.1883,2.3980,3.0267,3.3797,2.4870,1.2391,1.6444,1.9807,3.0151,2.3558,2.0033,2.2065,2.5845,1.8751,2.0385,2.9465,4.1586,3.2007,3.2883,1.5172,2.9760,1.6853,0.6878,2.0488,1.7022,2.0317,1.7565,1.2980,2.2891,1.8657,1.9258,0.3788,1.8655,1.0277,1.7146,1.4364,1.9037,1.9704,2.7204,1.6473,0.5857,1.0896,0.9808,1.1272,1.5534,1.9246,1.3388,1.3113,2.0343,1.5589,1.1307,0.7247,1.7281,1.2052,1.3798,1.9060,0.4865,0.8022,2.4419,1.5729,1.1865,1.1096,0.3823,0.7068,0.5008,1.1414,2.2323,2.5648,2.3828,2.1929,1.2995,3.3155,2.4809,2.5052,3.1331,3.7731,2.3408,2.8164,1.7354,1.5572,1.4196,0.3356,0.8671,0.8994,1.7802,1.7265,2.4661,1.6244,1.7722,1.4750,3.4672,2.8456,2.1259,1.8966,2.3865,1.8834,2.4809,2.2647,2.2831,2.3012,2.3194,2.3379,2.3488,2.3653,2.3841,2.4032,2.4224,2.4419,2.4617,2.4819,2.5025,2.5277,2.5445,2.5662,2.5884,2.6111,2.6342,2.6579,2.6820,2.7072,2.7325,2.7585,2.7850,2.8123,2.8402,2.8688,2.9273,2.9548,2.9556,2.9869,3.0190,3.0520,3.0859,3.1207,3.1300,3.1996,3.2386,3.2789,3.3207,3.3641,3.4091,3.4559,3.5047,3.7241,3.7585,3.7679,3.8033
45136.3333333,1.6500,3.8128,5.1473,4.8639,8.4767,6.6409,5.8517,2.8662,5.9742,6.0762,5.4831,4.9299,3.1601,4.6411,4.1667,4.3231,8.9102,5.1816,4.1933,2.5574,6.0604,2.5572,2.3549,4.9641,4.6103,8.6629,4.0712,1.4537,5.1561,1.7338,3.5438,2.3943,6.0712,4.8529,4.1291,3.5237,5.7415,6.0229,2.3825,7.9114,6.6349,7.1147,4.0235,5.3896,11.8537,5.5339,4.2999,4.8077,2.5954,4.0899,6.4297,5.9253,9.6043,6.8092,2.5077,2.9895,3.4385,4.9815,8.6813,6.5079,7.6691,5.1566,2.2154,1.9989,4.5257,2.6817,7.5844,4.6982,-2.3385,0.6466,4.0398,3.9878,3.5987,0.7353,4.3344,5.9067,4.4926,5.4827,3.9686,6.4763,12.9299,11.6619,8.1300,7.7848,5.0174,5.1838,8.1001,6.0581,7.0632,6.0614,6.6587,8.4130,9.3961,8.0177,3.5937,4.6545,5.6030,8.6359,6.6452,6.4914,6.1585,7.7429,5.3357,9.2619,9.0974,15.4021,12.7052,12.5720,5.3449,10.8179,5.8041,2.0538,6.0816,4.8209,6.2932,8.0570,3.6757,6.4245,5.4989,5.4466,1.0588,8.0654,2.8872,5.0389,4.1434,5.5978,5.7525,7.6894,4.8746,1.6634,3.1841,3.0437,5.2485,6.6151,5.4235,3.9919,3.7062,6.4391,6.2260,3.2701,2.0288,4.9198,3.4034,3.9315,5.4654,1.3614,2.3642,6.8438,4.5138,3.6312,3.1109,1.0700,1.9880,1.4409,3.3577,6.3610,7.5431,6.7199,6.4070,3.6957,14.7792,7.1864,7.7913,8.7998,11.8411,7.0056,8.0011,5.6051,4.5215,5.6600,0.9448,3.1681,2.5545,5.5450,5.0177,10.1910,4.5931,5.1983,4.1938,10.0823,8.3519,6.0559,5.2977,6.7142,5.2756,7.0772,6.4626,6.5222,6.5816,6.6418,6.7034,6.7445,7.1306,6.8645,6.9296,6.9957,7.0635,7.1331,7.2047,7.2783,7.3541,7.4322,7.5127,7.5957,7.6813,7.7698,7.8611,7.9555,7.7349,8.1789,8.2857,8.3964,8.5111,8.6302,8.7537,8.8820,9.0151,9.1535,9.2972,9.4466,9.6020,9.7636,9.9317,10.1066,10.2886,12.6203,12.7121,12.8052,12.8993,12.9944,13.0904,13.1873,13.2849,13.3830,13.4117,13.5127
45136.3750000,2.5742,5.9485,8.2071,7.5885,17.5691,11.4306,9.1300,6.7775,11.7311,10.4545,9.3903,8.5080,5.4365,7.9451,6.7800,7.1105,18.4899,8.7972,12.7748,4.4102,13.7671,4.3776,3.6744,8.8065,7.2827,17.2105,7.1321,2.2684,9.8611,4.7369,5.2490,7.6836,14.0114,16.0943,17.4816,14.5520,10.7771,10.1469,4.0375,15.2661,10.4185,12.0812,6.2792,8.8722,19.1756,11.1007,7.5084,7.5033,4.5095,6.3164,20.6813,18.4853,19.8917,13.3940,4.3955,10.9066,5.0715,10.4373,16.1155,11.1351,22.2531,8.9054,3.4576,3.1198,8.7224,4.1859,16.2078,15.5173,-9.3154,0.9993,8.0132,6.2539,10.7382,1.1221,8.9163,11.9676,7.5510,12.3488,6.4404,10.6941,25.8383,22.4173,13.8022,23.5364,7.7977,8.6810,12.8345,9.4019,10.9670,21.0445,14.6841,16.0365,24.2353,24.4807,7.0386,7.7597,9.4359,14.8907,11.1767,19.9805,9.7716,24.3536,9.0138,19.2584,25.9160,30.2942,25.0830,25.2699,10.4354,21.1550,11.1445,5.3246,9.5358,8.0149,19.1617,16.9174,6.1261,10.9475,10.9814,10.4840,1.6370,16.5980,4.5660,9.7053,6.9781,8.8739,10.9060,15.1755,9.6219,2.8289,6.2290,9.2753,11.3229,14.3797,10.5318,6.4985,6.1142,17.5606,13.1384,5.1304,3.5175,8.5531,7.2067,6.6186,9.8597,2.1203,4.7048,13.0797,9.6550,5.6603,6.2254,1.6859,3.1062,2.9377,5.2760,10.7741,14.6324,10.8689,12.2467,6.1781,30.1333,12.6759,16.2278,14.2167,19.1888,16.6201,14.1086,16.8710,13.5348,11.5930,1.5790,6.6199,4.1996,14.8303,9.3862,20.7667,8.1205,10.1008,7.1142,18.8469,16.2323,10.2519,8.4965,11.0837,8.7184,11.9858,10.9529,11.0791,11.2060,10.5287,11.4891,11.5929,11.7320,11.8749,12.0218,12.1719,12.3262,12.4851,12.6488,12.8175,12.9914,13.1708,13.3558,13.5468,13.7439,13.9474,14.1576,14.3748,14.5991,14.8310,15.0707,15.3185,15.5748,15.8398,16.1139,16.3974,16.6906,23.5677,23.6911,23.8167,23.9447,24.0750,24.2075,24.3423,24.4792,24.6183,24.7594,24.9024,25.0473,25.1939,25.3422,25.4919,25.6429,25.7951,25.8394,25.9966
45136.4166667,2.8568,6.6015,9.1045,9.7723,33.6870,13.4076,12.3001,5.8453,21.3919,12.1986,11.0860,10.0128,6.3834,9.3840,7.3842,8.6223,19.2861,10.2573,13.4468,4.5701,12.1571,6.3839,4.3829,8.3463,8.6237,28.8747,8.5049,4.3422,18.0556,4.7809,14.0240,7.4097,14.3370,16.6911,17.9589,15.0652,21.2756,12.5346,4.2318,25.8073,14.4413,13.8754,6.9670,9.6213,37.5552,18.5367,8.7842,9.4172,5.2715,7.5763,21.3570,19.1972,20.7088,23.2561,4.9965,10.7357,7.8481,20.2397,28.6311,12.9441,23.1017,10.4068,4.4938,3.4614,7.3894,4.6439,16.8434,16.1554,-8.5939,1.1703,13.8500,6.7513,10.6867,1.3121,8.0948,21.0920,8.8887,23.7172,7.6237,13.1329,42.9917,37.0369,16.0049,24.1534,8.6385,9.2480,14.4369,10.4103,15.9225,21.7435,25.9535,30.5839,32.2697,25.1497,13.5888,9.0193,10.9773,17.3475,12.9285,20.5545,12.1123,25.0530,10.4360,19.8942,26.7971,31.4815,26.1135,26.1702,11.1672,22.1394,11.9282,5.8597,10.4985,9.2068,19.7728,17.4560,6.7215,12.6575,19.7363,19.1118,1.8828,17.2560,5.5052,16.0217,7.1587,18.2574,17.4831,24.4868,16.2970,3.3583,11.4064,9.8670,11.8791,14.8923,21.2630,7.1038,7.0617,18.3349,13.7967,11.7419,3.8752,16.6671,12.7084,7.6434,18.7264,2.5149,8.5405,25.4606,17.9002,6.6430,12.1950,1.9100,3.6537,4.8221,6.0735,12.5156,24.2088,12.3227,22.2625,7.1937,31.1452,25.2556,25.0910,15.8251,26.6601,16.7032,17.4094,17.5662,14.3227,12.3747,2.1332,7.3123,4.8729,15.7076,14.9227,21.6833,8.6511,17.0320,8.2607,31.5900,26.5693,11.8688,19.8552,12.7907,10.1089,13.8840,12.6895,12.8380,12.9873,13.1390,13.2941,13.4150,13.5743,13.7375,13.9046,14.0747,14.2487,14.4272,14.6102,14.7979,14.9906,15.1883,15.3913,15.5997,15.8137,16.0335,16.2593,23.4993,23.6112,23.7251,23.8413,23.9597,24.0804,24.2034,24.3288,24.4566,24.5868,24.7194,24.8545,24.9919,25.1318,25.2741,25.4187,25.5657,25.7149,25.8664,26.0199,26.1754,26.3328,26.4920,26.6529,26.8152,26.9788,27.1436,27.1889,27.3589
45136.4583333,2.1342,6.7007,21.7907,99.1652,125.7047,25.6254,24.8229,11.3157,77.9199,83.8195,82.8035,19.6919,46.0422,66.2343,68.4591,15.7086,67.2100,18.3612,13.7516,5.4288,83.7740,21.0406,7.3810,8.5430,17.3490,96.0940,72.0841,13.7932,65.0221,7.1028,29.0194,7.9213,19.1170,23.3198,71.7671,60.0992,78.2286,76.7177,9.4186,87.3954,89.7491,23.6159,5.2245,9.9155,122.1975,62.6662,16.4173,26.8773,10.2307,8.4576,20.6313,69.3834,71.8203,22.8917,7.9591,22.4724,11.4887,80.5996,97.4911,82.0157,79.6638,20.1163,5.0712,6.8261,8.7327,14.0541,63.0130,60.4138,-5.2370,1.8323,14.3275,8.0114,12.0408,6.5631,21.4670,77.9208,61.2393,95.0301,15.8356,21.7472,144.2501,123.1195,102.1669,24.2510,6.5022,14.4203,100.5610,24.7290,100.9168,77.4307,96.9045,108.6830,109.9808,90.1174,13.3227,15.7867,20.0008,33.9645,22.3987,20.7940,72.5750,87.2386,65.3701,71.1490,88.7679,96.2892,81.0362,85.2430,34.4432,66.6941,34.5957,4.3957,72.2267,15.5205,69.3877,63.1121,10.7333,76.9227,72.6651,67.6693,2.7011,58.9310,41.1209,54.3795,28.1868,63.5715,56.6370,79.2857,57.4654,10.9067,42.5780,15.5264,5.9605,11.3007,9.5324,52.7939,50.5509,33.7943,13.3427,43.5548,37.3926,58.0339,47.4537,46.3898,65.5227,4.6995,32.9685,91.9215,14.4449,12.4193,10.0202,3.1878,4.9377,6.0207,10.4416,85.6549,81.7398,88.1669,20.3685,42.9357,103.7192,89.7914,25.4428,43.7310,84.3713,98.6814,94.2406,63.3373,48.6609,41.7096,3.5033,25.8528,7.9125,51.2420,47.7759,72.0818,25.2682,59.1353,14.7391,102.8921,25.4978,20.5946,18.6615,19.3267,20.2188,81.9275,73.5419,73.6079,73.6729,73.7380,73.8039,73.8420,73.9074,73.9737,74.0409,74.1083,74.1765,74.2457,74.3161,74.3877,74.4605,74.5345,74.6098,74.6864,74.7645,74.8439,74.9249,75.0073,75.0913,75.1769,75.2641,75.3529,75.4435,75.5358,75.6298,75.7256,75.8231,75.9225,76.0237,76.1266,76.2313,76.3378,76.4461,76.5560,76.6676,76.7809,76.8956,77.0119,77.1295,77.2484,77.3685,77.4896,77.6117,77.7346,77.7672,77.8940
45136.5000000,4.0118,11.2170,45.0727,51.7661,69.7759,54.8829,51.2467,10.9351,44.3871,47.3211,45.8141,40.1539,25.9963,37.3059,37.4917,34.4087,39.5070,37.2628,28.4935,21.6574,47.5233,10.0847,8.0431,13.7102,35.9803,57.5430,38.6769,4.8268,37.5116,6.4150,30.8553,12.2409,18.6849,35.5082,38.8106,32.7463,44.3065,43.9469,8.4595,51.8869,51.1187,50.4048,11.0635,14.7954,73.8614,37.6152,33.5333,41.1128,22.0998,10.3096,44.4381,39.8527,42.2504,47.6326,8.4848,10.5401,10.8290,43.5134,57.5328,47.3338,46.8853,40.4384,8.4399,7.1866,10.0334,10.6382,35.5761,34.1712,-16.3417,4.3235,29.1600,13.6300,11.8204,4.8634,14.7923,44.0061,34.9509,50.8798,14.6843,21.6376,85.2716,73.3970,58.7265,50.2221,14.1892,17.3671,58.3131,22.3858,56.5127,44.7004,54.0490,62.2988,64.6700,51.6071,29.3455,15.9622,43.1620,68.8814,49.6706,42.6898,42.6649,50.8487,37.9949,41.0403,53.3466,60.7568,50.8451,51.7999,22.3729,42.8077,23.2808,12.7540,41.6908,35.1136,40.3686,36.1549,11.7696,44.9834,40.9828,39.1289,3.1650,34.9258,23.2255,32.3923,40.6247,37.0825,34.6029,48.0892,33.3067,14.7793,24.0756,14.2948,10.1389,12.5325,44.2709,29.5566,28.6165,36.9990,28.6097,24.7312,20.0356,33.9289,26.7958,27.2552,38.1184,4.7844,18.6100,52.1265,15.0696,12.1426,10.5409,3.5249,13.9626,5.5408,10.9357,48.4770,48.5505,50.3596,45.6358,25.5815,61.8577,51.5947,51.0624,41.9551,52.0580,54.5547,55.1441,36.4583,29.3272,25.4390,7.5694,15.8010,20.5332,31.6161,29.9083,43.4587,14.6529,34.9365,30.5457,62.2998,53.0622,43.1861,41.3418,51.6417,44.6794,48.2913,43.6138,43.7368,43.8577,43.9791,44.1020,44.1733,44.2953,44.4191,44.5446,44.6706,44.7981,44.9277,45.0594,45.1933,45.3296,45.4682,45.6094,45.7531,45.8994,46.0484,46.2002,46.3549,46.5125,46.6732,46.8369,47.0037,47.1738,47.3471,47.5237,47.7035,47.8868,48.0734,48.2634,48.4567,48.6533,48.8533,49.0565,49.2630,49.4725,49.6850,49.9003,50.1184,50.3391,50.5621,50.7873,51.0144,51.2432,51.4735,51.5359,51.7732
45136.5416667,11.5291,49.4315,101.0414,121.3566,152.3186,120.8320,114.2404,72.9013,95.4269,102.4835,101.4312,88.4098,57.7103,81.6562,84.4670,75.0869,82.5441,78.6085,61.6921,48.4596,102.3926,15.2638,57.7206,17.0144,80.2930,116.4953,32.2300,2.9994,80.0744,5.1710,15.7748,4.4242,16.1540,78.5694,38.7924,74.5631,95.8343,93.9632,13.7017,106.3070,109.4383,105.4761,20.3552,24.6263,147.1757,77.0481,72.3970,91.2114,49.3720,38.8745,95.9977,85.2628,87.9845,100.4912,11.0017,15.1582,14.8024,21.0918,118.2812,100.1779,97.2470,88.0267,15.8658,10.7112,12.7234,80.7391,77.8231,74.7323,-36.2708,9.5977,62.5969,84.6869,81.7097,10.7247,19.8455,95.4867,75.6549,26.1102,21.9878,27.7439,173.4775,148.4228,124.0524,109.0603,18.3682,93.4445,122.0661,106.8848,122.8130,94.7380,118.0876,131.7849,133.0535,109.8092,65.8397,85.4137,93.6873,150.8178,106.3996,92.0240,88.8418,106.2334,80.4056,87.2873,107.7797,116.1702,98.2977,103.5115,43.4042,81.2357,43.3878,27.0809,88.4231,74.8754,84.9847,77.6445,14.3096,93.8121,20.5782,82.9083,15.8219,72.3584,51.4886,66.8837,21.0322,77.7496,69.2033,95.8805,70.3792,34.0727,12.2184,45.2575,12.5362,8.9658,97.2907,64.7598,14.6264,76.4718,61.1053,53.6065,46.5015,70.5715,58.2187,56.7666,79.4608,29.8450,41.0606,110.9485,19.3176,17.0704,57.8473,17.2916,29.2291,8.5345,13.9697,103.8278,98.8345,106.7747,96.2935,53.1131,124.8797,108.8040,106.9069,120.6770,153.3654,119.7606,114.0030,77.5987,60.0669,51.8657,17.0276,33.2643,45.2578,63.1761,59.0487,87.8994,69.1823,72.7681,64.9257,124.2090,107.6474,90.7413,89.2223,110.9211,98.8941,99.7341,89.7865,89.8530,89.9183,89.9836,90.0496,90.0884,90.1536,90.2196,90.2864,90.3532,90.4208,90.4894,90.5590,90.6298,90.7016,90.7747,90.8490,90.9245,91.0015,91.0798,91.1595,91.2407,91.3235,91.4078,91.4937,91.5812,91.6704,91.7613,91.8539,91.9483,92.0444,92.1422,92.2418,92.3432,92.4464,92.5512,92.6578,92.7660,92.8759,92.9873,93.1002,93.2146,93.3303,93.4472,93.5652,93.6843,93.8042,93.9248,93.9576,94.0819
45136.5833333,5.8066,36.1328,35.3819,14.8176,55.0849,43.2650,40.2672,9.6540,35.2629,37.5044,36.0907,31.7059,20.5480,29.5203,29.4211,27.2663,31.6516,29.7878,22.6623,17.1123,37.7179,8.6833,7.4320,28.0086,12.3817,46.3928,10.3733,3.3819,19.9167,5.6471,10.1755,7.1324,9.3970,16.4099,17.2187,25.6421,35.1405,34.9685,7.3642,41.7234,40.6287,40.3123,20.0300,37.5567,59.7346,30.3032,26.6576,32.3887,17.4660,28.9049,35.2570,31.7237,33.8662,38.0229,7.3770,8.8909,9.4358,11.9743,46.2010,37.7533,37.5996,32.0330,8.1964,6.8133,9.0963,13.1217,13.2639,27.0635,-12.5990,3.5807,23.2433,11.6245,9.7385,4.0105,30.5685,34.8732,27.7562,16.9155,12.8202,50.3227,68.5693,59.1392,46.8174,39.7628,39.2501,33.6038,46.6028,38.7114,44.7093,35.6500,42.7044,49.6340,51.8978,41.0836,10.2160,30.2703,34.2034,54.3365,39.4760,33.8960,34.1949,40.6810,30.3421,32.7139,43.0443,49.6669,41.4850,41.9168,18.3434,35.1069,19.2539,10.2907,33.2410,27.9825,32.2538,28.7485,22.8241,36.0058,15.3234,15.4533,5.7659,28.0267,18.3440,26.0160,31.4989,29.6221,27.9681,38.8462,26.5220,7.1416,18.9822,7.8705,7.6501,10.6687,34.7832,23.2267,22.5354,29.4821,22.5728,19.4071,15.3966,13.6571,9.9100,21.5446,30.1858,3.5930,5.9462,41.0910,13.3016,10.6413,9.2723,6.0637,10.8403,7.2733,21.4590,38.0908,38.6457,39.6882,36.0087,20.1617,49.4551,25.2834,40.4373,47.3667,58.9070,42.6879,43.8457,14.1151,23.3146,20.2466,5.8031,12.4817,16.0751,25.4271,24.1442,34.8970,26.1146,27.8629,24.2432,50.2417,42.6158,34.3828,32.6862,40.8741,35.0807,38.6322,34.9285,35.0497,35.1688,35.2881,35.4088,35.4803,35.5998,35.7209,35.8436,35.9665,36.0907,36.2168,36.3449,36.4749,36.6070,36.7413,36.8778,37.0166,37.1579,37.3016,37.4480,37.5969,37.7486,37.9031,38.0605,38.2208,38.3841,38.5504,38.7198,38.8923,39.0680,39.2469,39.4289,39.6141,39.8025,39.9940,40.1887,40.3863,40.5869,40.7904,40.9966,41.2054,41.4166,41.6302,41.8457,42.0632,42.2823,42.5028,42.5631,42.7903
45136.6250000,7.7574,21.4249,20.7307,16.5432,133.0466,27.7520,99.2155,12.6089,22.9753,25.2881,24.5878,21.5203,13.8029,19.8218,16.5527,18.3773,71.3777,67.8522,52.7756,11.2918,88.8682,20.6295,8.7437,69.5782,13.4467,101.6750,13.6648,1.8599,10.5886,4.5845,12.2526,4.9812,8.0910,22.3775,24.8965,23.8803,22.4150,22.6268,10.6148,27.3582,95.1425,24.5399,47.8073,92.9429,129.0549,66.5641,62.2720,78.8491,41.7954,28.3030,83.1890,73.7077,76.2201,87.2698,8.0393,10.5583,7.2805,14.0577,103.1845,86.9786,84.4606,21.7938,11.8882,8.8244,7.9317,11.6454,14.8499,64.3032,-34.0075,2.0776,14.3318,13.3145,11.2943,2.3251,19.7016,18.7099,65.1519,20.4392,17.3158,133.9874,152.2996,130.0682,30.4040,26.7500,101.6930,22.3482,106.4533,92.7926,106.9260,82.1465,102.7134,115.0220,116.3034,95.4982,11.4875,17.1118,21.2925,36.1556,25.4974,79.6739,22.9748,92.4071,69.4365,27.2120,93.9348,101.6822,85.6966,90.1890,36.7723,70.5596,36.8354,22.1184,21.7590,17.7260,73.5096,14.4306,14.5472,81.3775,16.7845,16.3927,3.0743,62.3439,9.3976,16.3279,81.6709,67.0740,59.6180,83.3546,60.4826,6.7171,6.7805,18.4374,6.9213,11.5329,84.1497,55.3275,52.8897,65.8363,14.1494,10.7203,16.7354,14.2309,11.0139,48.1619,68.2865,3.2894,5.3897,96.0711,15.4426,13.4362,10.5989,12.8248,23.3801,17.8069,14.2634,23.9598,85.1732,92.0430,82.7863,13.1472,108.3383,32.8485,92.2010,104.5547,133.4938,103.3691,98.5277,15.2011,50.6118,13.2131,12.2574,8.0813,37.4007,53.5328,49.9181,75.5299,58.7845,18.5566,15.6634,107.9519,93.1475,77.9954,19.8069,27.1497,21.7329,86.0937,77.2801,77.3603,77.4393,77.5185,77.5984,77.6511,77.7304,77.8104,77.8913,77.9721,78.0536,78.1360,78.2193,78.3036,78.3888,78.4749,78.5621,78.6504,78.7397,78.8302,78.9218,79.0146,79.1087,79.2039,79.3005,79.3984,79.4976,79.5981,79.7001,79.8035,79.9083,80.0146,80.1223,80.2315,80.3421,80.4541,80.5676,80.6824,80.7986,80.9161,81.0349,81.1548,81.2759,81.3980,81.5209,81.6447,81.7692,81.8943,81.9302,82.0586
45136.6666667,2.1775,7.6987,15.4156,12.3300,18.2946,20.5641,19.9618,6.8461,66.3545,18.8986,14.3871,16.0087,9.8233,14.7729,12.2773,13.6921,16.0849,15.0842,11.0462,4.7620,10.9697,4.8858,6.3714,10.7105,5.5573,82.5132,6.8580,1.9231,10.0759,3.9064,15.6687,6.9000,8.0627,11.6913,22.5360,13.7959,66.5944,65.3345,16.7275,21.1328,15.6832,18.8819,15.2200,18.9507,105.4289,53.2782,13.4044,62.9821,7.8590,13.8777,16.0172,58.9518,61.1907,18.5884,15.6199,7.6419,8.5947,11.8696,83.6392,19.3590,19.3552,16.3044,17.0695,14.0945,51.7753,13.8136,53.3260,51.0693,-7.0580,1.3085,8.5212,57.9168,5.1359,1.5141,14.4246,66.3094,13.7490,14.5391,35.6498,107.8035,124.5129,106.1150,23.2370,19.7067,81.4664,16.6853,86.1979,74.5815,86.2782,18.2085,17.3829,93.1994,94.5153,77.0023,8.6194,12.6839,16.0494,27.1966,19.4852,16.8136,17.5163,74.5791,15.2488,60.4873,76.0983,83.0054,69.5683,73.0670,28.7260,57.0480,28.9095,4.6706,10.9308,13.0456,15.5734,18.5595,7.4825,18.1277,12.6341,9.5826,2.1917,49.7148,7.0472,45.7014,25.8095,53.5674,47.6213,67.3843,48.0666,5.0038,4.9299,29.4699,10.1585,12.4426,67.3851,43.6325,41.6651,52.5935,41.0526,35.4525,5.6666,20.2485,8.2858,37.8911,15.0152,1.7088,10.8263,77.4123,7.6019,9.1248,7.8840,3.7849,4.9227,9.6545,40.8452,71.8305,68.6549,10.8874,17.0546,34.7726,87.9506,75.5823,74.2672,84.7335,108.5706,16.9449,79.5902,22.2009,39.8732,33.8180,3.4649,20.0148,7.7815,42.3300,39.3506,60.5229,46.4100,49.1319,11.7341,87.5572,75.1026,62.2943,60.9497,76.8980,17.0399,69.1026,61.8084,61.8840,61.9588,62.0341,62.1105,62.1593,62.2357,62.3134,62.3923,62.4716,62.5521,62.6338,62.7170,62.8015,62.8875,62.9749,63.0639,63.1544,63.2464,63.3400,63.4353,63.5322,63.6307,63.7309,63.8329,63.9365,64.0419,64.1491,64.2579,64.3686,64.4810,64.5951,64.7110,64.8286,64.9479,65.0688,65.1913,65.3155,65.4411,65.5681,65.6965,65.8262,65.9570,66.0889,66.2217,66.3554,66.4897,66.6245,66.6675,66.8056
45136.7083333,2.4322,6.2008,9.8052,7.1718,14.8803,14.3589,13.5622,6.1445,22.4726,13.2194,10.5933,10.9762,6.7632,10.2217,16.2738,9.4942,11.6531,10.8300,7.7928,3.8174,10.5121,4.5050,4.5707,6.2947,6.1117,25.8422,9.2235,2.1461,7.7499,4.0550,6.1484,3.1044,7.0638,8.5494,14.6149,7.0230,18.3407,43.2584,12.7133,15.6485,12.2628,13.8014,18.4918,12.7463,72.2167,16.2641,9.4097,41.1703,4.4099,8.9952,11.5499,16.1843,40.7686,10.6384,4.6883,8.9994,9.6331,10.6061,19.9636,13.8221,14.0873,11.3102,7.5176,2.9543,9.3718,3.9660,34.7976,16.8531,-4.7209,0.9475,6.0755,11.4528,5.6115,1.1080,9.6410,13.8887,9.6741,12.5335,10.9879,70.1717,36.5716,32.2141,13.2872,13.8322,21.5779,8.8491,57.8931,49.2557,23.7798,13.0043,12.9546,62.5027,27.9741,17.1387,5.5594,9.1385,11.3868,18.8727,13.9100,11.8961,12.7269,49.9352,10.9590,20.0995,13.2856,57.3286,47.6647,49.5935,18.8886,39.0909,19.2967,3.4371,10.0276,15.5488,11.4043,16.6866,5.4657,10.4302,9.5023,9.4371,1.6565,32.9124,4.3984,13.9491,20.3985,35.4230,15.1575,45.6399,14.4659,3.2021,4.5749,18.6116,9.3320,9.4536,44.2321,28.1548,26.9143,34.8735,26.6136,8.9484,5.5641,8.6299,6.2345,24.6426,10.9207,1.9008,3.2024,15.8163,10.0911,5.9755,5.8163,2.6084,3.5896,3.4309,26.0762,12.0215,12.8650,9.9248,11.0742,22.5200,59.6899,17.8021,25.9504,57.3233,73.4371,11.8830,53.4831,18.0954,26.1623,22.0057,2.2966,12.2913,5.3197,15.5524,26.1049,40.5895,30.3750,32.3554,8.4176,59.6173,50.6449,41.2865,40.0187,50.9587,11.7039,46.2021,41.2054,41.2811,41.3557,41.4307,41.5069,41.5522,41.6281,41.7053,41.7837,41.8625,41.9425,42.0239,42.1068,42.1913,42.2773,42.3650,42.4544,42.5456,42.6385,42.7333,42.8301,42.9287,43.0294,43.1321,43.2369,43.3438,43.4528,43.5640,43.6774,43.7931,43.9109,44.0310,44.1534,44.2779,44.4047,44.5337,44.6648,44.7980,44.9333,45.0705,45.2096,45.3505,45.4930,45.6371,45.7827,45.9295,46.0774,46.2263,46.2738,46.4270
45136.7500000,2.2158,5.9539,6.9070,6.5330,11.4139,9.6706,8.8353,4.9658,8.4412,8.8807,7.9194,7.2136,4.1466,6.8179,6.2572,6.3611,8.0895,7.4025,4.9908,3.5739,9.1324,3.7808,3.1643,5.3316,5.5651,13.6354,5.3580,1.9539,6.9029,3.0479,6.0440,2.8262,5.3695,7.6635,9.9282,5.9447,7.8582,23.2171,3.2858,11.0576,8.9204,10.0039,6.1866,8.0878,40.5180,8.6661,6.3783,8.6529,3.8189,5.6758,8.1615,8.3428,22.1758,9.2763,3.2869,6.2130,5.2508,8.3911,12.4613,9.4387,8.9420,7.5337,4.0276,2.6885,4.9831,3.6081,18.3506,12.7470,-2.7830,0.8392,5.2051,5.1687,4.2572,0.9297,5.5813,7.4208,5.9795,9.8437,5.7588,7.9774,19.8159,14.8055,11.5284,9.3564,6.7139,7.5835,13.6013,10.4826,17.1370,8.8945,11.5600,15.7093,14.1207,9.1904,4.6678,7.8889,7.9071,12.4415,9.6242,8.0739,8.1916,27.2060,7.0231,10.2442,11.3451,32.7825,27.0453,27.6673,10.4936,22.3388,10.9818,2.5475,7.8785,6.7957,9.2477,11.1123,4.8372,9.0428,7.1959,7.8931,1.3040,7.1226,3.9378,7.4210,12.4699,7.8679,8.0470,25.4389,7.3287,2.4757,4.5046,3.5915,5.3061,7.0174,23.3496,14.7001,14.1190,18.9329,14.0652,4.8056,3.9705,7.5872,4.6165,13.1654,7.1951,1.7267,2.8940,9.0715,5.8642,4.7893,4.2584,1.3545,2.6439,1.9729,6.7865,8.9973,9.5287,9.5236,8.1860,5.7817,19.2815,10.5733,15.5931,14.3660,15.1850,9.5436,29.2808,9.2155,7.1225,11.8891,1.1677,3.3802,3.5894,9.7011,7.4917,22.3992,16.2814,17.4812,5.8675,15.6923,28.0027,9.6541,11.1642,11.4158,9.1393,11.6521,10.6702,10.8774,11.0920,11.3160,11.5504,11.7671,12.0222,12.2899,12.5708,12.8649,13.1736,13.4982,13.8395,14.1984,23.4553,23.5312,23.6084,23.6872,23.7674,23.8493,23.9327,24.0177,24.1045,24.1930,24.2832,24.3753,24.4692,24.5650,24.6627,24.7623,24.8639,24.9674,25.0729,25.1803,25.2898,25.4011,25.5144,25.6295,25.7465,25.8652,25.9857,26.1079,26.2315,26.3567,26.4831,26.6108,26.7396,26.8694,26.9077,27.0416
45136.7916667,1.4367,3.5783,4.5079,4.2352,7.3816,5.7989,5.1255,2.4959,5.1957,5.2031,4.6930,4.2069,2.6879,3.9761,3.6284,3.7318,4.8768,4.4374,3.2033,2.2554,5.5758,2.1811,2.0508,3.4148,3.6066,7.5539,3.4720,1.2661,4.3972,1.3834,3.2426,1.8313,2.3691,3.6649,3.5965,3.0691,4.8766,5.0052,1.8724,6.6218,5.7793,6.1113,3.5211,4.7119,10.3823,4.8468,3.7644,4.2531,2.2816,3.2175,4.9264,4.6394,5.7083,5.7182,2.1290,2.1654,2.6040,4.0509,7.2373,5.5406,5.7919,4.3801,1.9299,1.7414,2.7908,2.3365,6.8691,5.4613,-1.4904,0.5560,3.3318,3.3619,2.7181,0.6236,3.6140,4.8050,3.8718,4.6464,3.2382,5.1648,10.9541,9.5843,6.9071,5.4857,4.3456,4.5142,7.1294,5.2361,6.2014,5.2680,6.5183,7.2699,8.2461,5.9483,2.9403,3.9067,4.7316,7.2818,5.6532,4.7834,5.2827,10.5719,4.4872,5.0903,7.3851,13.7075,7.3735,6.9956,3.2945,6.4594,4.8799,1.5763,4.9866,4.0776,4.8391,5.3406,3.1392,5.5206,4.5358,4.8256,0.8340,4.3847,2.4248,4.1011,3.4468,4.8226,4.7327,6.5046,3.9473,1.4507,2.7144,2.3611,2.9452,3.1172,4.5905,3.1085,5.3442,7.4584,5.4001,2.6685,1.7024,4.1772,2.8974,5.1865,4.5745,1.1167,1.8717,5.8667,3.7382,2.8792,2.6150,0.8423,1.6211,1.2455,3.1758,5.5153,6.1383,5.9291,5.3252,3.0942,8.2218,6.0432,7.6967,7.6145,9.0815,5.8759,6.8862,4.3436,4.2855,3.6949,0.7384,1.8672,2.1263,4.5231,4.1009,8.9945,3.9639,4.3357,3.5088,8.4123,11.1619,5.1313,4.6135,5.7907,4.5398,6.1772,5.6175,5.5427,5.5950,5.6486,5.7040,5.7426,5.8006,5.8610,5.9240,6.3099,6.0330,6.1005,6.1712,6.2452,6.3230,6.4049,6.4913,6.5824,6.6790,6.7813,6.8741,6.9870,7.1071,7.2351,7.3718,7.5180,7.6745,7.8424,8.0228,10.3330,10.3975,10.4632,10.5301,10.5983,10.6676,10.7381,10.8099,10.8827,10.9567,11.0318,11.1079,11.1851,11.2631,11.3421,11.4219,11.5024,11.5835,11.6652,11.6879,11.7722
45136.8333333,0.3005,0.6943,0.9223,0.8856,1.5434,1.1872,1.0653,0.5218,1.0388,1.0818,0.9780,0.8760,0.5619,0.8312,0.7585,0.7761,1.0040,0.9245,0.6630,0.4606,1.1032,0.4559,0.4286,0.7136,0.7537,1.5687,0.7254,0.2645,0.9005,0.2890,0.5732,0.3826,0.4949,0.7656,0.7512,0.6411,1.0186,1.0454,0.3653,1.3769,1.2070,1.2681,0.7318,0.9803,2.0806,1.0065,0.7820,0.8744,0.4720,0.6678,1.0254,0.9489,1.0811,1.1739,0.4444,0.4520,0.5436,0.8456,1.5107,1.1566,1.2091,0.9143,0.4029,0.3635,0.5568,0.4875,0.7957,0.7659,-0.3081,0.1167,0.6951,0.6849,0.5671,0.1301,0.7539,1.0024,0.8077,0.9693,0.6755,1.0772,2.2839,1.9983,1.4358,1.1373,0.9058,0.9339,1.4614,1.0915,1.2733,1.0895,1.1990,1.5155,1.6914,1.2398,0.6087,0.8142,0.9826,1.5101,1.1716,0.9924,1.0914,1.2842,0.9340,0.9927,1.4628,1.8715,1.5363,1.4574,0.6864,1.3458,0.7691,0.3279,1.0147,0.8459,1.0033,0.8526,0.6405,1.1428,0.9307,0.9555,0.1738,0.9070,0.5040,0.8491,0.7174,0.9295,0.9734,1.3533,0.8165,0.2821,0.5333,0.4752,0.5413,0.6489,0.9555,0.6470,0.6473,0.9480,0.6715,0.5555,0.3543,0.8502,0.5934,0.6784,0.9464,0.2324,0.3895,1.2208,0.7779,0.5870,0.5441,0.1753,0.3367,0.2398,0.5592,1.1125,1.2744,1.1899,1.0939,0.6383,1.6610,1.2407,1.2700,1.5679,1.8724,1.1663,1.3992,0.8559,0.7617,0.6684,0.1538,0.3864,0.4404,0.8747,0.8498,1.1695,0.8005,0.8762,0.7269,1.7317,1.4177,1.0576,0.9398,1.1886,0.9384,1.2361,1.1257,1.1347,1.1435,1.1524,1.1613,1.1665,1.1754,1.1844,1.1936,1.2027,1.2120,1.2215,1.2311,1.2408,1.2508,1.2609,1.2712,1.2816,1.2923,1.3032,1.3143,1.3255,1.3370,1.3488,1.3607,1.3729,1.3853,1.3979,1.4108,1.4240,1.4374,1.4510,1.4649,1.4790,1.4934,1.5080,1.5228,1.5379,1.5532,1.5688,1.5845,1.6005,1.6166,1.6330,1.6494,1.6661,1.6828,1.6997,1.7043,1.7217
45136.8750000,0.0000,0.0000,0.0000,0.0000,0.0000,0.0000,0.0000,0.0000,0.0000,0.0000,0.0000,0.0000,0.0000,0.0000,0.0000,0.0000,0.0000,0.0000,0.0000,0.0000,0.0000,0.0000,0.0000,0.0000,0.0000,0.0000,0.0000,0.0000,0.0000,0.0000,0.0000,0.0000,0.0000,0.0000,0.0000,0.0000,0.0000,0.0000,0.0000,0.0000,0.0000,0.0000,0.0000,0.0000,0.0000,0.0000,0.0000,0.0000,0.0000,0.0000,0.0000,0.0000,0.0000,0.0000,0.0000,0.0000,0.0000,0.0000,0.0000,0.0000,0.0000,0.0000,0.0000,0.0000,0.0000,0.0000,0.0000,0.0000,0.0000,0.0000,0.0000,0.0000,0.0000,0.0000,0.0000,0.0000,0.0000,0.0000,0.0000,0.0000,0.0000,0.0000,0.0000,0.0000,0.0000,0.0000,0.0000,0.0000,0.0000,0.0000,0.0000,0.0000,0.0000,0.0000,0.0000,0.0000,0.0000,0.0000,0.0000,0.0000,0.0000,0.0000,0.0000,0.0000,0.0000,0.0000,0.0000,0.0000,0.0000,0.0000,0.0000,0.0000,0.0000,0.0000,0.0000,0.0000,0.0000,0.0000,0.0000,0.0000,0.0000,0.0000,0.0000,0.0000,0.0000,0.0000,0.0000,0.0000,0.0000,0.0000,0.0000,0.0000,0.0000,0.0000,0.0000,0.0000,0.0000,0.0000,0.0000,0.0000,0.0000,0.0000,0.0000,0.0000,0.0000,0.0000,0.0000,0.0000,0.0000,0.0000,0.0000,0.0000,0.0000,0.0000,0.0000,0.0000,0.0000,0.0000,0.0000,0.0000,0.0000,0.0000,0.0000,0.0000,0.0000,0.0000,0.0000,0.0000,0.0000,0.0000,0.0000,0.0000,0.0000,0.0000,0.0000,0.0000,0.0000,0.0000,0.0000,0.0000,0.0000,0.0000,0.0000,0.0000,0.0000,0.0000,0.0000,0.0000,0.0000,0.0000,0.0000,0.0000,0.0000,0.0000,0.0000,0.0000,0.0000,0.0000,0.0000,0.0000,0.0000,0.0000,0.0000,0.0000,0.0000,0.0000,0.0000,0.0000,0.0000,0.0000,0.0000,0.0000,0.0000,0.0000,0.0000,0.0000,0.0000,0.0000,0.0000,0.0000,0.0000,0.0000,0.0000,0.0000,0.0000,0.0000,0.0000,0.0000,0.0000,0.0000,0.0000,0.0000,0.0000,0.0000,0.0000,0.0000
45136.9166667,0.0000,0.0000,0.0000,0.0000,0.0000,0.0000,0.0000,0.0000,0.0000,0.0000,0.0000,0.0000,0.0000,0.0000,0.0000,0.0000,0.0000,0.0000,0.0000,0.0000,0.0000,0.0000,0.0000,0.0000,0.0000,0.0000,0.0000,0.0000,0.0000,0.0000,0.0000,0.0000,0.0000,0.0000,0.0000,0.0000,0.0000,0.0000,0.0000,0.0000,0.0000,0.0000,0.0000,0.0000,0.0000,0.0000,0.0000,0.0000,0.0000,0.0000,0.0000,0.0000,0.0000,0.0000,0.0000,0.0000,0.0000,0.0000,0.0000,0.0000,0.0000,0.0000,0.0000,0.0000,0.0000,0.0000,0.0000,0.0000,0.0000,0.0000,0.0000,0.0000,0.0000,0.0000,0.0000,0.0000,0.0000,0.0000,0.0000,0.0000,0.0000,0.0000,0.0000,0.0000,0.0000,0.0000,0.0000,0.0000,0.0000,0.0000,0.0000,0.0000,0.0000,0.0000,0.0000,0.0000,0.0000,0.0000,0.0000,0.0000,0.0000,0.0000,0.0000,0.0000,0.0000,0.0000,0.0000,0.0000,0.0000,0.0000,0.0000,0.0000,0.0000,0.0000,0.0000,0.0000,0.0000,0.0000,0.0000,0.0000,0.0000,0.0000,0.0000,0.0000,0.0000,0.0000,0.0000,0.0000,0.0000,0.0000,0.0000,0.0000,0.0000,0.0000,0.0000,0.0000,0.0000,0.0000,0.0000,0.0000,0.0000,0.0000,0.0000,0.0000,0.0000,0.0000,0.0000,0.0000,0.0000,0.0000,0.0000,0.0000,0.0000,0.0000,0.0000,0.0000,0.0000,0.0000,0.0000,0.0000,0.0000,0.0000,0.0000,0.0000,0.0000,0.0000,0.0000,0.0000,0.0000,0.0000,0.0000,0.0000,0.0000,0.0000,0.0000,0.0000,0.0000,0.0000,0.0000,0.0000,0.0000,0.0000,0.0000,0.0000,0.0000,0.0000,0.0000,0.0000,0.0000,0.0000,0.0000,0.0000,0.0000,0.0000,0.0000,0.0000,0.0000,0.0000,0.0000,0.0000,0.0000,0.0000,0.0000,0.0000,0.0000,0.0000,0.0000,0.0000,0.0000,0.0000,0.0000,0.0000,0.0000,0.0000,0.0000,0.0000,0.0000,0.0000,0.0000,0.0000,0.0000,0.0000,0.0000,0.0000,0.0000,0.0000,0.0000,0.0000,0.0000,0.0000,0.0000,0.0000,0.0000,0.0000,0.0000,0.0000
45136.9583333,0.0000,0.0000,0.0000,0.0000,0.0000,0.0000,0.0000,0.0000,0.0000,0.0000,0.0000,0.0000,0.0000,0.0000,0.0000,0.0000,0.0000,0.0000,0.0000,0.0000,0.0000,0.0000,0.0000,0.0000,0.0000,0.0000,0.0000,0.0000,0.0000,0.0000,0.0000,0.0000,0.0000,0.0000,0.0000,0.0000,0.0000,0.0000,0.0000,0.0000,0.0000,0.0000,0.0000,0.0000,0.0000,0.0000,0.0000,0.0000,0.0000,0.0000,0.0000,0.0000,0.0000,0.0000,0.0000,0.0000,0.0000,0.0000,0.0000,0.0000,0.0000,0.0000,0.0000,0.0000,0.0000,0.0000,0.0000,0.0000,0.0000,0.0000,0.0000,0.0000,0.0000,0.0000,0.0000,0.0000,0.0000,0.0000,0.0000,0.0000,0.0000,0.0000,0.0000,0.0000,0.0000,0.0000,0.0000,0.0000,0.0000,0.0000,0.0000,0.0000,0.0000,0.0000,0.0000,0.0000,0.0000,0.0000,0.0000,0.0000,0.0000,0.0000,0.0000,0.0000,0.0000,0.0000,0.0000,0.0000,0.0000,0.0000,0.0000,0.0000,0.0000,0.0000,0.0000,0.0000,0.0000,0.0000,0.0000,0.0000,0.0000,0.0000,0.0000,0.0000,0.0000,0.0000,0.0000,0.0000,0.0000,0.0000,0.0000,0.0000,0.0000,0.0000,0.0000,0.0000,0.0000,0.0000,0.0000,0.0000,0.0000,0.0000,0.0000,0.0000,0.0000,0.0000,0.0000,0.0000,0.0000,0.0000,0.0000,0.0000,0.0000,0.0000,0.0000,0.0000,0.0000,0.0000,0.0000,0.0000,0.0000,0.0000,0.0000,0.0000,0.0000,0.0000,0.0000,0.0000,0.0000,0.0000,0.0000,0.0000,0.0000,0.0000,0.0000,0.0000,0.0000,0.0000,0.0000,0.0000,0.0000,0.0000,0.0000,0.0000,0.0000,0.0000,0.0000,0.0000,0.0000,0.0000,0.0000,0.0000,0.0000,0.0000,0.0000,0.0000,0.0000,0.0000,0.0000,0.0000,0.0000,0.0000,0.0000,0.0000,0.0000,0.0000,0.0000,0.0000,0.0000,0.0000,0.0000,0.0000,0.0000,0.0000,0.0000,0.0000,0.0000,0.0000,0.0000,0.0000,0.0000,0.0000,0.0000,0.0000,0.0000,0.0000,0.0000,0.0000,0.0000,0.0000,0.0000,0.0000,0.0000,0.0000,0.0000,0.0000
45137.0000000,0.0000,0.0000,0.0000,0.0000,0.0000,0.0000,0.0000,0.0000,0.0000,0.0000,0.0000,0.0000,0.0000,0.0000,0.0000,0.0000,0.0000,0.0000,0.0000,0.0000,0.0000,0.0000,0.0000,0.0000,0.0000,0.0000,0.0000,0.0000,0.0000,0.0000,0.0000,0.0000,0.0000,0.0000,0.0000,0.0000,0.0000,0.0000,0.0000,0.0000,0.0000,0.0000,0.0000,0.0000,0.0000,0.0000,0.0000,0.0000,0.0000,0.0000,0.0000,0.0000,0.0000,0.0000,0.0000,0.0000,0.0000,0.0000,0.0000,0.0000,0.0000,0.0000,0.0000,0.0000,0.0000,0.0000,0.0000,0.0000,0.0000,0.0000,0.0000,0.0000,0.0000,0.0000,0.0000,0.0000,0.0000,0.0000,0.0000,0.0000,0.0000,0.0000,0.0000,0.0000,0.0000,0.0000,0.0000,0.0000,0.0000,0.0000,0.0000,0.0000,0.0000,0.0000,0.0000,0.0000,0.0000,0.0000,0.0000,0.0000,0.0000,0.0000,0.0000,0.0000,0.0000,0.0000,0.0000,0.0000,0.0000,0.0000,0.0000,0.0000,0.0000,0.0000,0.0000,0.0000,0.0000,0.0000,0.0000,0.0000,0.0000,0.0000,0.0000,0.0000,0.0000,0.0000,0.0000,0.0000,0.0000,0.0000,0.0000,0.0000,0.0000,0.0000,0.0000,0.0000,0.0000,0.0000,0.0000,0.0000,0.0000,0.0000,0.0000,0.0000,0.0000,0.0000,0.0000,0.0000,0.0000,0.0000,0.0000,0.0000,0.0000,0.0000,0.0000,0.0000,0.0000,0.0000,0.0000,0.0000,0.0000,0.0000,0.0000,0.0000,0.0000,0.0000,0.0000,0.0000,0.0000,0.0000,0.0000,0.0000,0.0000,0.0000,0.0000,0.0000,0.0000,0.0000,0.0000,0.0000,0.0000,0.0000,0.0000,0.0000,0.0000,0.0000,0.0000,0.0000,0.0000,0.0000,0.0000,0.0000,0.0000,0.0000,0.0000,0.0000,0.0000,0.0000,0.0000,0.0000,0.0000,0.0000,0.0000,0.0000,0.0000,0.0000,0.0000,0.0000,0.0000,0.0000,0.0000,0.0000,0.0000,0.0000,0.0000,0.0000,0.0000,0.0000,0.0000,0.0000,0.0000,0.0000,0.0000,0.0000,0.0000,0.0000,0.0000,0.0000,0.0000,0.0000,0.0000,0.0000,0.0000,0.0000,0.0000,0.0000
45137.0416667,0.0000,0.0000,0.0000,0.0000,0.0000,0.0000,0.0000,0.0000,0.0000,0.0000,0.0000,0.0000,0.0000,0.0000,0.0000,0.0000,0.0000,0.0000,0.0000,0.0000,0.0000,0.0000,0.0000,0.0000,0.0000,0.0000,0.0000,0.0000,0.0000,0.0000,0.0000,0.0000,0.0000,0.0000,0.0000,0.0000,0.0000,0.0000,0.0000,0.0000,0.0000,0.0000,0.0000,0.0000,0.0000,0.0000,0.0000,0.0000,0.0000,0.0000,0.0000,0.0000,0.0000,0.0000,0.0000,0.0000,0.0000,0.0000,0.0000,0.0000,0.0000,0.0000,0.0000,0.0000,0.0000,0.0000,0.0000,0.0000,0.0000,0.0000,0.0000,0.0000,0.0000,0.0000,0.0000,0.0000,0.0000,0.0000,0.0000,0.0000,0.0000,0.0000,0.0000,0.0000,0.0000,0.0000,0.0000,0.0000,0.0000,0.0000,0.0000,0.0000,0.0000,0.0000,0.0000,0.0000,0.0000,0.0000,0.0000,0.0000,0.0000,0.0000,0.0000,0.0000,0.0000,0.0000,0.0000,0.0000,0.0000,0.0000,0.0000,0.0000,0.0000,0.0000,0.0000,0.0000,0.0000,0.0000,0.0000,0.0000,0.0000,0.0000,0.0000,0.0000,0.0000,0.0000,0.0000,0.0000,0.0000,0.0000,0.0000,0.0000,0.0000,0.0000,0.0000,0.0000,0.0000,0.0000,0.0000,0.0000,0.0000,0.0000,0.0000,0.0000,0.0000,0.0000,0.0000,0.0000,0.0000,0.0000,0.0000,0.0000,0.0000,0.0000,0.0000,0.0000,0.0000,0.0000,0.0000,0.0000,0.0000,0.0000,0.0000,0.0000,0.0000,0.0000,0.0000,0.0000,0.0000,0.0000,0.0000,0.0000,0.0000,0.0000,0.0000,0.0000,0.0000,0.0000,0.0000,0.0000,0.0000,0.0000,0.0000,0.0000,0.0000,0.0000,0.0000,0.0000,0.0000,0.0000,0.0000,0.0000,0.0000,0.0000,0.0000,0.0000,0.0000,0.0000,0.0000,0.0000,0.0000,0.0000,0.0000,0.0000,0.0000,0.0000,0.0000,0.0000,0.0000,0.0000,0.0000,0.0000,0.0000,0.0000,0.0000,0.0000,0.0000,0.0000,0.0000,0.0000,0.0000,0.0000,0.0000,0.0000,0.0000,0.0000,0.0000,0.0000,0.0000,0.0000,0.0000,0.0000,0.0000,0.0000,0.0000,0.0000
45137.0833333,0.0000,0.0000,0.0000,0.0000,0.0000,0.0000,0.0000,0.0000,0.0000,0.0000,0.0000,0.0000,0.0000,0.0000,0.0000,0.0000,0.0000,0.0000,0.0000,0.0000,0.0000,0.0000,0.0000,0.0000,0.0000,0.0000,0.0000,0.0000,0.0000,0.0000,0.0000,0.0000,0.0000,0.0000,0.0000,0.0000,0.0000,0.0000,0.0000,0.0000,0.0000,0.0000,0.0000,0.0000,0.0000,0.0000,0.0000,0.0000,0.0000,0.0000,0.0000,0.0000,0.0000,0.0000,0.0000,0.0000,0.0000,0.0000,0.0000,0.0000,0.0000,0.0000,0.0000,0.0000,0.0000,0.0000,0.0000,0.0000,0.0000,0.0000,0.0000,0.0000,0.0000,0.0000,0.0000,0.0000,0.0000,0.0000,0.0000,0.0000,0.0000,0.0000,0.0000,0.0000,0.0000,0.0000,0.0000,0.0000,0.0000,0.0000,0.0000,0.0000,0.0000,0.0000,0.0000,0.0000,0.0000,0.0000,0.0000,0.0000,0.0000,0.0000,0.0000,0.0000,0.0000,0.0000,0.0000,0.0000,0.0000,0.0000,0.0000,0.0000,0.0000,0.0000,0.0000,0.0000,0.0000,0.0000,0.0000,0.0000,0.0000,0.0000,0.0000,0.0000,0.0000,0.0000,0.0000,0.0000,0.0000,0.0000,0.0000,0.0000,0.0000,0.0000,0.0000,0.0000,0.0000,0.0000,0.0000,0.0000,0.0000,0.0000,0.0000,0.0000,0.0000,0.0000,0.0000,0.0000,0.0000,0.0000,0.0000,0.0000,0.0000,0.0000,0.0000,0.0000,0.0000,0.0000,0.0000,0.0000,0.0000,0.0000,0.0000,0.0000,0.0000,0.0000,0.0000,0.0000,0.0000,0.0000,0.0000,0.0000,0.0000,0.0000,0.0000,0.0000,0.0000,0.0000,0.0000,0.0000,0.0000,0.0000,0.0000,0.0000,0.0000,0.0000,0.0000,0.0000,0.0000,0.0000,0.0000,0.0000,0.0000,0.0000,0.0000,0.0000,0.0000,0.0000,0.0000,0.0000,0.0000,0.0000,0.0000,0.0000,0.0000,0.0000,0.0000,0.0000,0.0000,0.0000,0.0000,0.0000,0.0000,0.0000,0.0000,0.0000,0.0000,0.0000,0.0000,0.0000,0.0000,0.0000,0.0000,0.0000,0.0000,0.0000,0.0000,0.0000,0.0000,0.0000,0.0000,0.0000,0.0000,0.0000,0.0000,0.0000
45137.1250000,0.0000,0.0000,0.0000,0.0000,0.0000,0.0000,0.0000,0.0000,0.0000,0.0000,0.0000,0.0000,0.0000,0.0000,0.0000,0.0000,0.0000,0.0000,0.0000,0.0000,0.0000,0.0000,0.0000,0.0000,0.0000,0.0000,0.0000,0.0000,0.0000,0.0000,0.0000,0.0000,0.0000,0.0000,0.0000,0.0000,0.0000,0.0000,0.0000,0.0000,0.0000,0.0000,0.0000,0.0000,0.0000,0.0000,0.0000,0.0000,0.0000,0.0000,0.0000,0.0000,0.0000,0.0000,0.0000,0.0000,0.0000,0.0000,0.0000,0.0000,0.0000,0.0000,0.0000,0.0000,0.0000,0.0000,0.0000,0.0000,0.0000,0.0000,0.0000,0.0000,0.0000,0.0000,0.0000,0.0000,0.0000,0.0000,0.0000,0.0000,0.0000,0.0000,0.0000,0.0000,0.0000,0.0000,0.0000,0.0000,0.0000,0.0000,0.0000,0.0000,0.0000,0.0000,0.0000,0.0000,0.0000,0.0000,0.0000,0.0000,0.0000,0.0000,0.0000,0.0000,0.0000,0.0000,0.0000,0.0000,0.0000,0.0000,0.0000,0.0000,0.0000,0.0000,0.0000,0.0000,0.0000,0.0000,0.0000,0.0000,0.0000,0.0000,0.0000,0.0000,0.0000,0.0000,0.0000,0.0000,0.0000,0.0000,0.0000,0.0000,0.0000,0.0000,0.0000,0.0000,0.0000,0.0000,0.0000,0.0000,0.0000,0.0000,0.0000,0.0000,0.0000,0.0000,0.0000,0.0000,0.0000,0.0000,0.0000,0.0000,0.0000,0.0000,0.0000,0.0000,0.0000,0.0000,0.0000,0.0000,0.0000,0.0000,0.0000,0.0000,0.0000,0.0000,0.0000,0.0000,0.0000,0.0000,0.0000,0.0000,0.0000,0.0000,0.0000,0.0000,0.0000,0.0000,0.0000,0.0000,0.0000,0.0000,0.0000,0.0000,0.0000,0.0000,0.0000,0.0000,0.0000,0.0000,0.0000,0.0000,0.0000,0.0000,0.0000,0.0000,0.0000,0.0000,0.0000,0.0000,0.0000,0.0000,0.0000,0.0000,0.0000,0.0000,0.0000,0.0000,0.0000,0.0000,0.0000,0.0000,0.0000,0.0000,0.0000,0.0000,0.0000,0.0000,0.0000,0.0000,0.0000,0.0000,0.0000,0.0000,0.0000,0.0000,0.0000,0.0000,0.0000,0.0000,0.0000,0.0000,0.0000,0.0000,0.0000,0.0000
45137.1666667,0.0000,0.0000,0.0000,0.0000,0.0000,0.0000,0.0000,0.0000,0.0000,0.0000,0.0000,0.0000,0.0000,0.0000,0.0000,0.0000,0.0000,0.0000,0.0000,0.0000,0.0000,0.0000,0.0000,0.0000,0.0000,0.0000,0.0000,0.0000,0.0000,0.0000,0.0000,0.0000,0.0000,0.0000,0.0000,0.0000,0.0000,0.0000,0.0000,0.0000,0.0000,0.0000,0.0000,0.0000,0.0000,0.0000,0.0000,0.0000,0.0000,0.0000,0.0000,0.0000,0.0000,0.0000,0.0000,0.0000,0.0000,0.0000,0.0000,0.0000,0.0000,0.0000,0.0000,0.0000,0.0000,0.0000,0.0000,0.0000,0.0000,0.0000,0.0000,0.0000,0.0000,0.0000,0.0000,0.0000,0.0000,0.0000,0.0000,0.0000,0.0000,0.0000,0.0000,0.0000,0.0000,0.0000,0.0000,0.0000,0.0000,0.0000,0.0000,0.0000,0.0000,0.0000,0.0000,0.0000,0.0000,0.0000,0.0000,0.0000,0.0000,0.0000,0.0000,0.0000,0.0000,0.0000,0.0000,0.0000,0.0000,0.0000,0.0000,0.0000,0.0000,0.0000,0.0000,0.0000,0.0000,0.0000,0.0000,0.0000,0.0000,0.0000,0.0000,0.0000,0.0000,0.0000,0.0000,0.0000,0.0000,0.0000,0.0000,0.0000,0.0000,0.0000,0.0000,0.0000,0.0000,0.0000,0.0000,0.0000,0.0000,0.0000,0.0000,0.0000,0.0000,0.0000,0.0000,0.0000,0.0000,0.0000,0.0000,0.0000,0.0000,0.0000,0.0000,0.0000,0.0000,0.0000,0.0000,0.0000,0.0000,0.0000,0.0000,0.0000,0.0000,0.0000,0.0000,0.0000,0.0000,0.0000,0.0000,0.0000,0.0000,0.0000,0.0000,0.0000,0.0000,0.0000,0.0000,0.0000,0.0000,0.0000,0.0000,0.0000,0.0000,0.0000,0.0000,0.0000,0.0000,0.0000,0.0000,0.0000,0.0000,0.0000,0.0000,0.0000,0.0000,0.0000,0.0000,0.0000,0.0000,0.0000,0.0000,0.0000,0.0000,0.0000,0.0000,0.0000,0.0000,0.0000,0.0000,0.0000,0.0000,0.0000,0.0000,0.0000,0.0000,0.0000,0.0000,0.0000,0.0000,0.0000,0.0000,0.0000,0.0000,0.0000,0.0000,0.0000,0.0000,0.0000,0.0000,0.0000,0.0000,0.0000,0.0000,0.0000
45137.2083333,0.0000,0.0000,0.0000,0.0000,0.0000,0.0000,0.0000,0.0000,0.0000,0.0000,0.0000,0.0000,0.0000,0.0000,0.0000,0.0000,0.0000,0.0000,0.0000,0.0000,0.0000,0.0000,0.0000,0.0000,0.0000,0.0000,0.0000,0.0000,0.0000,0.0000,0.0000,0.0000,0.0000,0.0000,0.0000,0.0000,0.0000,0.0000,0.0000,0.0000,0.0000,0.0000,0.0000,0.0000,0.0000,0.0000,0.0000,0.0000,0.0000,0.0000,0.0000,0.0000,0.0000,0.0000,0.0000,0.0000,0.0000,0.0000,0.0000,0.0000,0.0000,0.0000,0.0000,0.0000,0.0000,0.0000,0.0000,0.0000,0.0000,0.0000,0.0000,0.0000,0.0000,0.0000,0.0000,0.0000,0.0000,0.0000,0.0000,0.0000,0.0000,0.0000,0.0000,0.0000,0.0000,0.0000,0.0000,0.0000,0.0000,0.0000,0.0000,0.0000,0.0000,0.0000,0.0000,0.0000,0.0000,0.0000,0.0000,0.0000,0.0000,0.0000,0.0000,0.0000,0.0000,0.0000,0.0000,0.0000,0.0000,0.0000,0.0000,0.0000,0.0000,0.0000,0.0000,0.0000,0.0000,0.0000,0.0000,0.0000,0.0000,0.0000,0.0000,0.0000,0.0000,0.0000,0.0000,0.0000,0.0000,0.0000,0.0000,0.0000,0.0000,0.0000,0.0000,0.0000,0.0000,0.0000,0.0000,0.0000,0.0000,0.0000,0.0000,0.0000,0.0000,0.0000,0.0000,0.0000,0.0000,0.0000,0.0000,0.0000,0.0000,0.0000,0.0000,0.0000,0.0000,0.0000,0.0000,0.0000,0.0000,0.0000,0.0000,0.0000,0.0000,0.0000,0.0000,0.0000,0.0000,0.0000,0.0000,0.0000,0.0000,0.0000,0.0000,0.0000,0.0000,0.0000,0.0000,0.0000,0.0000,0.0000,0.0000,0.0000,0.0000,0.0000,0.0000,0.0000,0.0000,0.0000,0.0000,0.0000,0.0000,0.0000,0.0000,0.0000,0.0000,0.0000,0.0000,0.0000,0.0000,0.0000,0.0000,0.0000,0.0000,0.0000,0.0000,0.0000,0.0000,0.0000,0.0000,0.0000,0.0000,0.0000,0.0000,0.0000,0.0000,0.0000,0.0000,0.0000,0.0000,0.0000,0.0000,0.0000,0.0000,0.0000,0.0000,0.0000,0.0000,0.0000,0.0000,0.0000,0.0000,0.0000,0.0000,0.0000
45137.2500000,0.0807,0.1855,0.2471,0.2364,0.4105,0.3169,0.2846,0.1408,0.2786,0.2897,0.2618,0.2353,0.1529,0.2237,0.2039,0.2093,0.2701,0.2490,0.1799,0.1261,0.2953,0.1226,0.1165,0.1919,0.2027,0.4187,0.1945,0.0720,0.2421,0.0790,0.1545,0.1027,0.1330,0.2058,0.2013,0.1726,0.2726,0.2799,0.0986,0.3679,0.3221,0.3387,0.1955,0.2616,0.5527,0.2706,0.2106,0.2341,0.1287,0.1790,0.2742,0.2544,0.2896,0.3136,0.1204,0.1210,0.1458,0.2258,0.4022,0.3087,0.3229,0.2446,0.1077,0.0971,0.1492,0.1303,0.2127,0.2047,-0.0772,0.0333,0.1846,0.1810,0.1498,0.0359,0.1987,0.2639,0.2129,0.2547,0.1775,0.2826,0.5990,0.5242,0.3768,0.2987,0.2377,0.2453,0.3834,0.2864,0.3340,0.2860,0.3145,0.3973,0.4433,0.3251,0.1599,0.2136,0.2577,0.3955,0.3071,0.2602,0.2862,0.3365,0.2467,0.2620,0.3853,0.4928,0.4050,0.3842,0.1831,0.3556,0.2051,0.0883,0.2677,0.2235,0.2647,0.2251,0.1695,0.3011,0.2453,0.2520,0.0476,0.2395,0.1336,0.2244,0.1888,0.2451,0.2570,0.3562,0.2155,0.0753,0.1412,0.1261,0.1432,0.1712,0.2513,0.1708,0.1710,0.2498,0.1774,0.1470,0.0939,0.2242,0.1568,0.1793,0.2492,0.0621,0.1034,0.3206,0.2047,0.1545,0.1437,0.0475,0.0900,0.0636,0.1476,0.2922,0.3349,0.3125,0.2877,0.1689,0.4360,0.3260,0.3292,0.4113,0.4904,0.3061,0.3674,0.2254,0.2011,0.1767,0.0417,0.1032,0.1167,0.2308,0.2243,0.3074,0.2108,0.2306,0.1914,0.4540,0.3719,0.2776,0.2467,0.3116,0.2461,0.3241,0.2953,0.2977,0.2999,0.3022,0.3045,0.3058,0.3081,0.3105,0.3128,0.3152,0.3176,0.3200,0.3225,0.3250,0.3276,0.3302,0.3329,0.3356,0.3384,0.3412,0.3441,0.3470,0.3500,0.3530,0.3562,0.3593,0.3625,0.3658,0.3692,0.3726,0.3761,0.3797,0.3833,0.3870,0.3907,0.3945,0.3984,0.4023,0.4063,0.4104,0.4145,0.4187,0.4229,0.4271,0.4314,0.4358,0.4401,0.4445,0.4457,0.4503
45137.2916667,1.0226,2.3511,3.1318,2.9963,5.2049,4.0191,3.6088,1.7854,3.5324,3.6879,3.3343,2.9958,1.9416,2.8479,2.5855,2.6543,3.4845,3.1687,2.2823,1.5996,3.7453,1.5558,1.4781,2.4354,2.6418,5.3752,2.4771,0.9138,3.1018,1.0199,1.9617,1.3241,2.1394,2.8595,2.5573,2.1917,3.4965,3.6032,1.3948,4.7106,4.0930,4.3191,2.4847,3.3254,7.0258,3.4403,2.6770,2.9760,1.6365,2.2758,3.4869,3.3093,3.8772,4.0232,1.5312,1.5391,1.8549,2.9079,5.1434,3.9638,4.1956,3.1255,1.3713,1.2364,1.9011,1.6622,2.7164,2.6168,-0.9633,0.4452,2.3727,2.3532,1.9662,0.4764,2.6019,3.4144,2.7555,3.2995,2.3637,3.6120,7.7323,6.7577,4.8663,4.5911,3.0422,3.1420,4.9046,3.6655,4.2707,3.6606,4.0205,5.0771,5.6659,4.1552,2.0469,2.7316,3.2938,5.0521,3.9248,3.3265,3.6584,4.3001,3.1512,3.5357,5.0151,7.9475,5.6528,6.3757,2.7688,5.6007,3.0377,1.1349,3.4747,2.8546,3.4529,3.0401,2.1804,3.8474,3.1345,3.2482,0.6099,3.2089,1.7186,2.8687,2.4140,3.2655,3.3076,4.5859,2.7554,0.9664,1.8216,1.6433,1.9367,3.1350,3.2541,2.3009,2.1869,3.6761,3.0283,1.8792,1.2010,2.9091,2.0054,2.2939,3.1875,0.7946,1.3232,4.1008,2.6523,1.9946,1.8541,0.6085,1.1525,0.8408,1.9135,3.7526,4.3178,3.9979,3.6806,2.1608,5.5786,4.1712,4.2120,5.2869,6.4781,3.9699,4.7855,2.9355,2.6274,2.4865,0.5362,1.5736,1.5000,3.0052,2.8936,4.4056,2.7384,2.9801,2.4758,5.8611,4.8040,3.5731,3.2025,4.0338,3.1691,4.1714,3.8017,3.8315,3.8608,3.8902,3.9200,3.9371,3.9666,3.9898,4.0209,4.0520,4.0837,4.1159,4.1489,4.1824,4.2341,4.2504,4.2860,4.3225,4.3598,4.3981,4.4373,4.4776,4.5020,4.5636,4.6077,4.6532,4.7002,4.7487,4.7990,4.8510,5.0102,4.9472,5.0035,5.0619,5.1226,5.1858,5.2517,5.3205,5.2879,5.4941,5.5772,5.6651,5.7582,5.8571,5.9623,6.0747,6.8451,6.9010,6.9158,6.9735
45137.3333333,2.0494,4.7119,6.4863,6.0056,10.4328,8.3504,7.2341,3.5790,7.7430,7.6952,6.9335,6.2745,4.0749,5.8737,5.1831,5.4741,15.5149,6.5881,5.9655,3.2756,7.5084,3.4766,2.9635,7.5428,6.3565,10.7597,5.1629,1.8325,6.6802,2.3832,4.9429,3.3373,11.9201,6.8414,5.1288,4.3956,7.2956,7.8123,3.4765,10.2171,8.2096,8.9880,4.9842,6.6708,15.1355,6.9017,5.3704,5.9703,3.2831,5.6297,8.9475,8.2427,16.6804,8.8748,3.2335,4.3349,4.8678,6.5801,11.1851,8.2472,10.7667,6.5663,2.7515,2.4810,7.5480,3.3366,13.6236,6.4554,-3.4170,0.9072,5.2982,5.2107,5.0323,0.9920,5.5534,7.7207,5.6437,6.8725,5.1629,8.5876,16.1805,14.9997,10.1690,11.2959,6.1378,6.3477,9.8952,7.3998,8.6157,7.3959,8.1122,10.2387,11.4270,11.0618,4.5584,5.7520,6.9064,10.7509,8.1544,8.9372,7.4657,9.9840,6.6244,15.9031,12.1685,24.9032,20.5407,20.7829,8.2018,17.1160,8.6680,2.5953,7.8252,5.8782,8.3642,13.7320,4.4834,7.7686,6.9555,6.6450,1.2322,13.3245,3.4779,6.3322,5.1461,7.1810,7.2016,9.3686,6.1611,2.0022,3.7590,3.9939,8.9114,11.5555,6.6063,5.1877,4.4799,8.9882,10.3858,4.0314,2.4160,6.0324,4.0994,4.7716,6.7053,1.5992,2.9340,8.2452,5.5746,4.7508,3.7280,1.2263,2.3381,1.7693,4.2247,7.7862,9.5117,8.1332,8.0169,4.4709,24.6245,8.9378,10.2870,10.6592,16.0704,9.0219,9.8446,7.6423,5.6230,8.9727,1.0875,4.8440,3.0981,7.3519,6.2493,16.7509,5.6044,6.5510,5.1322,12.6607,10.5686,7.4349,6.4050,8.1794,6.3803,8.7080,7.9478,8.0298,8.1123,8.1964,8.2830,8.3457,8.4354,8.5107,8.6040,8.6995,8.7980,8.8998,9.0051,9.1142,9.2271,9.3442,9.4657,9.5918,9.7228,9.8589,10.0005,10.1479,9.5311,10.5208,10.6928,10.8724,11.0600,11.2560,11.4609,11.6753,11.8997,12.1345,12.3805,12.6382,12.9083,13.1914,13.4884,13.8000,14.1269,19.6639,19.7672,19.8717,19.9776,20.0845,20.1925,20.3015,20.4112,20.5217,20.5493,20.6633
45137.3750000,2.4736,5.6876,7.8843,7.2498,23.0221,12.7614,8.7339,10.0417,15.4089,11.7624,10.4878,9.6592,6.2362,8.8710,6.9349,7.5452,32.6710,9.7807,23.2383,5.0474,19.6460,4.9125,3.5786,12.5410,8.2352,21.9501,8.2006,2.2133,12.6593,8.1492,5.5505,14.0078,28.1725,29.8444,33.3193,27.6868,13.3266,11.4682,5.2889,19.6799,10.0641,13.3444,6.0219,9.1936,20.1256,14.3578,8.4447,7.2141,5.1145,6.9382,37.5941,33.2947,35.0297,17.7063,5.1508,21.0120,5.4859,14.6606,19.9847,12.4573,39.0807,10.1252,3.3251,2.9982,14.3538,4.0334,29.7174,28.4367,-17.5285,1.1159,10.8110,6.5588,19.1205,1.2607,12.2130,16.3694,8.1619,17.6189,7.0691,12.2370,33.5091,28.9044,15.2731,42.8386,7.4436,9.2684,12.5978,8.9805,10.4530,37.3851,20.2909,19.5445,37.2674,43.6049,9.3256,8.4451,10.3467,16.8029,12.1377,35.7564,9.7418,42.4985,9.9643,34.0960,44.1341,49.4655,41.1243,42.5392,16.5469,33.8430,16.9572,8.5257,9.9842,8.4408,33.1538,29.6534,6.4808,11.6907,14.3768,12.8593,1.5267,27.9987,4.4101,12.2254,7.5691,9.2642,13.4575,18.8992,12.3916,2.9960,7.8662,15.6929,19.7921,25.7866,12.8877,7.1751,6.2316,29.5464,22.4388,5.0218,3.7591,9.4324,9.3951,6.9666,11.3259,1.9394,5.9815,15.6036,12.9562,5.9653,7.7021,1.5328,2.8625,3.7624,5.3290,11.5020,18.4989,10.7745,15.1675,6.4135,50.6859,14.3583,22.5559,14.0602,22.1077,24.8415,15.8417,29.0631,22.1885,18.6841,1.5374,10.4358,4.2741,23.9443,11.3363,34.4938,9.0988,12.7709,7.6051,22.9425,20.6167,10.9665,8.2991,11.3656,8.8678,12.8628,11.7625,11.9477,12.1366,12.3309,12.5808,12.7606,12.9770,13.2009,13.4327,13.6717,13.9190,14.1753,14.4409,14.7163,15.0018,15.2980,15.6052,15.9240,16.2549,16.5984,16.9550,17.3252,17.7098,18.1091,18.5240,18.9550,19.4029,19.8682,20.3518,20.8543,21.3767,37.5109,37.6222,37.7354,37.8506,37.9676,38.0865,38.2071,38.3295,38.4536,38.5793,38.7065,38.8350,38.9649,39.0959,39.2280,39.3609,39.4945,39.5274,39.6650
45137.4166667,2.4220,5.5691,8.8556,13.0074,95.7562,18.7996,18.0645,8.1450,59.3654,17.1088,15.7308,14.4965,9.2633,13.2659,8.7373,11.7942,51.4328,13.9734,37.5285,4.6397,16.1932,12.8338,4.8678,12.6475,12.5349,74.1258,12.9292,10.4417,49.5132,11.6344,15.2459,19.8711,46.8243,48.0640,53.9973,45.1562,59.4823,19.7763,6.3309,67.2052,22.6053,18.1491,5.9020,9.1657,94.6282,48.0681,12.3025,11.8791,7.3973,10.7686,59.6048,52.8094,54.9637,62.8822,7.0586,32.2131,16.3274,60.7033,74.9266,17.8276,61.0459,14.9003,6.1955,2.9390,13.5927,3.9550,47.6799,45.6961,-25.4602,1.5289,38.0900,6.5402,28.0946,1.6699,10.1273,59.1540,11.8399,71.5513,10.6350,21.1021,111.2435,94.9807,21.7033,67.8669,7.3092,9.0384,13.9718,8.8210,26.5875,59.0009,73.5340,83.0222,84.4590,68.6496,39.6343,12.0797,14.9590,24.9272,17.0887,56.9229,16.2526,66.6160,14.2687,54.0933,68.2921,74.9295,62.8270,65.6659,26.3643,51.7102,26.6129,14.9877,11.4979,11.5714,52.5484,47.5269,7.5881,16.5141,54.6479,51.0344,2.1441,44.4227,6.7618,40.8353,6.8081,47.6446,42.6082,60.1741,42.6669,4.6977,30.9044,26.1050,32.6135,42.0734,59.3738,8.5667,8.3344,46.6491,36.2722,18.5525,4.4613,42.6029,34.1243,9.6094,48.2792,2.6122,22.8531,68.3252,50.4661,8.6344,33.5175,1.7527,3.7715,12.2122,6.9686,16.2379,60.8677,12.8396,58.6928,8.9851,78.0989,66.7815,65.6607,15.3653,52.1332,32.7020,27.6451,46.3311,35.3012,29.9379,3.3201,17.6696,5.7836,37.5918,34.9715,53.6531,9.9808,43.3604,10.7434,77.7445,66.5214,15.2892,53.5514,15.0009,11.8214,18.0026,16.4984,16.8321,17.1737,17.5252,17.8874,18.2294,18.6120,19.0065,19.4134,19.8323,20.2643,20.7101,21.1702,21.6451,22.1354,22.6415,23.1641,23.7037,24.2608,24.8362,25.4305,56.1361,56.2266,56.3188,56.4129,56.5088,56.6067,56.7064,56.8080,56.9116,57.0172,57.1248,57.2343,57.3458,57.4592,57.5746,57.6919,57.8110,57.9319,58.0546,58.1789,58.3048,58.4321,58.5608,58.6907,58.8216,58.9536,59.0862,59.1199,59.2566
45137.4583333,2.2158,6.8403,22.1318,99.9769,126.3716,25.9545,25.1444,11.5870,79.0351,84.8865,83.8405,20.0697,47.4940,67.4451,69.5967,16.0935,68.4517,18.7947,14.1882,5.6767,84.8158,21.5457,7.6368,8.7532,17.7155,97.1047,73.1489,14.3123,66.2258,7.3768,29.4227,8.0163,19.3887,23.6905,72.8023,61.2592,79.2673,77.7830,9.6498,88.4357,90.6995,24.0035,5.4049,10.1252,122.9903,63.9033,16.8184,27.1956,10.6277,8.6651,20.9875,70.5065,72.9503,23.2711,8.2171,22.9292,11.7190,81.5218,98.3915,83.0120,80.7122,20.4810,5.1638,6.9411,11.8482,14.2270,64.1239,61.5510,-4.8674,2.3172,14.7370,8.1945,12.2658,8.2838,21.9539,78.8948,62.3727,95.7424,16.0082,21.9036,144.7262,123.7769,102.9309,24.5706,6.7016,14.6962,101.3394,24.9137,101.6277,78.4073,97.6405,109.3443,110.6752,90.9234,13.6502,16.0711,20.3161,34.2030,22.7102,21.1280,73.5631,88.0671,66.4523,72.1663,89.6925,97.2336,82.0769,86.1913,35.8528,67.7928,35.9517,4.6769,73.0328,15.8227,70.1920,63.9492,10.9817,77.6019,73.3083,68.3560,2.9772,59.6269,41.8774,55.0035,28.1583,63.9238,56.9818,79.3639,57.6048,10.9968,42.7186,15.5318,6.0151,11.3253,9.6017,52.4868,50.1875,33.3394,13.2708,43.0296,36.8374,57.2865,46.7308,45.6444,64.5814,4.5958,32.1963,90.6492,14.2889,12.2576,9.8697,3.0391,4.8043,5.8589,10.2618,84.2149,80.3499,86.6935,20.1451,41.9393,102.2477,88.4334,25.1684,43.0118,83.5268,97.2150,92.8479,62.1752,47.6186,40.7055,3.3012,25.1272,7.7823,50.3080,46.8574,70.9561,24.9671,58.0869,14.5248,101.5102,25.2631,20.3616,18.4423,19.1677,19.9792,80.6689,72.3472,72.4098,72.4714,72.5332,72.5959,72.6306,72.6928,72.7560,72.8201,72.8845,72.9497,73.0161,73.0836,73.1524,73.2224,73.2937,73.3664,73.4405,73.5161,73.5931,73.6717,73.7518,73.8336,73.9170,74.0021,74.0889,74.1775,74.2679,74.3600,74.4540,74.5498,74.6475,74.7470,74.8484,74.9515,75.0565,75.1633,75.2718,75.3820,75.4939,75.6073,75.7222,75.8386,75.9562,76.0750,76.1948,76.3156,76.4372,76.4679,76.5933
45137.5000000,2.1084,10.1098,97.5608,116.8251,146.4837,116.4610,110.1219,14.7608,92.2518,98.9855,97.9314,85.5299,56.3338,79.1037,81.7180,72.8338,80.0048,76.2322,60.1144,47.4748,98.8709,14.3349,9.5735,16.6560,77.7486,112.4331,85.8985,5.5266,77.5793,9.3078,69.0634,22.7575,37.3842,76.0695,85.4562,72.2120,92.5546,90.7878,12.6010,102.6546,105.5495,101.8235,8.5994,11.5050,141.7287,74.7145,70.2109,88.1077,48.2574,8.4834,92.7088,82.4803,85.1151,97.0165,10.3115,15.6645,13.7401,95.4445,114.0201,96.6935,93.9387,85.0613,11.3170,8.9983,11.1333,23.5464,75.3014,72.3571,-33.2105,10.3563,60.8257,17.2392,15.7698,11.4336,18.3761,92.1506,73.2497,111.7844,20.3286,27.3650,166.6838,142.7766,119.4180,105.0745,12.0342,20.0683,117.5304,29.0358,118.1582,91.4542,113.6406,126.7546,128.0303,105.7744,63.8186,19.8001,90.3711,144.8318,102.5206,88.8097,85.8352,102.3977,77.8107,84.3635,104.0070,112.1413,95.0458,99.9546,42.6420,78.7624,42.6550,26.9656,85.4020,72.4844,82.1293,75.1126,13.4676,90.5444,85.8901,80.1041,3.8799,70.0594,50.0676,64.8007,91.0456,75.0805,66.9681,92.4106,67.9623,33.3054,51.1212,25.3168,11.7493,15.0696,93.3876,62.3283,59.6615,73.4553,58.7175,51.4867,44.5965,67.5938,55.7184,54.3208,75.9048,5.9791,39.1149,105.7517,17.7266,15.4459,12.2643,4.0157,27.3828,7.6753,12.7512,98.3394,93.5904,101.0884,91.1615,49.9052,118.4121,102.9962,101.1639,66.5123,84.8957,113.3007,107.8626,73.0469,56.2630,48.3644,15.0223,30.6803,42.0639,59.1844,55.2097,82.7256,15.5614,68.2199,60.7036,117.3687,101.5182,85.3277,83.8444,104.5502,93.0338,93.9089,84.4070,84.4659,84.5237,84.5818,84.6407,84.6729,84.7313,84.7906,84.8509,84.9113,84.9726,85.0350,85.0984,85.1630,85.2288,85.2958,85.3641,85.4337,85.5047,85.5771,85.6510,85.7263,85.8032,85.8816,85.9616,86.0433,86.1266,86.2116,86.2983,86.3868,86.4769,86.5689,86.6626,86.7581,86.8553,86.9542,87.0549,87.1572,87.2611,87.3666,87.4736,87.5821,87.6919,87.8030,87.9152,88.0284,88.1425,88.2574,88.2858,88.4044
45137.5416667,11.7368,49.7971,103.1536,123.4417,154.3786,122.9326,116.3127,75.0122,97.5177,104.5861,103.5206,90.5122,59.9185,83.7681,86.5501,77.1929,84.6436,80.7068,63.8544,50.6382,104.4567,15.5810,59.8718,17.3499,82.3748,118.5346,33.2058,3.0697,82.1348,9.9177,16.1383,4.4208,16.4829,80.6029,39.2532,76.5958,97.8454,95.9747,14.0591,108.3241,111.4421,107.4952,20.6446,24.9506,149.1513,79.0750,74.4303,93.2261,51.4570,40.0234,98.0049,87.2724,89.9896,102.4759,11.3215,15.4218,15.0858,21.3897,120.2295,102.1434,99.2221,90.0034,16.1446,10.8766,8.4446,82.6888,79.7822,76.6960,-33.9526,11.7188,64.5899,86.6286,83.6509,12.8471,20.1768,97.4279,77.6183,26.3930,22.2513,27.9162,175.3306,150.2899,125.9429,110.9730,18.5351,95.3614,123.9460,108.7756,124.6859,96.6593,119.9630,133.6318,134.9008,111.6683,67.7792,87.2999,95.5666,152.6604,108.2739,93.9199,90.7479,108.0985,82.3683,89.2404,109.7165,118.1061,100.2556,105.4560,45.4630,83.2051,45.4496,29.1308,90.3432,76.8215,86.9078,79.5885,14.6610,95.7124,20.8940,84.8099,17.8981,74.2708,53.4068,68.7739,21.3267,79.5813,71.0430,97.6722,72.1785,16.2549,12.5635,47.0593,12.8546,15.2893,98.9370,66.3970,14.9191,78.0153,62.6335,55.0853,47.9282,71.9351,59.5535,58.0581,80.6626,31.0639,42.1956,111.9679,19.4393,17.1889,58.7468,18.0954,29.8711,8.6069,13.9914,104.1936,99.1252,107.0461,96.6235,53.3924,125.0504,50.5859,107.0473,120.7595,153.4212,119.8420,114.0180,77.5981,59.9551,51.6648,16.7862,33.1377,45.0785,62.9014,58.7163,87.5345,68.8215,72.3822,64.5304,123.7420,107.1895,90.2990,88.7848,110.4692,98.4528,99.2479,89.2927,89.3493,89.4049,89.4609,89.5178,89.5483,89.6050,89.6626,89.7213,89.7802,89.8400,89.9010,89.9631,90.0264,90.0910,90.1568,90.2240,90.2925,90.3625,90.4338,90.5067,90.5810,90.6568,90.7343,90.8133,90.8940,90.9763,91.0603,91.1460,91.2334,91.3226,91.4135,91.5061,91.6005,91.6965,91.7943,91.8938,91.9949,92.0976,92.2019,92.3076,92.4147,92.5232,92.6329,92.7437,92.8555,92.9682,93.0816,93.1090,93.2261
45137.5833333,9.9074,112.8935,100.2524,19.9759,150.2873,119.5771,113.1024,15.5964,94.7856,101.6810,100.6213,87.9267,58.0555,81.3470,84.0422,74.9296,82.2358,78.3839,61.9111,48.9930,101.5592,14.5735,10.9056,80.4628,16.2376,115.3709,9.3792,1.8833,39.4606,9.9748,15.4068,11.6006,15.6944,31.5894,35.3004,74.3196,95.1004,93.2835,13.3579,105.3836,108.3861,104.5535,47.7645,106.1379,145.3047,76.8112,72.2392,90.5702,49.7930,85.8837,95.2572,84.7853,87.4600,99.6439,9.9547,15.5113,13.6974,10.4585,117.0099,99.3163,96.4811,87.4387,14.9002,11.1196,11.7911,31.1077,17.8773,74.4432,-33.5786,11.0047,62.6343,16.1717,13.8476,12.1068,88.6218,22.3248,75.3504,24.5699,21.2075,151.5604,170.8516,146.3969,122.5606,107.9144,115.8179,92.6627,120.6205,105.7642,121.3024,93.9597,116.6858,130.0680,131.3408,108.6132,13.9961,84.7842,92.8732,148.6057,105.2924,91.2711,88.2016,105.1452,80.0051,86.7124,106.7587,115.0173,97.5575,102.6075,44.0016,80.9085,44.0081,28.0174,87.7953,74.5874,84.4471,77.2855,63.3135,93.0554,20.0454,19.5070,17.0486,72.1223,51.7132,66.7589,93.7000,77.3115,69.0093,95.0356,70.0913,16.6945,52.9098,10.6242,6.6864,13.9642,96.2175,64.4620,61.7543,75.8673,60.8334,53.4668,46.4618,16.9640,13.4022,56.4341,78.5190,4.1734,6.5911,109.1003,18.5873,16.4228,12.9410,17.4854,29.0067,18.6173,60.6585,101.5869,96.6906,104.3894,94.2054,52.0040,122.0242,44.9616,104.3905,117.8169,149.6975,116.8345,111.2129,18.0229,58.4084,50.3073,16.2249,32.1699,43.7956,61.2398,57.1433,85.2757,66.9620,70.4395,62.7522,120.6410,104.4454,87.9113,86.4064,107.5784,95.8170,96.6510,86.9259,86.9786,87.0305,87.0827,87.1359,87.1627,87.2158,87.2701,87.3254,87.3811,87.4379,87.4958,87.5551,87.6157,87.6777,87.7410,87.8059,87.8722,87.9400,88.0094,88.0804,88.1530,88.2272,88.3032,88.3809,88.4604,88.5416,88.6246,88.7094,88.7960,88.8845,88.9748,89.0670,89.1609,89.2567,89.3542,89.4535,89.5545,89.6572,89.7615,89.8673,89.9746,90.0832,90.1931,90.3042,90.4162,90.5293,90.6430,90.6704,90.7879
45137.6250000,7.8810,21.6483,21.0673,16.7689,133.6810,28.1001,100.1309,12.9027,23.3862,25.6910,24.9625,21.9235,14.2669,20.2412,16.8885,18.8093,72.6455,69.1376,54.2214,11.7500,89.9173,21.1470,9.0350,70.7543,13.7644,102.6895,14.0711,1.9647,10.8735,4.7289,12.5202,5.0575,8.2367,22.7386,25.1888,24.2072,22.7944,23.0257,10.8666,27.8052,96.0931,24.9459,48.5076,93.8504,129.8313,67.8296,63.5238,79.9066,43.2480,28.5903,84.2340,74.8492,77.3687,88.2914,8.3017,10.7343,7.4365,14.3227,104.0815,87.9814,85.5202,22.1808,12.0615,8.9560,8.1422,11.8561,15.1860,65.4630,-31.6544,2.5932,14.7441,13.5721,11.5157,2.8318,20.0233,19.0423,66.3145,20.6810,17.4986,134.3041,152.7417,130.7110,30.7585,27.0938,102.3662,22.6979,107.2341,93.6369,107.6360,83.1501,103.4547,115.6842,117.0051,96.3281,11.7941,17.4231,21.6358,36.4162,25.8474,80.6560,23.3942,93.2962,70.5870,27.5528,94.9244,102.7035,86.8330,91.2318,38.3457,71.8404,38.4444,23.7537,22.1569,18.1313,74.6084,14.6631,14.9374,82.4062,17.1092,16.7518,3.5022,63.5587,9.7333,16.7660,82.5163,68.1936,60.8708,84.3999,61.6613,7.0816,7.0312,19.2213,7.1825,11.8167,85.0242,56.4862,54.0852,66.9533,14.5424,11.0721,17.1772,14.5963,11.3457,49.4271,69.3377,3.5073,5.6473,96.8123,15.7188,13.6718,10.9001,14.3390,24.7666,18.4952,14.5871,24.2492,85.9335,92.6812,83.5290,13.5302,108.8688,33.0361,92.7653,105.0370,133.6833,103.7302,98.9979,15.4609,51.4263,13.5270,13.3216,8.3890,38.1022,54.0777,50.4139,75.7432,59.0751,18.7108,15.8020,107.7574,93.0306,77.9524,19.8825,27.1836,21.7656,85.9008,77.1424,77.1964,77.2494,77.3025,77.3566,77.3829,77.4365,77.4912,77.5468,77.6028,77.6596,77.7177,77.7770,77.8376,77.8996,77.9629,78.0277,78.0940,78.1619,78.2313,78.3024,78.3751,78.4496,78.5259,78.6040,78.6839,78.7657,78.8495,78.9351,79.0227,79.1123,79.2038,79.2973,79.3928,79.4903,79.5897,79.6910,79.7942,79.8992,80.0060,80.1145,80.2246,80.3362,80.4492,80.5636,80.6791,80.7957,80.9132,80.9407,81.0622
45137.6666667,2.2478,7.8209,15.6667,12.4969,18.5221,20.8221,20.2145,7.0322,67.3443,19.2005,14.6345,16.3121,10.1648,15.0895,12.5286,14.0189,16.4425,15.4362,11.3983,4.9735,11.2298,5.0016,6.5884,10.9477,5.7466,83.4113,7.0457,2.0135,10.3038,4.0746,15.9530,7.0293,8.2287,11.8702,22.7722,14.0458,67.5178,66.2807,17.2001,21.4705,15.9413,19.1877,15.4200,19.1978,106.1366,54.3722,13.7298,63.9124,8.1695,14.1184,16.2944,59.9473,62.1921,18.8903,16.1507,7.7720,8.7704,12.0672,84.4420,19.6621,19.6830,16.5963,17.4068,14.3737,52.7209,13.9838,54.3104,52.0761,-6.5838,1.7022,8.7961,58.8031,5.2650,1.9018,14.6644,67.1811,14.0521,14.7160,36.0811,108.1620,124.9553,106.7145,23.5008,19.9616,82.0962,16.9481,86.9077,75.3418,86.9341,18.5068,17.6026,93.8162,95.1612,77.7498,8.8510,12.9163,16.3075,27.3874,19.7484,17.0904,17.8343,75.3725,15.5685,61.4365,76.9727,83.9029,70.5584,73.9833,30.0663,58.1537,30.2815,5.0452,11.1524,13.3481,15.8802,18.8698,7.6851,18.4386,12.8771,9.8030,2.5253,50.7658,7.3029,46.7779,26.2392,54.5426,48.7036,68.3026,49.0894,5.2899,5.1250,30.6587,10.4516,12.6913,68.1727,44.6412,42.7044,53.5754,42.1134,36.5469,5.8823,20.6014,8.5425,39.0036,15.3230,1.8318,4.6078,78.1267,7.7658,9.3006,8.1219,4.3522,5.2675,10.1091,41.8413,72.5624,69.4644,11.1031,17.3207,35.8685,88.6052,76.2841,74.9578,85.3679,108.9787,17.1321,80.2322,22.6747,40.8301,34.8133,3.9722,21.1179,8.0469,43.1917,40.2059,61.1632,47.1218,49.8051,11.9561,87.9149,75.5286,62.7837,61.4100,77.2028,17.1735,69.4899,62.2464,62.3058,62.3639,62.4221,62.4811,62.5114,62.5696,62.6287,62.6887,62.7487,62.8096,62.8714,62.9344,62.9986,63.0639,63.1305,63.1984,63.2676,63.3382,63.4103,63.4839,63.5590,63.6358,63.7142,63.7943,63.8761,63.9596,64.0450,64.1322,64.2212,64.3122,64.4050,64.4997,64.5964,64.6949,64.7953,64.8976,65.0017,65.1076,65.2153,65.3246,65.4355,65.5479,65.6618,65.7769,65.8932,66.0106,66.1289,66.1550,66.2774
45137.7083333,2.7850,6.6091,9.3711,8.1607,15.0242,12.6495,11.6028,5.5709,14.6724,11.6122,10.0043,9.5311,6.0982,8.9927,10.7522,8.3965,10.6081,9.8161,7.1054,4.4522,10.7765,4.5316,4.4286,6.8146,7.0083,19.1806,7.9518,2.4893,8.5354,3.3752,5.8798,3.5514,5.7205,8.4652,10.0804,6.6299,13.0502,22.3457,7.0095,14.3404,12.0345,12.9872,8.2338,10.7812,39.0996,12.3029,8.4064,20.5177,4.6689,7.4917,10.6600,11.8710,21.7002,11.2563,4.5651,6.1417,6.9667,9.1881,16.6935,12.2973,12.7345,9.8861,6.1533,3.3693,6.9349,4.5306,17.7622,10.9716,-3.3415,1.2837,6.6608,8.4749,5.6282,1.4257,10.9441,11.3424,8.6491,10.6316,8.2046,32.0021,27.3652,24.0678,13.8098,12.1550,13.4377,9.1009,30.1064,24.7170,16.5352,11.5892,12.2081,32.0639,20.6505,13.9714,5.9063,8.4640,10.3250,16.2368,12.4031,10.5779,11.5163,26.1790,9.9076,13.5389,14.0109,32.5383,27.0215,27.1870,11.5473,22.8123,12.2400,3.4937,10.0599,8.9042,12.9636,11.5115,6.2662,10.9993,9.3310,9.4828,1.8774,17.8173,4.8565,10.4947,11.9405,13.6420,11.7169,25.1224,10.4548,3.0511,5.1069,10.0278,6.9145,7.5865,22.0747,14.4593,14.0294,18.7521,14.0845,6.8457,4.3519,8.5442,6.0803,13.4471,9.9688,2.2485,3.7145,13.3776,8.5989,6.3271,5.6112,2.2987,3.5868,2.8286,13.1649,11.3379,12.6982,11.0876,10.9159,12.4423,31.9941,14.2219,17.2063,30.5528,38.1427,11.6131,28.1368,12.0317,14.4914,12.4419,2.0376,7.2338,4.8067,11.2409,15.0385,22.1404,16.1985,17.3749,7.6989,32.3811,27.2353,21.6560,20.4540,25.8774,10.1371,24.5094,22.0538,22.1354,22.2156,22.2959,22.3773,22.4236,22.5043,22.5861,22.6691,22.7522,22.8364,22.9219,23.0088,23.0971,23.1870,23.2784,23.3714,23.4661,23.5625,23.6608,23.7608,23.8627,23.9665,24.0724,24.1802,24.2901,24.4022,24.5163,24.6327,24.7512,24.8719,24.9949,25.1201,25.2475,25.3771,25.5089,25.6429,25.7790,25.9171,26.0572,26.1992,26.3430,26.4885,26.6356,26.7841,26.9339,27.0848,27.2367,27.2750,27.4316
45137.7500000,2.0677,5.1259,6.3770,6.0588,10.5363,8.5242,7.4514,4.1151,7.4837,7.8220,7.0225,6.3633,3.9223,5.8455,5.5190,5.6481,7.2280,6.6417,4.6580,3.3158,8.0168,3.3338,2.9891,4.9524,5.2030,11.6417,4.9952,1.8480,6.3290,2.4508,4.7855,2.6365,4.1868,6.1911,7.1334,4.9780,7.1485,14.1113,2.7935,9.8372,8.2782,8.9812,5.3652,7.0933,25.3289,7.4981,5.6788,6.9793,3.4622,4.9277,7.3059,6.8009,13.7975,8.3258,3.0973,4.3994,4.3057,6.7642,10.9095,8.3337,8.3127,6.2980,3.2334,2.5012,4.2270,3.3632,11.0917,8.4819,-2.0035,0.9212,4.8590,4.7626,3.9367,1.0148,5.1939,6.8945,5.5850,7.8257,4.9597,7.3500,16.8237,13.6526,10.2205,8.2113,6.2078,6.7182,11.2168,8.5366,12.1370,7.8585,9.4055,12.3025,12.2576,8.5068,4.2942,6.4440,7.0346,10.8544,8.4548,7.1479,7.5657,16.6787,6.4975,8.1121,10.2696,21.2430,17.5596,17.5295,7.3701,14.8525,7.9005,2.4277,7.1528,6.0877,7.7361,8.0508,4.4926,8.1197,6.5439,6.9608,1.3232,6.4553,3.6174,6.3932,8.1237,6.8548,7.1181,16.1830,6.2219,2.1944,3.9819,3.3725,4.3675,5.4899,13.8114,8.9645,8.7191,11.8981,8.7896,4.1867,3.1061,6.4711,4.2307,8.4370,6.7390,1.6689,2.7527,8.3860,5.4059,4.2446,3.8903,1.3469,2.4904,1.7803,5.0565,7.9688,8.8003,8.4844,7.5605,4.9341,14.4020,9.1134,11.4048,11.9319,13.3345,8.3895,17.9800,7.2031,5.9536,7.8485,1.1753,3.0012,3.2411,7.5376,6.4510,14.1915,10.2088,11.0023,5.6251,13.1022,17.4997,8.0769,8.3050,9.2863,7.4221,9.5828,8.7726,8.8961,9.0223,9.1527,9.2882,9.4022,9.5465,9.6969,9.8535,10.0161,10.1855,10.3625,10.5474,10.7407,14.9295,14.9984,15.0685,15.1398,15.2125,15.2864,15.3618,15.4386,15.5168,15.5965,15.6777,15.7605,15.8449,15.9308,16.0184,16.1076,16.1984,16.2909,16.3851,16.4809,16.5784,16.6775,16.7781,16.8804,16.9841,17.0894,17.1960,17.3039,17.4131,17.5235,17.6348,17.7471,17.8603,17.9741,18.0034,18.1206
45137.7916667,0.8838,2.0919,2.7294,2.5893,4.4979,3.5010,3.1251,1.5428,3.1055,3.1806,2.8724,2.5819,1.6761,2.4514,2.2342,2.2979,2.9778,2.7326,1.9797,1.3949,3.3059,1.3443,1.2772,2.1043,2.2230,4.6023,2.1340,0.7895,2.6769,0.8663,1.8127,1.1263,1.4591,2.2585,2.2094,1.8935,2.9915,3.0717,1.1118,4.0436,3.5360,3.7276,2.1501,2.8765,6.1599,2.9879,2.3168,2.5853,1.4188,1.9701,3.0204,2.8166,3.3058,3.4669,1.3228,1.3296,1.6023,2.4810,4.4199,3.3936,3.5502,2.6897,1.1847,1.0682,1.6716,1.4361,3.0640,2.6826,-0.8270,0.3951,2.0635,2.0342,1.6701,0.4354,2.2176,2.9437,2.3846,2.8348,1.9771,3.1379,6.6484,5.8280,4.2021,3.3387,2.6497,2.7518,4.3011,3.1984,3.7429,3.2106,3.6849,4.4256,4.9700,3.6309,1.8080,2.3960,2.8899,4.4100,3.4406,2.9215,3.2214,4.7867,2.7564,2.9992,4.3748,6.5782,4.5150,4.2781,2.0686,3.9719,2.6115,1.0123,3.0136,2.5036,2.9608,2.8101,1.9163,3.3675,2.7541,2.8720,0.5592,2.6898,1.5067,2.5299,2.1074,2.8274,2.8962,3.9783,2.4217,0.8826,1.6289,1.4460,1.6951,1.9192,2.8057,1.9180,2.4504,3.4798,2.5101,1.6564,1.0615,2.5361,1.7763,2.4801,2.7982,0.7119,1.1742,3.5771,2.2909,1.7446,1.6186,0.5583,1.0330,0.7452,1.7768,3.3030,3.7464,3.5383,3.2305,1.9117,4.9120,3.6562,4.0615,4.6032,5.4755,3.4750,4.1332,2.5766,2.4119,2.1057,0.4924,1.1801,1.3236,2.6725,2.5322,4.2296,2.3961,2.6185,2.1592,5.0860,5.1647,3.1219,2.7863,3.4995,2.7614,3.6842,3.3608,3.3585,3.3867,3.4151,3.4442,3.4625,3.4921,3.5224,3.5536,3.5853,3.6894,3.6451,3.6788,3.7137,3.7496,3.7868,3.8254,3.8654,3.9070,3.9503,3.9918,4.0383,4.0869,4.1376,4.1908,4.2465,4.3051,4.3668,4.4317,4.5003,5.0386,5.0785,5.1191,5.1604,5.2024,5.2452,5.2886,5.3327,5.3775,5.4229,5.4689,5.5155,5.5627,5.6103,5.6584,5.7069,5.7557,5.8049,5.8179,5.8686
45137.8333333,0.3257,0.7488,0.9974,0.9542,1.6575,1.2798,1.1491,0.5685,1.1248,1.1697,1.0575,0.9500,0.6176,0.9033,0.8233,0.8451,1.0908,1.0056,0.7267,0.5093,1.1924,0.4953,0.4706,0.7753,0.8190,1.6917,0.7861,0.2908,0.9786,0.3191,0.6243,0.4149,0.5375,0.8319,0.8138,0.6975,1.1019,1.1314,0.3987,1.4870,1.3024,1.3696,0.7906,1.0580,2.2352,1.0945,0.8517,0.9468,0.5206,0.7240,1.1092,1.0291,1.1717,1.2685,0.4871,0.4896,0.5900,0.9136,1.6276,1.2497,1.3073,0.9905,0.4363,0.3934,0.6049,0.5287,0.8641,0.8327,-0.3034,0.1457,0.7597,0.7421,0.6148,0.1603,0.8164,1.0836,0.8778,1.0435,0.7278,1.1550,2.4469,2.1450,1.5449,1.2263,0.9751,1.0097,1.5727,1.1770,1.3699,1.1780,1.2907,1.6287,1.8177,1.3361,0.6637,0.8817,1.0620,1.6198,1.2635,1.0733,1.1814,1.3850,1.0138,1.0754,1.5785,2.0174,1.6612,1.5740,0.7611,1.4613,0.8531,0.3722,1.0988,0.9197,1.0874,0.9261,0.6993,1.2359,1.0073,1.0360,0.2057,0.9869,0.5538,0.9257,0.7751,1.0090,1.0603,1.4628,0.8886,0.3157,0.5856,0.5248,0.5931,0.7058,1.0318,0.7054,0.7066,1.0294,0.7336,0.6092,0.3904,0.9251,0.6492,0.7431,1.0267,0.2618,0.4318,1.3154,0.8424,0.6365,0.5952,0.2053,0.3798,0.2656,0.6108,1.2001,1.3764,1.2831,1.1820,0.7011,1.7870,1.3376,1.3706,1.6873,2.0080,1.2548,1.5068,0.9287,0.8323,0.7341,0.1810,0.4331,0.4859,0.9549,0.9298,1.2661,0.8715,0.9527,0.7927,1.8630,1.5287,1.1441,1.0168,1.2805,1.0130,1.3345,1.2181,1.2278,1.2373,1.2469,1.2565,1.2621,1.2718,1.2815,1.2914,1.3013,1.3114,1.3216,1.3320,1.3425,1.3533,1.3642,1.3753,1.3866,1.3982,1.4099,1.4219,1.4341,1.4465,1.4592,1.4721,1.4852,1.4986,1.5123,1.5262,1.5404,1.5549,1.5696,1.5846,1.5998,1.6154,1.6311,1.6472,1.6634,1.6800,1.6967,1.7137,1.7310,1.7484,1.7660,1.7837,1.8016,1.8197,1.8379,1.8428,1.8615
45137.8750000,0.0000,0.0000,0.0000,0.0000,0.0000,0.0000,0.0000,0.0000,0.0000,0.0000,0.0000,0.0000,0.0000,0.0000,0.0000,0.0000,0.0000,0.0000,0.0000,0.0000,0.0000,0.0000,0.0000,0.0000,0.0000,0.0000,0.0000,0.0000,0.0000,0.0000,0.0000,0.0000,0.0000,0.0000,0.0000,0.0000,0.0000,0.0000,0.0000,0.0000,0.0000,0.0000,0.0000,0.0000,0.0000,0.0000,0.0000,0.0000,0.0000,0.0000,0.0000,0.0000,0.0000,0.0000,0.0000,0.0000,0.0000,0.0000,0.0000,0.0000,0.0000,0.0000,0.0000,0.0000,0.0000,0.0000,0.0000,0.0000,0.0000,0.0000,0.0000,0.0000,0.0000,0.0000,0.0000,0.0000,0.0000,0.0000,0.0000,0.0000,0.0000,0.0000,0.0000,0.0000,0.0000,0.0000,0.0000,0.0000,0.0000,0.0000,0.0000,0.0000,0.0000,0.0000,0.0000,0.0000,0.0000,0.0000,0.0000,0.0000,0.0000,0.0000,0.0000,0.0000,0.0000,0.0000,0.0000,0.0000,0.0000,0.0000,0.0000,0.0000,0.0000,0.0000,0.0000,0.0000,0.0000,0.0000,0.0000,0.0000,0.0000,0.0000,0.0000,0.0000,0.0000,0.0000,0.0000,0.0000,0.0000,0.0000,0.0000,0.0000,0.0000,0.0000,0.0000,0.0000,0.0000,0.0000,0.0000,0.0000,0.0000,0.0000,0.0000,0.0000,0.0000,0.0000,0.0000,0.0000,0.0000,0.0000,0.0000,0.0000,0.0000,0.0000,0.0000,0.0000,0.0000,0.0000,0.0000,0.0000,0.0000,0.0000,0.0000,0.0000,0.0000,0.0000,0.0000,0.0000,0.0000,0.0000,0.0000,0.0000,0.0000,0.0000,0.0000,0.0000,0.0000,0.0000,0.0000,0.0000,0.0000,0.0000,0.0000,0.0000,0.0000,0.0000,0.0000,0.0000,0.0000,0.0000,0.0000,0.0000,0.0000,0.0000,0.0000,0.0000,0.0000,0.0000,0.0000,0.0000,0.0000,0.0000,0.0000,0.0000,0.0000,0.0000,0.0000,0.0000,0.0000,0.0000,0.0000,0.0000,0.0000,0.0000,0.0000,0.0000,0.0000,0.0000,0.0000,0.0000,0.0000,0.0000,0.0000,0.0000,0.0000,0.0000,0.0000,0.0000,0.0000,0.0000,0.0000,0.0000,0.0000,0.0000,0.0000,0.0000
45137.9166667,0.0000,0.0000,0.0000,0.0000,0.0000,0.0000,0.0000,0.0000,0.0000,0.0000,0.0000,0.0000,0.0000,0.0000,0.0000,0.0000,0.0000,0.0000,0.0000,0.0000,0.0000,0.0000,0.0000,0.0000,0.0000,0.0000,0.0000,0.0000,0.0000,0.0000,0.0000,0.0000,0.0000,0.0000,0.0000,0.0000,0.0000,0.0000,0.0000,0.0000,0.0000,0.0000,0.0000,0.0000,0.0000,0.0000,0.0000,0.0000,0.0000,0.0000,0.0000,0.0000,0.0000,0.0000,0.0000,0.0000,0.0000,0.0000,0.0000,0.0000,0.0000,0.0000,0.0000,0.0000,0.0000,0.0000,0.0000,0.0000,0.0000,0.0000,0.0000,0.0000,0.0000,0.0000,0.0000,0.0000,0.0000,0.0000,0.0000,0.0000,0.0000,0.0000,0.0000,0.0000,0.0000,0.0000,0.0000,0.0000,0.0000,0.0000,0.0000,0.0000,0.0000,0.0000,0.0000,0.0000,0.0000,0.0000,0.0000,0.0000,0.0000,0.0000,0.0000,0.0000,0.0000,0.0000,0.0000,0.0000,0.0000,0.0000,0.0000,0.0000,0.0000,0.0000,0.0000,0.0000,0.0000,0.0000,0.0000,0.0000,0.0000,0.0000,0.0000,0.0000,0.0000,0.0000,0.0000,0.0000,0.0000,0.0000,0.0000,0.0000,0.0000,0.0000,0.0000,0.0000,0.0000,0.0000,0.0000,0.0000,0.0000,0.0000,0.0000,0.0000,0.0000,0.0000,0.0000,0.0000,0.0000,0.0000,0.0000,0.0000,0.0000,0.0000,0.0000,0.0000,0.0000,0.0000,0.0000,0.0000,0.0000,0.0000,0.0000,0.0000,0.0000,0.0000,0.0000,0.0000,0.0000,0.0000,0.0000,0.0000,0.0000,0.0000,0.0000,0.0000,0.0000,0.0000,0.0000,0.0000,0.0000,0.0000,0.0000,0.0000,0.0000,0.0000,0.0000,0.0000,0.0000,0.0000,0.0000,0.0000,0.0000,0.0000,0.0000,0.0000,0.0000,0.0000,0.0000,0.0000,0.0000,0.0000,0.0000,0.0000,0.0000,0.0000,0.0000,0.0000,0.0000,0.0000,0.0000,0.0000,0.0000,0.0000,0.0000,0.0000,0.0000,0.0000,0.0000,0.0000,0.0000,0.0000,0.0000,0.0000,0.0000,0.0000,0.0000,0.0000,0.0000,0.0000,0.0000,0.0000,0.0000,0.0000,0.0000,0.0000
45137.9583333,0.0000,0.0000,0.0000,0.0000,0.0000,0.0000,0.0000,0.0000,0.0000,0.0000,0.0000,0.0000,0.0000,0.0000,0.0000,0.0000,0.0000,0.0000,0.0000,0.0000,0.0000,0.0000,0.0000,0.0000,0.0000,0.0000,0.0000,0.0000,0.0000,0.0000,0.0000,0.0000,0.0000,0.0000,0.0000,0.0000,0.0000,0.0000,0.0000,0.0000,0.0000,0.0000,0.0000,0.0000,0.0000,0.0000,0.0000,0.0000,0.0000,0.0000,0.0000,0.0000,0.0000,0.0000,0.0000,0.0000,0.0000,0.0000,0.0000,0.0000,0.0000,0.0000,0.0000,0.0000,0.0000,0.0000,0.0000,0.0000,0.0000,0.0000,0.0000,0.0000,0.0000,0.0000,0.0000,0.0000,0.0000,0.0000,0.0000,0.0000,0.0000,0.0000,0.0000,0.0000,0.0000,0.0000,0.0000,0.0000,0.0000,0.0000,0.0000,0.0000,0.0000,0.0000,0.0000,0.0000,0.0000,0.0000,0.0000,0.0000,0.0000,0.0000,0.0000,0.0000,0.0000,0.0000,0.0000,0.0000,0.0000,0.0000,0.0000,0.0000,0.0000,0.0000,0.0000,0.0000,0.0000,0.0000,0.0000,0.0000,0.0000,0.0000,0.0000,0.0000,0.0000,0.0000,0.0000,0.0000,0.0000,0.0000,0.0000,0.0000,0.0000,0.0000,0.0000,0.0000,0.0000,0.0000,0.0000,0.0000,0.0000,0.0000,0.0000,0.0000,0.0000,0.0000,0.0000,0.0000,0.0000,0.0000,0.0000,0.0000,0.0000,0.0000,0.0000,0.0000,0.0000,0.0000,0.0000,0.0000,0.0000,0.0000,0.0000,0.0000,0.0000,0.0000,0.0000,0.0000,0.0000,0.0000,0.0000,0.0000,0.0000,0.0000,0.0000,0.0000,0.0000,0.0000,0.0000,0.0000,0.0000,0.0000,0.0000,0.0000,0.0000,0.0000,0.0000,0.0000,0.0000,0.0000,0.0000,0.0000,0.0000,0.0000,0.0000,0.0000,0.0000,0.0000,0.0000,0.0000,0.0000,0.0000,0.0000,0.0000,0.0000,0.0000,0.0000,0.0000,0.0000,0.0000,0.0000,0.0000,0.0000,0.0000,0.0000,0.0000,0.0000,0.0000,0.0000,0.0000,0.0000,0.0000,0.0000,0.0000,0.0000,0.0000,0.0000,0.0000,0.0000,0.0000,0.0000,0.0000,0.0000,0.0000,0.0000,0.0000
45138.0000000,0.0000,0.0000,0.0000,0.0000,0.0000,0.0000,0.0000,0.0000,0.0000,0.0000,0.0000,0.0000,0.0000,0.0000,0.0000,0.0000,0.0000,0.0000,0.0000,0.0000,0.0000,0.0000,0.0000,0.0000,0.0000,0.0000,0.0000,0.0000,0.0000,0.0000,0.0000,0.0000,0.0000,0.0000,0.0000,0.0000,0.0000,0.0000,0.0000,0.0000,0.0000,0.0000,0.0000,0.0000,0.0000,0.0000,0.0000,0.0000,0.0000,0.0000,0.0000,0.0000,0.0000,0.0000,0.0000,0.0000,0.0000,0.0000,0.0000,0.0000,0.0000,0.0000,0.0000,0.0000,0.0000,0.0000,0.0000,0.0000,0.0000,0.0000,0.0000,0.0000,0.0000,0.0000,0.0000,0.0000,0.0000,0.0000,0.0000,0.0000,0.0000,0.0000,0.0000,0.0000,0.0000,0.0000,0.0000,0.0000,0.0000,0.0000,0.0000,0.0000,0.0000,0.0000,0.0000,0.0000,0.0000,0.0000,0.0000,0.0000,0.0000,0.0000,0.0000,0.0000,0.0000,0.0000,0.0000,0.0000,0.0000,0.0000,0.0000,0.0000,0.0000,0.0000,0.0000,0.0000,0.0000,0.0000,0.0000,0.0000,0.0000,0.0000,0.0000,0.0000,0.0000,0.0000,0.0000,0.0000,0.0000,0.0000,0.0000,0.0000,0.0000,0.0000,0.0000,0.0000,0.0000,0.0000,0.0000,0.0000,0.0000,0.0000,0.0000,0.0000,0.0000,0.0000,0.0000,0.0000,0.0000,0.0000,0.0000,0.0000,0.0000,0.0000,0.0000,0.0000,0.0000,0.0000,0.0000,0.0000,0.0000,0.0000,0.0000,0.0000,0.0000,0.0000,0.0000,0.0000,0.0000,0.0000,0.0000,0.0000,0.0000,0.0000,0.0000,0.0000,0.0000,0.0000,0.0000,0.0000,0.0000,0.0000,0.0000,0.0000,0.0000,0.0000,0.0000,0.0000,0.0000,0.0000,0.0000,0.0000,0.0000,0.0000,0.0000,0.0000,0.0000,0.0000,0.0000,0.0000,0.0000,0.0000,0.0000,0.0000,0.0000,0.0000,0.0000,0.0000,0.0000,0.0000,0.0000,0.0000,0.0000,0.0000,0.0000,0.0000,0.0000,0.0000,0.0000,0.0000,0.0000,0.0000,0.0000,0.0000,0.0000,0.0000,0.0000,0.0000,0.0000,0.0000,0.0000,0.0000,0.0000,0.0000,0.0000,0.0000
45138.0416667,0.0000,0.0000,0.0000,0.0000,0.0000,0.0000,0.0000,0.0000,0.0000,0.0000,0.0000,0.0000,0.0000,0.0000,0.0000,0.0000,0.0000,0.0000,0.0000,0.0000,0.0000,0.0000,0.0000,0.0000,0.0000,0.0000,0.0000,0.0000,0.0000,0.0000,0.0000,0.0000,0.0000,0.0000,0.0000,0.0000,0.0000,0.0000,0.0000,0.0000,0.0000,0.0000,0.0000,0.0000,0.0000,0.0000,0.0000,0.0000,0.0000,0.0000,0.0000,0.0000,0.0000,0.0000,0.0000,0.0000,0.0000,0.0000,0.0000,0.0000,0.0000,0.0000,0.0000,0.0000,0.0000,0.0000,0.0000,0.0000,0.0000,0.0000,0.0000,0.0000,0.0000,0.0000,0.0000,0.0000,0.0000,0.0000,0.0000,0.0000,0.0000,0.0000,0.0000,0.0000,0.0000,0.0000,0.0000,0.0000,0.0000,0.0000,0.0000,0.0000,0.0000,0.0000,0.0000,0.0000,0.0000,0.0000,0.0000,0.0000,0.0000,0.0000,0.0000,0.0000,0.0000,0.0000,0.0000,0.0000,0.0000,0.0000,0.0000,0.0000,0.0000,0.0000,0.0000,0.0000,0.0000,0.0000,0.0000,0.0000,0.0000,0.0000,0.0000,0.0000,0.0000,0.0000,0.0000,0.0000,0.0000,0.0000,0.0000,0.0000,0.0000,0.0000,0.0000,0.0000,0.0000,0.0000,0.0000,0.0000,0.0000,0.0000,0.0000,0.0000,0.0000,0.0000,0.0000,0.0000,0.0000,0.0000,0.0000,0.0000,0.0000,0.0000,0.0000,0.0000,0.0000,0.0000,0.0000,0.0000,0.0000,0.0000,0.0000,0.0000,0.0000,0.0000,0.0000,0.0000,0.0000,0.0000,0.0000,0.0000,0.0000,0.0000,0.0000,0.0000,0.0000,0.0000,0.0000,0.0000,0.0000,0.0000,0.0000,0.0000,0.0000,0.0000,0.0000,0.0000,0.0000,0.0000,0.0000,0.0000,0.0000,0.0000,0.0000,0.0000,0.0000,0.0000,0.0000,0.0000,0.0000,0.0000,0.0000,0.0000,0.0000,0.0000,0.0000,0.0000,0.0000,0.0000,0.0000,0.0000,0.0000,0.0000,0.0000,0.0000,0.0000,0.0000,0.0000,0.0000,0.0000,0.0000,0.0000,0.0000,0.0000,0.0000,0.0000,0.0000,0.0000,0.0000,0.0000,0.0000,0.0000,0.0000,0.0000,0.0000
45138.0833333,0.0000,0.0000,0.0000,0.0000,0.0000,0.0000,0.0000,0.0000,0.0000,0.0000,0.0000,0.0000,0.0000,0.0000,0.0000,0.0000,0.0000,0.0000,0.0000,0.0000,0.0000,0.0000,0.0000,0.0000,0.0000,0.0000,0.0000,0.0000,0.0000,0.0000,0.0000,0.0000,0.0000,0.0000,0.0000,0.0000,0.0000,0.0000,0.0000,0.0000,0.0000,0.0000,0.0000,0.0000,0.0000,0.0000,0.0000,0.0000,0.0000,0.0000,0.0000,0.0000,0.0000,0.0000,0.0000,0.0000,0.0000,0.0000,0.0000,0.0000,0.0000,0.0000,0.0000,0.0000,0.0000,0.0000,0.0000,0.0000,0.0000,0.0000,0.0000,0.0000,0.0000,0.0000,0.0000,0.0000,0.0000,0.0000,0.0000,0.0000,0.0000,0.0000,0.0000,0.0000,0.0000,0.0000,0.0000,0.0000,0.0000,0.0000,0.0000,0.0000,0.0000,0.0000,0.0000,0.0000,0.0000,0.0000,0.0000,0.0000,0.0000,0.0000,0.0000,0.0000,0.0000,0.0000,0.0000,0.0000,0.0000,0.0000,0.0000,0.0000,0.0000,0.0000,0.0000,0.0000,0.0000,0.0000,0.0000,0.0000,0.0000,0.0000,0.0000,0.0000,0.0000,0.0000,0.0000,0.0000,0.0000,0.0000,0.0000,0.0000,0.0000,0.0000,0.0000,0.0000,0.0000,0.0000,0.0000,0.0000,0.0000,0.0000,0.0000,0.0000,0.0000,0.0000,0.0000,0.0000,0.0000,0.0000,0.0000,0.0000,0.0000,0.0000,0.0000,0.0000,0.0000,0.0000,0.0000,0.0000,0.0000,0.0000,0.0000,0.0000,0.0000,0.0000,0.0000,0.0000,0.0000,0.0000,0.0000,0.0000,0.0000,0.0000,0.0000,0.0000,0.0000,0.0000,0.0000,0.0000,0.0000,0.0000,0.0000,0.0000,0.0000,0.0000,0.0000,0.0000,0.0000,0.0000,0.0000,0.0000,0.0000,0.0000,0.0000,0.0000,0.0000,0.0000,0.0000,0.0000,0.0000,0.0000,0.0000,0.0000,0.0000,0.0000,0.0000,0.0000,0.0000,0.0000,0.0000,0.0000,0.0000,0.0000,0.0000,0.0000,0.0000,0.0000,0.0000,0.0000,0.0000,0.0000,0.0000,0.0000,0.0000,0.0000,0.0000,0.0000,0.0000,0.0000,0.0000,0.0000,0.0000,0.0000,0.0000,0.0000
45138.1250000,0.0000,0.0000,0.0000,0.0000,0.0000,0.0000,0.0000,0.0000,0.0000,0.0000,0.0000,0.0000,0.0000,0.0000,0.0000,0.0000,0.0000,0.0000,0.0000,0.0000,0.0000,0.0000,0.0000,0.0000,0.0000,0.0000,0.0000,0.0000,0.0000,0.0000,0.0000,0.0000,0.0000,0.0000,0.0000,0.0000,0.0000,0.0000,0.0000,0.0000,0.0000,0.0000,0.0000,0.0000,0.0000,0.0000,0.0000,0.0000,0.0000,0.0000,0.0000,0.0000,0.0000,0.0000,0.0000,0.0000,0.0000,0.0000,0.0000,0.0000,0.0000,0.0000,0.0000,0.0000,0.0000,0.0000,0.0000,0.0000,0.0000,0.0000,0.0000,0.0000,0.0000,0.0000,0.0000,0.0000,0.0000,0.0000,0.0000,0.0000,0.0000,0.0000,0.0000,0.0000,0.0000,0.0000,0.0000,0.0000,0.0000,0.0000,0.0000,0.0000,0.0000,0.0000,0.0000,0.0000,0.0000,0.0000,0.0000,0.0000,0.0000,0.0000,0.0000,0.0000,0.0000,0.0000,0.0000,0.0000,0.0000,0.0000,0.0000,0.0000,0.0000,0.0000,0.0000,0.0000,0.0000,0.0000,0.0000,0.0000,0.0000,0.0000,0.0000,0.0000,0.0000,0.0000,0.0000,0.0000,0.0000,0.0000,0.0000,0.0000,0.0000,0.0000,0.0000,0.0000,0.0000,0.0000,0.0000,0.0000,0.0000,0.0000,0.0000,0.0000,0.0000,0.0000,0.0000,0.0000,0.0000,0.0000,0.0000,0.0000,0.0000,0.0000,0.0000,0.0000,0.0000,0.0000,0.0000,0.0000,0.0000,0.0000,0.0000,0.0000,0.0000,0.0000,0.0000,0.0000,0.0000,0.0000,0.0000,0.0000,0.0000,0.0000,0.0000,0.0000,0.0000,0.0000,0.0000,0.0000,0.0000,0.0000,0.0000,0.0000,0.0000,0.0000,0.0000,0.0000,0.0000,0.0000,0.0000,0.0000,0.0000,0.0000,0.0000,0.0000,0.0000,0.0000,0.0000,0.0000,0.0000,0.0000,0.0000,0.0000,0.0000,0.0000,0.0000,0.0000,0.0000,0.0000,0.0000,0.0000,0.0000,0.0000,0.0000,0.0000,0.0000,0.0000,0.0000,0.0000,0.0000,0.0000,0.0000,0.0000,0.0000,0.0000,0.0000,0.0000,0.0000,0.0000,0.0000,0.0000,0.0000,0.0000,0.0000,0.0000
45138.1666667,0.0000,0.0000,0.0000,0.0000,0.0000,0.0000,0.0000,0.0000,0.0000,0.0000,0.0000,0.0000,0.0000,0.0000,0.0000,0.0000,0.0000,0.0000,0.0000,0.0000,0.0000,0.0000,0.0000,0.0000,0.0000,0.0000,0.0000,0.0000,0.0000,0.0000,0.0000,0.0000,0.0000,0.0000,0.0000,0.0000,0.0000,0.0000,0.0000,0.0000,0.0000,0.0000,0.0000,0.0000,0.0000,0.0000,0.0000,0.0000,0.0000,0.0000,0.0000,0.0000,0.0000,0.0000,0.0000,0.0000,0.0000,0.0000,0.0000,0.0000,0.0000,0.0000,0.0000,0.0000,0.0000,0.0000,0.0000,0.0000,0.0000,0.0000,0.0000,0.0000,0.0000,0.0000,0.0000,0.0000,0.0000,0.0000,0.0000,0.0000,0.0000,0.0000,0.0000,0.0000,0.0000,0.0000,0.0000,0.0000,0.0000,0.0000,0.0000,0.0000,0.0000,0.0000,0.0000,0.0000,0.0000,0.0000,0.0000,0.0000,0.0000,0.0000,0.0000,0.0000,0.0000,0.0000,0.0000,0.0000,0.0000,0.0000,0.0000,0.0000,0.0000,0.0000,0.0000,0.0000,0.0000,0.0000,0.0000,0.0000,0.0000,0.0000,0.0000,0.0000,0.0000,0.0000,0.0000,0.0000,0.0000,0.0000,0.0000,0.0000,0.0000,0.0000,0.0000,0.0000,0.0000,0.0000,0.0000,0.0000,0.0000,0.0000,0.0000,0.0000,0.0000,0.0000,0.0000,0.0000,0.0000,0.0000,0.0000,0.0000,0.0000,0.0000,0.0000,0.0000,0.0000,0.0000,0.0000,0.0000,0.0000,0.0000,0.0000,0.0000,0.0000,0.0000,0.0000,0.0000,0.0000,0.0000,0.0000,0.0000,0.0000,0.0000,0.0000,0.0000,0.0000,0.0000,0.0000,0.0000,0.0000,0.0000,0.0000,0.0000,0.0000,0.0000,0.0000,0.0000,0.0000,0.0000,0.0000,0.0000,0.0000,0.0000,0.0000,0.0000,0.0000,0.0000,0.0000,0.0000,0.0000,0.0000,0.0000,0.0000,0.0000,0.0000,0.0000,0.0000,0.0000,0.0000,0.0000,0.0000,0.0000,0.0000,0.0000,0.0000,0.0000,0.0000,0.0000,0.0000,0.0000,0.0000,0.0000,0.0000,0.0000,0.0000,0.0000,0.0000,0.0000,0.0000,0.0000,0.0000,0.0000,0.0000,0.0000,0.0000
45138.2083333,0.0000,0.0000,0.0000,0.0000,0.0000,0.0000,0.0000,0.0000,0.0000,0.0000,0.0000,0.0000,0.0000,0.0000,0.0000,0.0000,0.0000,0.0000,0.0000,0.0000,0.0000,0.0000,0.0000,0.0000,0.0000,0.0000,0.0000,0.0000,0.0000,0.0000,0.0000,0.0000,0.0000,0.0000,0.0000,0.0000,0.0000,0.0000,0.0000,0.0000,0.0000,0.0000,0.0000,0.0000,0.0000,0.0000,0.0000,0.0000,0.0000,0.0000,0.0000,0.0000,0.0000,0.0000,0.0000,0.0000,0.0000,0.0000,0.0000,0.0000,0.0000,0.0000,0.0000,0.0000,0.0000,0.0000,0.0000,0.0000,0.0000,0.0000,0.0000,0.0000,0.0000,0.0000,0.0000,0.0000,0.0000,0.0000,0.0000,0.0000,0.0000,0.0000,0.0000,0.0000,0.0000,0.0000,0.0000,0.0000,0.0000,0.0000,0.0000,0.0000,0.0000,0.0000,0.0000,0.0000,0.0000,0.0000,0.0000,0.0000,0.0000,0.0000,0.0000,0.0000,0.0000,0.0000,0.0000,0.0000,0.0000,0.0000,0.0000,0.0000,0.0000,0.0000,0.0000,0.0000,0.0000,0.0000,0.0000,0.0000,0.0000,0.0000,0.0000,0.0000,0.0000,0.0000,0.0000,0.0000,0.0000,0.0000,0.0000,0.0000,0.0000,0.0000,0.0000,0.0000,0.0000,0.0000,0.0000,0.0000,0.0000,0.0000,0.0000,0.0000,0.0000,0.0000,0.0000,0.0000,0.0000,0.0000,0.0000,0.0000,0.0000,0.0000,0.0000,0.0000,0.0000,0.0000,0.0000,0.0000,0.0000,0.0000,0.0000,0.0000,0.0000,0.0000,0.0000,0.0000,0.0000,0.0000,0.0000,0.0000,0.0000,0.0000,0.0000,0.0000,0.0000,0.0000,0.0000,0.0000,0.0000,0.0000,0.0000,0.0000,0.0000,0.0000,0.0000,0.0000,0.0000,0.0000,0.0000,0.0000,0.0000,0.0000,0.0000,0.0000,0.0000,0.0000,0.0000,0.0000,0.0000,0.0000,0.0000,0.0000,0.0000,0.0000,0.0000,0.0000,0.0000,0.0000,0.0000,0.0000,0.0000,0.0000,0.0000,0.0000,0.0000,0.0000,0.0000,0.0000,0.0000,0.0000,0.0000,0.0000,0.0000,0.0000,0.0000,0.0000,0.0000,0.0000,0.0000,0.0000,0.0000,0.0000,0.0000,0.0000
45138.2500000,0.0659,0.1504,0.2011,0.1914,0.3308,0.2567,0.2307,0.1157,0.2270,0.2356,0.2129,0.1922,0.1272,0.1832,0.1667,0.1719,0.2212,0.2042,0.1491,0.1057,0.2400,0.1004,0.0967,0.1571,0.1660,0.3393,0.1587,0.0599,0.1983,0.0660,0.1269,0.0838,0.1088,0.1685,0.1642,0.1415,0.2218,0.2279,0.0812,0.2986,0.2612,0.2750,0.1588,0.2122,0.4454,0.2218,0.1729,0.1907,0.1075,0.1461,0.2231,0.2077,0.2362,0.2547,0.0996,0.0986,0.1191,0.1832,0.3251,0.2505,0.2622,0.1991,0.0876,0.0789,0.1218,0.1061,0.1734,0.1669,-0.0558,0.0312,0.1509,0.1465,0.1213,0.0331,0.1607,0.2130,0.1728,0.2047,0.1428,0.2262,0.4788,0.4199,0.3026,0.2404,0.1910,0.1980,0.3079,0.2306,0.2681,0.2308,0.2526,0.3186,0.3555,0.2615,0.1302,0.1727,0.2079,0.3165,0.2471,0.2100,0.2312,0.2708,0.2004,0.2124,0.3109,0.3972,0.3276,0.3103,0.1524,0.2890,0.1708,0.0755,0.2169,0.1819,0.2147,0.1830,0.1386,0.2436,0.1986,0.2044,0.0425,0.1951,0.1101,0.1831,0.1525,0.1991,0.2096,0.2879,0.1755,0.0633,0.1162,0.1044,0.1175,0.1393,0.2029,0.1394,0.1397,0.2030,0.1451,0.1207,0.0775,0.1825,0.1284,0.1471,0.2022,0.0525,0.0860,0.2581,0.1657,0.1253,0.1177,0.0419,0.0762,0.0528,0.1206,0.2356,0.2703,0.2518,0.2324,0.1389,0.3504,0.2627,0.2652,0.3307,0.3927,0.2460,0.2956,0.1829,0.1644,0.1453,0.0369,0.0867,0.0965,0.1884,0.1835,0.2486,0.1715,0.1873,0.1560,0.3645,0.2993,0.2242,0.1993,0.2505,0.1983,0.2612,0.2386,0.2404,0.2422,0.2441,0.2459,0.2470,0.2488,0.2507,0.2526,0.2545,0.2564,0.2584,0.2604,0.2624,0.2645,0.2666,0.2688,0.2710,0.2732,0.2755,0.2778,0.2802,0.2826,0.2850,0.2875,0.2901,0.2927,0.2954,0.2981,0.3008,0.3036,0.3065,0.3094,0.3124,0.3154,0.3185,0.3216,0.3248,0.3280,0.3313,0.3346,0.3380,0.3414,0.3448,0.3483,0.3518,0.3553,0.3589,0.3599,0.3635
45138.2916667,0.9923,2.2655,3.0295,2.8836,4.9863,3.8701,3.4783,1.7444,3.4221,3.5648,3.2229,2.9078,1.9187,2.7718,2.5130,2.5913,3.3864,3.0880,2.2475,1.5933,3.6200,1.5143,1.4587,2.3700,2.5658,5.1734,2.4019,0.9035,3.0172,1.0128,1.9157,1.2837,2.0412,2.7621,2.4790,2.1368,3.3499,3.4838,1.3539,4.5434,3.9462,4.1679,2.3991,3.2069,6.7325,3.3521,2.6134,2.8828,1.6246,2.2082,3.3729,3.2057,3.7430,3.8831,1.5074,1.4915,1.8027,2.8049,4.9449,3.8246,4.0480,3.0276,1.3281,1.1964,1.8490,1.6129,2.6400,2.5459,-0.8163,0.5006,2.3147,2.2686,1.8948,0.5266,2.5019,3.2798,2.6620,3.1525,2.2541,3.4391,7.3476,6.4356,4.6458,4.3258,2.9083,3.0179,4.6866,3.5100,4.0790,3.5146,3.8421,4.8429,5.4042,3.9749,1.9820,2.6259,3.1603,4.8084,3.7565,3.1933,3.5154,4.1158,3.0449,3.3918,4.8043,7.4643,5.3878,5.9900,2.7156,5.3206,2.9843,1.1538,3.3435,2.7638,3.3246,2.9258,2.1202,3.7021,3.0190,3.1322,0.6482,3.0964,1.6832,2.7855,2.3195,3.1435,3.2062,4.4062,2.6698,0.9658,1.7815,1.6166,1.8823,2.9523,3.1211,2.2235,2.1297,3.5095,2.8822,1.8363,1.1795,2.8137,1.9540,2.2381,3.0764,0.7997,1.3083,3.9271,2.5517,1.9224,1.8049,0.6386,1.1615,0.8289,1.8586,3.5972,4.1427,3.8318,3.5370,2.1151,5.3337,3.9979,4.0369,5.0540,6.1523,3.7909,4.5731,2.8299,2.5527,2.4166,0.5665,1.5716,1.4763,2.9184,2.8190,4.2003,2.6509,2.8816,2.4020,5.5987,4.6008,3.4356,3.0772,3.8582,3.0395,4.0016,3.6557,3.6842,3.7122,3.7403,3.7687,3.7849,3.8131,3.8416,3.8650,3.8946,3.9247,3.9553,3.9866,4.0185,4.0510,4.0987,4.1169,4.1515,4.1869,4.2232,4.2603,4.2985,4.3376,4.3795,4.4212,4.4641,4.5084,4.5541,4.6013,4.6502,4.7950,4.7416,4.7943,4.8490,4.9058,4.9648,5.0263,5.0903,5.0670,5.2497,5.3264,5.4074,5.4930,5.5837,5.6800,5.7827,6.4625,6.5162,6.5304,6.5858
45138.3333333,2.0478,4.6755,6.4213,5.9514,10.2916,8.2169,7.1795,3.6005,7.5832,7.5920,6.8444,6.2115,4.1090,5.8488,5.1873,5.4742,13.8936,6.5590,5.7600,3.3455,7.4725,3.4168,3.0113,7.0513,6.1442,10.6495,5.1113,1.8655,6.5864,2.3643,4.7795,3.1825,10.3052,6.5144,5.1188,4.4123,7.1910,7.6400,3.3240,9.9741,8.1490,8.8578,4.9545,6.6231,14.7327,6.9231,5.3974,5.9539,3.3554,5.4215,8.4946,7.8652,14.8733,8.6406,3.2437,4.0603,4.6534,6.3686,10.8825,8.1229,10.1820,6.4844,2.7439,2.4718,6.8494,3.3339,12.0784,6.2130,-2.7201,1.0667,5.2323,5.0904,4.7724,1.1420,5.4354,7.4719,5.6086,6.7154,4.9878,8.1799,15.7045,14.4254,9.9274,10.3806,6.0508,6.2900,9.7493,7.3073,8.4834,7.3233,7.9913,10.0651,11.2313,10.3385,4.4643,5.6496,6.7738,10.4190,7.9901,8.3694,7.3732,9.5570,6.5345,14.0332,11.5425,22.2213,18.3986,18.4590,7.7489,15.5117,8.2458,2.6688,7.5808,5.8284,7.9726,12.1540,4.4631,7.6857,6.7567,6.5603,1.3502,11.9278,3.4992,6.2115,5.0341,6.9755,7.0665,9.2213,6.0157,2.0488,3.7584,3.8998,7.9835,10.1596,6.4978,5.0346,4.4654,8.3881,9.3071,4.0088,2.4423,5.9631,4.0974,4.7593,6.5971,1.6566,2.9330,8.1257,5.4608,4.5695,3.7301,1.3250,2.4217,1.7722,4.1481,7.6265,9.2096,8.0015,7.7971,4.4779,21.6512,8.6991,9.7520,10.4739,15.0939,8.6341,9.6134,7.2074,5.5292,8.2287,1.1886,4.6642,3.1218,7.0694,6.1766,14.9193,5.5573,6.4013,5.0918,12.2559,10.2219,7.3063,6.3358,8.0313,6.2971,8.5325,7.8058,7.8825,7.9593,8.0376,8.1178,8.1741,8.2567,8.3281,8.4139,8.5014,8.5915,8.6843,8.7802,8.8791,8.9814,9.0872,9.1967,9.3101,9.4276,9.5494,9.6758,9.8070,9.3311,10.1325,10.2841,10.4421,10.6068,10.7784,10.9575,11.1445,11.3396,11.5435,11.7566,11.9793,12.2123,12.4560,12.7110,12.9781,13.2578,13.5508,17.8123,17.9150,18.0190,18.1242,18.2303,18.3375,18.4455,18.5542,18.5810,18.6932
45138.3750000,2.6236,5.9906,8.2991,7.6260,23.0160,13.1215,9.2010,10.2268,15.6111,12.1421,10.8356,10.0071,6.5919,9.2398,7.2965,7.9383,32.5637,10.2096,23.4885,5.4062,19.8047,5.1108,3.8600,12.7555,8.5624,22.1775,8.4701,2.3920,12.9386,8.4040,5.8282,13.8981,27.7861,29.6443,32.8401,27.5071,13.5773,11.8345,5.4705,19.9018,10.5818,13.7845,6.3548,9.5922,20.6795,14.6847,8.8180,7.6375,5.4448,7.2098,37.0896,33.0243,34.7699,17.8688,5.4043,20.7006,5.7259,14.6824,20.2108,12.8540,38.6386,10.4677,3.5203,3.1712,14.4030,4.2787,29.5130,28.2966,-15.2970,1.4145,11.0902,6.8548,18.9767,1.6030,12.3892,16.4482,8.5254,17.4917,7.2664,12.4086,33.3914,28.9056,15.6543,41.9517,7.8054,9.6392,13.1329,9.4359,10.9490,36.8179,20.1925,19.6905,36.8282,42.6772,9.4924,8.7324,10.6591,17.0649,12.4792,35.1276,10.1785,41.6448,10.3228,33.6487,43.4188,48.7589,40.6997,41.9241,17.1141,33.7461,17.5738,9.2419,10.3544,8.7866,32.7098,29.3179,6.7772,12.0625,14.4464,13.0503,1.7748,27.8218,4.6965,12.4547,7.8022,9.5805,13.7246,19.0643,12.5572,3.2243,8.0831,15.9604,19.8134,25.4741,12.9944,7.4575,6.5333,29.2607,22.3939,5.3145,3.9724,8.3755,9.5686,7.2999,11.5807,2.1343,6.2245,15.7446,12.9714,6.1720,7.8784,1.7635,3.1495,3.9015,5.5915,11.8106,18.5882,11.1802,15.2901,6.7532,49.5509,14.5458,22.3179,14.5660,22.3181,24.5714,16.1128,28.6911,22.2255,18.8907,1.8105,10.9949,4.5421,23.9991,11.6625,34.0626,9.4284,12.9558,7.9179,23.0702,20.6835,11.3048,8.6683,11.7286,9.1823,13.2241,12.1234,12.3074,12.4950,12.6877,12.9338,13.1098,13.3237,13.5450,13.7739,14.0098,14.2537,14.5064,14.7681,15.0394,15.3205,15.6120,15.9142,16.2277,16.5530,16.8904,17.2406,17.6042,17.9815,18.3734,18.7802,19.2028,19.6417,20.0975,20.5711,21.0631,21.5743,22.1054,37.2416,37.3594,37.4792,37.6008,37.7243,37.8496,37.9767,38.1055,38.2359,38.3678,38.5011,38.6358,38.7715,38.9083,39.0460,39.1843,39.2168,39.3592
45138.4166667,2.5367,5.7925,9.1569,13.2879,96.4260,19.2023,18.4506,8.4526,60.5659,17.5582,16.1375,14.9346,9.7402,13.7156,9.0683,12.2412,52.7897,14.4823,39.0595,4.9574,16.6306,13.2578,5.1355,13.0300,12.9503,75.2196,13.2875,10.9704,50.8188,12.3069,15.6577,20.3792,47.9314,49.3063,55.0903,46.3940,60.5920,20.2150,6.5762,68.3304,22.9876,18.6259,6.1510,9.4938,95.4675,49.4266,12.7647,12.2454,7.8267,11.0746,60.7096,54.0202,56.1899,63.9686,7.3897,32.8956,16.8263,61.6645,75.8861,18.2840,62.1765,15.3263,6.4133,3.0701,13.7959,4.1438,48.8725,46.9197,-22.9952,2.0418,39.4596,6.7985,28.7788,2.1526,10.4491,60.1803,12.2555,72.2582,10.8445,21.2662,111.6915,95.6441,22.1189,68.7371,7.5769,9.3429,14.3948,9.1650,26.7447,60.0211,74.2665,83.6721,85.1514,69.4653,40.8080,12.4168,15.3302,25.2356,17.4671,57.8661,16.6965,67.4536,14.7154,55.1584,69.2604,75.9347,63.9453,66.6719,27.9274,52.9422,28.1787,16.5262,11.8304,11.9525,53.5080,48.5317,7.8798,16.9161,55.4873,51.9600,2.5079,45.4603,7.0763,41.8962,7.0158,48.5559,43.6594,61.0004,43.6243,5.0228,31.9937,27.2718,33.6490,42.9435,60.0055,8.8639,8.6437,47.5505,37.2750,19.0419,4.6824,43.5478,35.1343,9.9956,49.1386,2.8306,24.0192,68.8719,51.1897,8.8527,34.4940,2.0034,4.0938,12.8409,7.2358,16.5491,61.5847,13.1606,59.4064,9.3813,78.6358,67.3842,66.2608,15.7310,52.5416,33.1035,27.9178,47.1614,36.3225,31.0404,3.9524,18.9655,6.0849,38.6570,36.0871,54.4969,10.3268,44.2951,11.1087,78.3114,67.1957,15.6469,54.2908,15.3093,12.0937,18.3777,16.8882,17.2265,17.5729,17.9292,18.2964,18.6424,19.0301,19.4299,19.8424,20.2669,20.7048,21.1566,21.6229,22.1042,22.6011,23.1140,23.6437,24.1905,24.7552,25.3384,25.9407,56.9956,57.0894,57.1850,57.2825,57.3819,57.4832,57.5865,57.6918,57.7990,57.9083,58.0196,58.1330,58.2483,58.3656,58.4849,58.6061,58.7292,58.8540,58.9807,59.1090,59.2388,59.3701,59.5027,59.6365,59.7714,59.9071,60.0436,60.0771,60.2175
45138.4583333,2.3258,7.0443,22.6731,101.4497,127.7023,26.4826,25.6640,12.0026,80.8556,86.6557,85.5684,20.6553,49.6949,69.3678,71.4273,16.6768,70.4150,19.4509,14.8409,6.0381,86.5481,22.2857,8.0157,9.0686,18.2800,98.8134,74.8871,15.0675,68.1279,7.7863,30.1599,8.1930,19.8603,24.3157,74.4948,63.0916,80.9750,79.5221,10.0059,90.1617,92.3141,24.5991,5.6450,10.4310,124.4528,65.8392,17.4254,27.7622,11.2164,8.9678,21.5371,72.3039,74.7599,23.8556,8.5996,23.6007,12.0746,83.0775,99.9434,84.6618,82.4251,21.0449,5.3097,7.1213,12.3273,14.5389,65.8861,63.3430,-4.3623,3.0091,15.3497,8.4662,12.6151,10.7389,22.6507,80.5084,64.1633,97.0455,16.2962,22.1758,145.8041,125.0522,104.3113,25.0784,6.9636,15.1096,102.7361,25.2871,102.9409,80.0234,98.9811,110.6057,111.9814,92.3436,14.1507,16.5124,20.8126,34.6261,23.2031,21.6554,75.2056,89.5319,68.2118,73.8556,91.2963,98.8807,83.8309,87.8395,38.0356,69.6595,38.1415,5.1297,74.6061,16.3412,71.7924,65.5964,11.4144,79.1106,74.7824,69.9097,3.4758,61.2776,43.6133,56.6564,28.4912,65.4072,58.5860,80.7478,59.1001,11.6667,44.3323,16.1898,6.2803,11.6679,9.8783,53.9005,51.6339,33.9021,13.7257,44.5307,38.3342,58.6820,48.1890,47.1640,65.8906,4.9466,33.8037,91.6639,14.6200,12.5420,10.2278,3.4704,5.1966,6.1540,10.6114,85.2847,81.5294,87.7549,20.5663,43.5104,103.2720,89.5183,25.6011,43.3653,84.2749,98.1058,93.8766,63.4601,49.0774,42.2416,3.8109,26.8674,8.1670,51.8178,48.4130,72.2604,25.7694,59.4754,14.9958,102.5581,25.7424,20.8109,18.8465,19.5262,20.3418,81.8412,73.6090,73.6738,73.7375,73.8014,73.8663,73.9020,73.9664,74.0318,74.0982,74.1648,74.2324,74.3012,74.3712,74.4425,74.5151,74.5891,74.6645,74.7414,74.8198,74.8998,74.9814,75.0646,75.1495,75.2361,75.3245,75.4147,75.5067,75.6006,75.6964,75.7940,75.8936,75.9951,76.0985,76.2038,76.3110,76.4202,76.5311,76.6439,76.7584,76.8746,76.9925,77.1119,77.2327,77.3549,77.4783,77.6027,77.7281,77.8543,77.8859,78.0161
45138.5000000,2.1813,10.2179,100.0882,119.1989,148.7791,118.9145,112.5489,15.2763,94.8020,101.5197,100.4336,88.1011,59.1515,81.7164,84.2627,75.4637,82.6299,78.8611,62.8691,50.2834,101.3571,14.7713,10.0163,17.1736,80.3092,114.8948,88.3773,5.7914,80.1398,9.8153,71.5756,23.6308,38.7632,78.5744,87.8730,74.7125,94.9826,93.2319,13.0685,105.1020,107.9296,104.2571,8.7406,11.7427,144.0271,77.2655,72.7511,90.5377,50.9318,8.6814,95.1290,84.9483,87.5870,99.4089,10.7613,16.0671,14.1437,97.7593,116.3278,99.0564,96.3404,87.4588,11.6167,9.2142,11.4758,23.9948,77.7085,74.7823,-29.9181,13.2199,63.3420,17.7027,16.2045,14.2940,18.8543,94.4745,75.6745,113.9106,20.6974,27.6797,168.6973,144.8927,121.5936,107.3053,12.2590,20.5539,119.7067,53.8203,120.2855,93.7640,115.7825,128.8401,130.1418,107.9439,66.2138,20.3163,92.6054,146.8042,104.7137,91.0755,88.1505,104.5993,80.2283,86.7412,106.3388,114.5019,97.4704,102.3174,45.3412,81.2544,45.3665,29.6560,87.7115,74.8685,84.4559,77.4760,13.9749,92.8130,88.1334,82.3943,4.4997,72.4068,52.4549,67.1320,93.1093,77.2881,69.2446,94.5512,70.1566,35.6937,53.3841,26.3798,12.2105,8.8976,95.3190,64.3961,61.7381,75.4736,60.7829,53.5560,46.6465,69.5828,57.7384,56.3729,77.8164,6.4129,41.1967,107.4780,18.1044,15.7920,12.6779,4.5301,29.4871,8.0498,13.1521,100.0621,95.3672,102.8048,92.9662,51.9293,120.1201,104.7432,102.8789,66.8763,84.9955,114.9194,109.5506,74.8776,58.1844,50.3352,17.2125,32.8148,44.0691,61.1689,57.2215,84.5967,16.0112,70.1398,62.6506,119.0966,103.3019,87.1641,85.6611,106.2588,94.7831,95.7026,86.2534,86.3132,86.3719,86.4308,86.4905,86.5228,86.5821,86.6422,86.7033,86.7646,86.8268,86.8901,86.9545,87.0200,87.0869,87.1549,87.2244,87.2951,87.3673,87.4410,87.5161,87.5928,87.6711,87.7509,87.8325,87.9157,88.0006,88.0873,88.1758,88.2661,88.3581,88.4520,88.5477,88.6452,88.7445,88.8457,88.9485,89.0531,89.1594,89.2673,89.3768,89.4878,89.6001,89.7138,89.8286,89.9445,90.0613,90.1789,90.2077,90.3291
45138.5416667,12.0581,50.5215,106.1804,126.4119,157.3240,125.9406,119.2779,78.0358,100.5234,107.6038,106.5145,93.5293,63.0897,86.8020,89.5373,80.2204,87.6687,83.7281,66.9633,53.7693,107.4202,16.0657,62.9524,17.8723,85.3588,121.4744,34.5264,3.1879,85.0952,10.4594,16.6934,4.4619,16.9857,83.5178,40.0703,79.5050,100.7274,98.8603,14.5944,111.2259,114.3136,110.3943,21.1040,25.4722,151.9985,81.9939,77.3487,96.1087,54.4494,41.5860,100.8784,90.1542,92.8693,105.3207,11.8039,15.8292,15.5246,21.8656,123.0245,104.9580,102.0553,92.8299,16.5710,11.1384,8.5731,85.4602,82.5855,79.5075,-30.6177,14.7655,67.4473,89.3957,86.4130,15.8941,20.6939,100.2016,80.4285,26.8539,22.6704,28.2289,177.9804,152.9645,128.6397,113.6969,18.8272,98.0926,126.6306,111.4678,127.3499,99.4034,122.6302,136.2621,137.5402,114.3191,70.5433,89.9851,98.2449,155.2686,110.9448,96.6228,93.4731,110.7633,85.1815,92.0380,112.4999,120.9037,103.0807,108.2549,48.4294,86.0530,48.4270,32.0813,93.0979,79.6148,89.6702,82.3778,15.2004,98.4456,21.4001,87.5463,20.8928,77.0344,56.1747,71.5143,21.7975,82.2524,73.7507,100.3228,74.8432,17.3232,13.1107,49.7708,13.3719,15.7479,101.4622,68.9555,15.4331,80.5409,65.1733,57.6077,50.4223,74.4087,62.0332,60.5488,83.0720,33.5881,44.6664,114.2804,19.8650,17.5978,61.0946,20.5392,32.2586,9.0389,14.4295,106.4100,101.3451,109.2503,98.8781,55.7231,127.2525,51.0853,109.2176,122.9159,155.5330,121.9798,116.1648,79.7897,62.1621,53.8920,19.1474,35.4835,47.3404,65.1650,60.9920,89.7609,71.0768,74.6284,66.7888,125.9201,109.3893,92.5226,90.9977,112.6402,100.6435,101.4474,91.5147,91.5718,91.6280,91.6844,91.7417,91.7723,91.8293,91.8873,91.9463,92.0056,92.0657,92.1270,92.1894,92.2529,92.3178,92.3839,92.4513,92.5200,92.5902,92.6617,92.7348,92.8093,92.8854,92.9630,93.0422,93.1231,93.2057,93.2899,93.3759,93.4636,93.5530,93.6442,93.7371,93.8318,93.9282,94.0264,94.1263,94.2278,94.3310,94.4357,94.5420,94.6496,94.7586,94.8689,94.9803,95.0928,95.2062,95.3203,95.3473,95.4652
45138.5833333,10.1711,115.7372,103.1653,20.3303,153.1035,122.4655,115.9505,16.1415,97.6828,104.5867,103.5028,90.8361,61.1263,84.2756,86.9224,77.8546,85.1585,81.3036,64.9210,52.0278,104.4125,15.0221,11.4002,83.3318,16.7267,118.2008,9.5333,1.9605,40.3625,10.5221,15.9345,11.9361,16.1694,32.4164,36.0675,77.1270,97.8764,96.0644,13.8636,108.1790,111.1475,107.3449,49.3133,108.8877,148.0354,79.6333,75.0595,93.3468,52.6923,88.6862,98.0249,87.5656,90.2390,102.3835,10.3745,15.9198,14.0904,10.6202,119.6966,102.0264,99.2117,90.1629,15.2872,11.3872,7.6859,32.3444,18.4039,77.1574,-30.3127,13.9725,65.3989,16.5914,14.2190,15.0747,91.3422,22.8358,78.0639,24.9904,21.6003,154.0649,173.3788,148.9574,125.1475,110.5312,118.3755,95.2916,123.1970,108.3505,123.8557,96.6032,119.2437,132.5875,133.8711,111.1604,14.4844,87.3713,95.4519,151.0943,107.8604,93.8752,90.8310,107.7094,82.7222,89.4117,109.4408,117.7152,100.2873,105.3077,46.8876,83.6700,46.9101,30.8943,90.4595,77.2947,87.1220,79.9887,66.0215,95.7021,20.5320,20.0267,19.9823,74.8140,54.4153,69.4356,96.2424,79.9256,71.6731,97.6406,72.7200,18.1013,55.5903,11.1878,6.9184,14.3937,98.7263,67.0245,64.3259,78.4148,63.4046,56.0298,49.0019,17.4794,13.9133,58.9893,80.9881,4.4938,6.9470,111.4674,19.0235,16.8402,13.4171,20.0206,31.4783,19.8097,63.0168,103.8473,98.9571,106.6318,96.4936,54.3790,124.2445,45.4847,106.5709,119.9780,151.7997,118.9663,113.3569,18.4476,60.6130,52.5232,18.5741,34.4881,46.0168,63.4528,59.3627,87.4328,69.1491,72.6146,64.9388,122.7315,106.5603,90.0520,88.5348,109.6575,97.9174,98.7634,89.0634,89.1162,89.1683,89.2208,89.2744,89.3012,89.3548,89.4096,89.4656,89.5219,89.5793,89.6380,89.6980,89.7594,89.8222,89.8865,89.9522,90.0194,90.0882,90.1585,90.2304,90.3040,90.3792,90.4562,90.5349,90.6153,90.6975,90.7815,90.8673,90.9549,91.0443,91.1356,91.2287,91.3236,91.4203,91.5188,91.6190,91.7210,91.8246,91.9298,92.0365,92.1447,92.2542,92.3650,92.4769,92.5899,92.7038,92.8184,92.8454,92.9638
45138.6250000,8.0848,22.0867,21.5641,17.0488,136.2501,28.6350,102.7187,13.3486,23.9821,26.2998,25.5593,22.5454,14.9585,20.8733,17.3724,19.4547,75.2952,71.7832,56.9426,12.4278,92.5076,22.0250,9.4421,73.3512,14.1678,105.2634,14.5729,2.0427,11.1308,4.9206,12.9105,5.1266,8.4152,23.3835,44.3785,24.8983,23.3417,23.5936,11.2766,28.3964,98.6025,25.4718,49.9887,96.3478,132.3210,70.3885,66.0770,82.4240,45.8641,29.2929,86.7456,77.3699,79.8901,90.7795,8.6473,11.0025,7.5909,14.6224,106.5262,90.4427,88.0000,22.7662,7.8773,9.1645,8.3673,12.1782,15.6222,67.9207,-28.7317,3.3182,15.3172,13.9133,11.8152,3.5429,20.5412,19.4619,68.7722,21.0168,17.8098,136.5955,155.0529,133.0474,31.2468,27.6179,104.6935,23.2312,109.5799,95.9878,109.9612,85.5502,105.7828,117.9810,119.3116,98.6448,12.1986,17.8556,22.1219,36.8445,26.3439,83.0196,23.9742,95.6279,73.0503,28.1773,97.3635,105.1595,89.3150,93.6870,40.9611,74.3503,41.0787,26.3499,22.7166,18.6952,77.0367,14.9599,15.5032,84.8119,17.5102,17.1844,4.0959,66.0026,10.1826,17.3494,84.8291,70.5722,63.2976,86.7802,64.0570,7.6113,7.3063,20.4528,7.4655,12.1756,87.3290,58.8353,56.4469,69.3049,15.0940,11.5499,18.0008,15.0422,11.7870,51.8110,71.6528,3.7878,5.9621,99.0548,16.0942,14.0287,11.3172,16.7334,27.1183,19.7421,15.1212,24.6937,88.1275,94.8544,85.7367,14.1177,111.0244,33.5205,94.8759,107.1340,135.7327,105.7982,101.0767,15.8391,53.5452,14.0874,15.5483,8.9834,40.1983,56.1684,52.5008,77.7727,61.1224,19.2113,16.2870,109.7173,95.0068,79.9456,20.2742,27.5836,22.1382,87.8612,79.1210,79.1726,79.2233,79.2744,79.3264,79.3505,79.4024,79.4554,79.5096,79.5642,79.6199,79.6769,79.7353,79.7951,79.8564,79.9192,79.9836,80.0496,80.1173,80.1867,80.2578,80.3308,80.4056,80.4822,80.5608,80.6413,80.7238,80.8083,80.8948,80.9833,81.0738,81.1664,81.2611,81.3577,81.4564,81.5571,81.6597,81.7642,81.8706,81.9788,82.0887,82.2003,82.3134,82.4279,82.5437,82.6607,82.7788,82.8978,82.9256,83.0486
45138.6666667,2.4089,8.1155,16.1225,12.8565,19.0854,21.3060,20.6630,7.3732,68.2451,19.7342,15.1115,16.8211,10.7055,15.6180,12.9722,14.5581,17.0643,16.0384,11.9702,5.3630,11.7882,5.2497,6.9533,11.3753,6.1704,84.1436,7.4414,2.1986,10.7915,4.3550,16.3683,7.2485,8.5217,12.2512,23.1141,14.4511,68.3118,67.1294,17.7519,22.1122,16.4826,19.7786,15.7505,19.6237,106.4737,55.5611,14.2707,64.7162,8.6618,14.5017,16.8076,60.9111,63.1761,19.4516,16.8222,8.0063,9.0846,12.4623,85.0041,20.2109,20.2816,17.0942,17.7696,14.6804,53.5808,14.2342,55.2782,53.0937,-5.9232,2.2803,9.2924,59.5463,5.5583,2.4734,15.0640,67.8966,14.5635,15.0869,36.4222,107.6897,124.7449,106.8604,24.0292,20.4324,82.2630,17.4052,87.2903,75.8258,87.1864,19.0410,18.0669,93.9998,95.4203,78.2290,9.2611,13.3411,16.7786,27.7910,20.2422,17.5818,18.4039,75.9571,16.1231,62.3267,77.7095,84.7080,71.5569,74.8141,31.7963,59.4101,32.0800,5.6221,11.6490,13.8775,16.4323,19.3696,8.0871,19.0076,13.3514,10.2937,3.0259,51.8998,7.7352,47.9778,26.7134,55.5313,49.9266,69.1699,50.1756,5.7221,5.5058,32.0953,10.9173,13.1026,68.7404,45.7099,43.8395,54.5893,43.2924,37.8054,6.2292,21.1484,8.9879,40.2957,15.8659,2.0599,4.9716,78.5522,8.1460,9.6210,8.5316,5.1570,5.8034,10.6958,42.9147,73.0634,70.1622,11.6325,17.8299,37.1913,88.9786,76.7516,75.4288,85.7302,108.8294,17.5538,80.6256,23.3226,41.9774,36.0810,4.7309,22.6465,8.5013,44.3257,41.4060,61.9198,48.0568,50.6994,12.4334,88.2018,75.9841,63.3884,61.9668,77.4364,17.5428,69.9843,62.8896,62.9491,63.0074,63.0657,63.1249,63.1537,63.2122,63.2717,63.3322,63.3928,63.4544,63.5171,63.5811,63.6463,63.7130,63.7810,63.8505,63.9216,63.9942,64.0685,64.1445,64.2222,64.3017,64.3831,64.4663,64.5515,64.6387,64.7279,64.8192,64.9125,65.0079,65.1054,65.2051,65.3069,65.4108,65.5168,65.6248,65.7349,65.8470,65.9611,66.0769,66.1946,66.3139,66.4348,66.5572,66.6809,66.8057,66.9316,66.9596,67.0900
45138.7083333,2.5354,6.3692,10.1448,7.3702,15.1359,14.7394,13.9466,6.5423,23.1557,13.6800,10.9550,11.4480,7.3041,10.7160,17.2295,10.0075,12.2112,11.3822,8.3533,4.2311,10.9278,4.7207,4.9113,6.5732,6.4081,26.4621,9.6936,2.3125,8.1168,4.4940,6.4289,3.2398,7.4784,10.4447,15.3904,7.3706,13.6710,45.4182,13.7186,16.1461,12.6192,14.2379,10.3272,9.8043,74.2502,17.0316,9.9207,43.3005,4.7771,9.3694,11.9602,16.8105,42.9694,10.9751,5.0081,9.4856,10.2008,11.0556,20.4232,14.2781,14.5807,11.7602,10.4233,3.0667,9.7896,4.1385,36.9181,17.5654,-3.9502,1.5846,6.4398,11.8502,8.0747,1.7404,17.8326,14.2976,10.1453,12.9516,11.2330,71.8561,36.8003,32.5771,13.5585,14.2086,21.9486,9.1337,59.8199,51.1977,24.1702,13.4544,13.2484,64.3448,28.3719,17.5026,5.8533,9.4848,11.7676,19.1320,14.2946,12.3139,13.2090,51.8984,11.4537,20.7454,13.5902,59.4647,49.8689,51.7228,21.3838,41.3918,21.8523,4.0579,10.4230,10.1706,19.0907,17.6885,6.3129,10.7795,9.8510,9.8319,2.2216,35.0923,4.7253,14.7087,21.3370,22.2005,15.9467,47.7244,15.1816,3.6286,4.9094,20.8455,10.1361,10.0444,46.1599,30.2252,29.0156,36.9646,28.7434,9.5929,6.1398,9.0130,5.7590,26.8319,11.3958,2.1626,3.5129,16.1418,10.5819,7.5169,6.1932,3.7513,4.1649,3.7881,28.1470,12.2536,13.2650,10.4700,11.4300,24.7156,61.5808,18.1858,26.4209,59.1729,75.1287,12.1271,55.3297,19.1174,28.2358,24.1240,3.3972,14.5072,5.7966,16.3808,28.2039,42.5230,32.3464,34.3089,8.8709,61.3765,52.4520,19.8789,41.8263,52.6603,12.0171,47.9861,43.0356,43.1053,43.1736,43.2420,43.3112,43.3483,43.4166,43.4859,43.5562,43.6265,43.6977,43.7700,43.8435,43.9183,43.9943,44.0717,44.1506,44.2308,44.3126,44.3959,44.4809,44.5675,44.6558,44.7459,44.8378,44.9316,45.0273,45.1248,45.2244,45.3259,45.4294,45.5350,45.6425,45.7522,45.8638,45.9774,46.0931,46.2107,46.3302,46.4515,46.5746,46.6994,46.8257,46.9536,47.0828,47.2133,47.3448,47.4773,47.5066,47.6436
45138.7500000,2.3059,6.1424,7.1402,6.7023,11.6159,9.9107,9.0553,5.2678,10.1348,9.1703,8.1798,7.5041,4.4570,6.6706,6.5204,6.6842,8.0082,7.7526,5.5049,3.9063,9.4658,3.9699,3.3921,5.5749,5.8251,13.9640,5.5726,2.1018,7.2219,3.3669,6.4202,2.9444,5.6625,8.0803,10.4207,6.2784,8.7220,24.3692,3.4639,12.9478,9.1827,10.3049,6.3684,8.3116,41.6064,9.0628,6.7037,8.9379,4.1581,5.8962,8.4372,7.8906,23.3648,9.5675,3.5093,6.5251,5.5183,8.7135,12.7436,9.7294,9.2490,7.0249,4.1581,2.7860,5.1950,3.7586,19.4767,13.5444,-2.0121,1.2232,5.5182,5.3626,4.4266,1.3432,5.7925,7.6725,6.2601,10.1328,5.8839,8.0886,19.9602,15.0484,11.7632,9.5932,6.8707,7.8294,13.8413,10.7161,12.5227,9.1824,11.8855,15.8532,14.3406,9.4306,4.9196,8.2350,8.1569,12.5944,9.8721,8.3398,8.4877,28.2550,7.3225,10.5802,11.6679,33.9603,28.2661,28.8283,11.9044,23.6326,12.4514,2.9645,8.1698,7.1119,8.4402,11.7453,5.1173,9.3438,7.4515,8.2398,1.6811,7.4463,4.2301,7.8084,13.0131,8.1932,8.4510,26.5783,7.6764,2.8162,4.8571,3.8991,5.7180,7.4289,24.3621,15.8006,15.2420,20.0670,15.2103,5.1339,4.3686,8.0058,4.9042,14.3562,7.7798,1.9613,3.1706,9.3027,6.0769,4.9721,4.3773,1.7467,3.0316,2.3562,7.1307,9.2308,9.8221,9.8015,8.4473,6.2035,19.4999,10.8054,16.1294,19.4785,17.4734,9.7702,30.2757,9.6855,7.5226,13.0729,1.5102,3.8370,3.8945,10.3700,7.9533,23.4936,17.3886,18.5857,6.1903,20.8731,29.0312,9.9447,11.4397,11.6327,9.4544,11.9429,10.9968,11.2094,11.4299,11.6599,11.9008,12.1234,12.3857,12.6609,12.9499,13.2526,13.5705,13.9047,14.2563,14.6263,15.0158,24.5821,24.6582,24.7358,24.8147,24.8951,24.9770,25.0603,25.1453,25.2318,25.3200,25.4099,25.5015,25.5947,25.6898,25.7866,25.8852,25.9856,26.0878,26.1918,26.2976,26.4052,26.5145,26.6254,26.7381,26.8523,26.9681,27.0853,27.2038,27.3236,27.4446,27.5665,27.6893,27.8129,27.8425,27.9698
45138.7916667,1.4901,3.6692,4.6518,4.3306,7.4891,5.9367,5.2516,2.6199,5.3774,5.3617,4.8368,4.3669,2.8795,4.1484,3.7746,3.9104,5.0871,4.6401,3.4105,2.4529,5.7478,2.2747,2.1912,3.5602,3.7625,7.8080,3.5991,1.3574,4.5890,1.4978,3.4122,1.9015,2.4680,3.8232,3.7246,3.2105,5.0332,5.1714,1.9770,6.8041,5.9294,6.2838,3.6453,4.8614,11.0950,5.1090,3.9450,4.3927,2.4651,3.3361,5.1056,4.8181,5.9247,5.8877,2.2655,2.2416,2.7094,4.1683,7.3968,5.7018,5.9709,4.5351,1.9965,1.7985,2.9114,2.4258,7.1991,5.7330,-1.2127,0.7852,3.5215,3.4005,2.8201,0.8542,3.7382,4.9515,4.0400,4.7411,3.3101,5.2194,11.0468,9.7091,7.0648,5.6138,4.4324,4.6535,7.2681,5.3631,6.3067,5.4296,6.6531,7.3858,8.3783,6.0835,3.0883,4.0405,4.8708,7.3606,5.7872,4.9302,5.4603,10.8514,4.6669,5.2755,7.5788,14.0466,7.6008,7.1904,3.6003,6.7254,5.4419,1.8164,5.1591,4.2558,5.0135,5.5846,3.3129,5.6934,4.6875,5.0099,1.0530,4.5874,2.6016,4.3452,3.5449,5.0232,4.9643,6.6993,4.1691,1.6322,2.9071,2.5617,3.1444,3.2585,4.7171,3.2661,5.6935,7.8088,5.7629,2.8430,1.8328,4.3604,3.0709,5.5791,4.7521,1.2643,2.0438,5.9962,3.8670,2.9884,2.7690,1.0385,1.8377,1.3657,3.3654,5.6552,6.3090,6.0732,5.4808,3.3046,8.3470,6.1853,7.8864,7.7488,9.1677,5.9851,7.0108,4.4902,4.5468,3.9111,0.9220,2.0894,2.2959,4.7764,4.3418,9.3288,4.1399,4.5140,3.6875,8.5555,11.4472,5.2872,4.7491,5.9073,4.6566,6.3446,5.7998,5.8442,5.7646,5.8189,5.8751,5.9139,5.9726,6.0337,6.0974,6.1633,6.5622,6.2764,6.3478,6.4226,6.5012,6.5838,6.6710,6.7630,6.8605,6.9638,7.9283,7.1718,7.2932,7.4227,7.5611,7.7091,7.8678,8.0382,8.2215,8.4189,10.7446,10.8112,10.8790,10.9480,11.0181,11.0894,11.1619,11.2355,11.3101,11.3858,11.4625,11.5402,11.6187,11.6981,11.7782,11.8589,11.9403,12.0221,12.0431,12.1274
45138.8333333,0.3127,0.7139,0.9546,0.9085,1.5709,1.2192,1.0957,0.5495,1.0781,1.1190,1.0116,0.9126,0.6039,0.8701,0.7916,0.8163,1.0504,0.9698,0.7080,0.5019,1.1403,0.4770,0.4594,0.7464,0.7888,1.6126,0.7544,0.2845,0.9425,0.3139,0.6032,0.3985,0.5172,0.8012,0.7805,0.6728,1.0547,1.0836,0.3863,1.4200,1.2423,1.3080,0.7552,1.0095,2.1191,1.0551,0.8226,0.9074,0.5114,0.6950,1.0616,0.9883,1.1243,1.2123,0.4744,0.4694,0.5674,0.8729,1.5490,1.1941,1.2504,0.9497,0.4181,0.3766,0.5822,0.5078,0.8314,0.8023,-0.2516,0.1646,0.7371,0.7117,0.5902,0.1788,0.7823,1.0362,0.8455,0.9922,0.6927,1.0920,2.3106,2.0308,1.4675,1.1682,0.9269,0.9656,1.4943,1.1215,1.3011,1.1264,1.2269,1.5446,1.7238,1.2720,0.6418,0.8448,1.0151,1.5321,1.2038,1.0266,1.1315,1.3198,0.9746,1.0312,1.5053,1.9213,1.5887,1.5028,0.7525,1.4056,0.8438,0.3789,1.0528,0.8860,1.0432,0.8911,0.6776,1.1822,0.9646,0.9944,0.2198,0.9517,0.5411,0.8950,0.7402,0.9700,1.0239,1.3983,0.8572,0.3156,0.5716,0.5161,0.5773,0.6804,0.9849,0.6820,0.6845,0.9901,0.7112,0.5937,0.3827,0.8922,0.6305,0.7230,0.9861,0.2639,0.4267,1.2517,0.8072,0.6109,0.5780,0.2168,0.3836,0.2621,0.5919,1.1439,1.3140,1.2223,1.1292,0.6843,1.6969,1.2737,1.3028,1.6024,1.8981,1.1914,1.4327,0.8921,0.8070,0.7165,0.1922,0.4338,0.4771,0.9248,0.9031,1.2125,0.8410,0.9177,0.7667,1.7689,1.4561,1.0945,0.9729,1.2182,0.9663,1.2733,1.1657,1.1749,1.1840,1.1932,1.2024,1.2078,1.2170,1.2263,1.2358,1.2453,1.2549,1.2646,1.2746,1.2847,1.2949,1.3054,1.3160,1.3268,1.3378,1.3491,1.3605,1.3722,1.3840,1.3961,1.4085,1.4210,1.4339,1.4469,1.4602,1.4738,1.4876,1.5016,1.5159,1.5305,1.5453,1.5604,1.5757,1.5912,1.6070,1.6230,1.6392,1.6556,1.6722,1.6890,1.7060,1.7231,1.7403,1.7576,1.7622,1.7801
45138.8750000,0.0000,0.0000,0.0000,0.0000,0.0000,0.0000,0.0000,0.0000,0.0000,0.0000,0.0000,0.0000,0.0000,0.0000,0.0000,0.0000,0.0000,0.0000,0.0000,0.0000,0.0000,0.0000,0.0000,0.0000,0.0000,0.0000,0.0000,0.0000,0.0000,0.0000,0.0000,0.0000,0.0000,0.0000,0.0000,0.0000,0.0000,0.0000,0.0000,0.0000,0.0000,0.0000,0.0000,0.0000,0.0000,0.0000,0.0000,0.0000,0.0000,0.0000,0.0000,0.0000,0.0000,0.0000,0.0000,0.0000,0.0000,0.0000,0.0000,0.0000,0.0000,0.0000,0.0000,0.0000,0.0000,0.0000,0.0000,0.0000,0.0000,0.0000,0.0000,0.0000,0.0000,0.0000,0.0000,0.0000,0.0000,0.0000,0.0000,0.0000,0.0000,0.0000,0.0000,0.0000,0.0000,0.0000,0.0000,0.0000,0.0000,0.0000,0.0000,0.0000,0.0000,0.0000,0.0000,0.0000,0.0000,0.0000,0.0000,0.0000,0.0000,0.0000,0.0000,0.0000,0.0000,0.0000,0.0000,0.0000,0.0000,0.0000,0.0000,0.0000,0.0000,0.0000,0.0000,0.0000,0.0000,0.0000,0.0000,0.0000,0.0000,0.0000,0.0000,0.0000,0.0000,0.0000,0.0000,0.0000,0.0000,0.0000,0.0000,0.0000,0.0000,0.0000,0.0000,0.0000,0.0000,0.0000,0.0000,0.0000,0.0000,0.0000,0.0000,0.0000,0.0000,0.0000,0.0000,0.0000,0.0000,0.0000,0.0000,0.0000,0.0000,0.0000,0.0000,0.0000,0.0000,0.0000,0.0000,0.0000,0.0000,0.0000,0.0000,0.0000,0.0000,0.0000,0.0000,0.0000,0.0000,0.0000,0.0000,0.0000,0.0000,0.0000,0.0000,0.0000,0.0000,0.0000,0.0000,0.0000,0.0000,0.0000,0.0000,0.0000,0.0000,0.0000,0.0000,0.0000,0.0000,0.0000,0.0000,0.0000,0.0000,0.0000,0.0000,0.0000,0.0000,0.0000,0.0000,0.0000,0.0000,0.0000,0.0000,0.0000,0.0000,0.0000,0.0000,0.0000,0.0000,0.0000,0.0000,0.0000,0.0000,0.0000,0.0000,0.0000,0.0000,0.0000,0.0000,0.0000,0.0000,0.0000,0.0000,0.0000,0.0000,0.0000,0.0000,0.0000,0.0000,0.0000,0.0000,0.0000,0.0000,0.0000,0.0000,0.0000
45138.9166667,0.0000,0.0000,0.0000,0.0000,0.0000,0.0000,0.0000,0.0000,0.0000,0.0000,0.0000,0.0000,0.0000,0.0000,0.0000,0.0000,0.0000,0.0000,0.0000,0.0000,0.0000,0.0000,0.0000,0.0000,0.0000,0.0000,0.0000,0.0000,0.0000,0.0000,0.0000,0.0000,0.0000,0.0000,0.0000,0.0000,0.0000,0.0000,0.0000,0.0000,0.0000,0.0000,0.0000,0.0000,0.0000,0.0000,0.0000,0.0000,0.0000,0.0000,0.0000,0.0000,0.0000,0.0000,0.0000,0.0000,0.0000,0.0000,0.0000,0.0000,0.0000,0.0000,0.0000,0.0000,0.0000,0.0000,0.0000,0.0000,0.0000,0.0000,0.0000,0.0000,0.0000,0.0000,0.0000,0.0000,0.0000,0.0000,0.0000,0.0000,0.0000,0.0000,0.0000,0.0000,0.0000,0.0000,0.0000,0.0000,0.0000,0.0000,0.0000,0.0000,0.0000,0.0000,0.0000,0.0000,0.0000,0.0000,0.0000,0.0000,0.0000,0.0000,0.0000,0.0000,0.0000,0.0000,0.0000,0.0000,0.0000,0.0000,0.0000,0.0000,0.0000,0.0000,0.0000,0.0000,0.0000,0.0000,0.0000,0.0000,0.0000,0.0000,0.0000,0.0000,0.0000,0.0000,0.0000,0.0000,0.0000,0.0000,0.0000,0.0000,0.0000,0.0000,0.0000,0.0000,0.0000,0.0000,0.0000,0.0000,0.0000,0.0000,0.0000,0.0000,0.0000,0.0000,0.0000,0.0000,0.0000,0.0000,0.0000,0.0000,0.0000,0.0000,0.0000,0.0000,0.0000,0.0000,0.0000,0.0000,0.0000,0.0000,0.0000,0.0000,0.0000,0.0000,0.0000,0.0000,0.0000,0.0000,0.0000,0.0000,0.0000,0.0000,0.0000,0.0000,0.0000,0.0000,0.0000,0.0000,0.0000,0.0000,0.0000,0.0000,0.0000,0.0000,0.0000,0.0000,0.0000,0.0000,0.0000,0.0000,0.0000,0.0000,0.0000,0.0000,0.0000,0.0000,0.0000,0.0000,0.0000,0.0000,0.0000,0.0000,0.0000,0.0000,0.0000,0.0000,0.0000,0.0000,0.0000,0.0000,0.0000,0.0000,0.0000,0.0000,0.0000,0.0000,0.0000,0.0000,0.0000,0.0000,0.0000,0.0000,0.0000,0.0000,0.0000,0.0000,0.0000,0.0000,0.0000,0.0000,0.0000,0.0000,0.0000,0.0000
45138.9583333,0.0000,0.0000,0.0000,0.0000,0.0000,0.0000,0.0000,0.0000,0.0000,0.0000,0.0000,0.0000,0.0000,0.0000,0.0000,0.0000,0.0000,0.0000,0.0000,0.0000,0.0000,0.0000,0.0000,0.0000,0.0000,0.0000,0.0000,0.0000,0.0000,0.0000,0.0000,0.0000,0.0000,0.0000,0.0000,0.0000,0.0000,0.0000,0.0000,0.0000,0.0000,0.0000,0.0000,0.0000,0.0000,0.0000,0.0000,0.0000,0.0000,0.0000,0.0000,0.0000,0.0000,0.0000,0.0000,0.0000,0.0000,0.0000,0.0000,0.0000,0.0000,0.0000,0.0000,0.0000,0.0000,0.0000,0.0000,0.0000,0.0000,0.0000,0.0000,0.0000,0.0000,0.0000,0.0000,0.0000,0.0000,0.0000,0.0000,0.0000,0.0000,0.0000,0.0000,0.0000,0.0000,0.0000,0.0000,0.0000,0.0000,0.0000,0.0000,0.0000,0.0000,0.0000,0.0000,0.0000,0.0000,0.0000,0.0000,0.0000,0.0000,0.0000,0.0000,0.0000,0.0000,0.0000,0.0000,0.0000,0.0000,0.0000,0.0000,0.0000,0.0000,0.0000,0.0000,0.0000,0.0000,0.0000,0.0000,0.0000,0.0000,0.0000,0.0000,0.0000,0.0000,0.0000,0.0000,0.0000,0.0000,0.0000,0.0000,0.0000,0.0000,0.0000,0.0000,0.0000,0.0000,0.0000,0.0000,0.0000,0.0000,0.0000,0.0000,0.0000,0.0000,0.0000,0.0000,0.0000,0.0000,0.0000,0.0000,0.0000,0.0000,0.0000,0.0000,0.0000,0.0000,0.0000,0.0000,0.0000,0.0000,0.0000,0.0000,0.0000,0.0000,0.0000,0.0000,0.0000,0.0000,0.0000,0.0000,0.0000,0.0000,0.0000,0.0000,0.0000,0.0000,0.0000,0.0000,0.0000,0.0000,0.0000,0.0000,0.0000,0.0000,0.0000,0.0000,0.0000,0.0000,0.0000,0.0000,0.0000,0.0000,0.0000,0.0000,0.0000,0.0000,0.0000,0.0000,0.0000,0.0000,0.0000,0.0000,0.0000,0.0000,0.0000,0.0000,0.0000,0.0000,0.0000,0.0000,0.0000,0.0000,0.0000,0.0000,0.0000,0.0000,0.0000,0.0000,0.0000,0.0000,0.0000,0.0000,0.0000,0.0000,0.0000,0.0000,0.0000,0.0000,0.0000,0.0000,0.0000,0.0000,0.0000,0.0000,0.0000
